0 0.559375 0.14722222222222223 0.10729166666666666 0.21851851851851853
0 0.290625 0.5194444444444445 0.13020833333333334 0.24074074074074073
0 0.70625 0.12129629629629629 0.13645833333333332 0.2351851851851852
0 0.2604166666666667 0.6527777777777778 0.09895833333333333 0.18518518518518517
0 0.7536458333333333 0.2222222222222222 0.115625 0.1925925925925926
0 0.403125 0.7185185185185186 0.115625 0.21666666666666667
0 0.8005208333333333 0.2916666666666667 0.12708333333333333 0.2111111111111111
0 0.24166666666666667 0.9120370370370371 0.1125 0.17592592592592593
0 0.049479166666666664 0.48703703703703705 0.09375 0.17037037037037037
0 0.23072916666666668 0.9425925925925925 0.115625 0.11481481481481481
0 0.38229166666666664 0.9305555555555556 0.11875 0.1388888888888889
0 0.9125 0.46944444444444444 0.13958333333333334 0.22777777777777777
0 0.7057291666666666 0.7870370370370371 0.109375 0.17592592592592593
0 0.8791666666666667 0.6037037037037037 0.09895833333333333 0.1648148148148148
0 0.06197916666666667 0.5962962962962963 0.12395833333333334 0.25555555555555554