0 0.3807291666666667 0.10462962962962963 0.103125 0.20925925925925926
0 0.3854166666666667 0.1935185185185185 0.103125 0.2111111111111111
0 0.13229166666666667 0.09074074074074075 0.12708333333333333 0.1814814814814815
0 0.10260416666666666 0.17685185185185184 0.11666666666666667 0.2074074074074074
0 0.35625 0.36944444444444446 0.13541666666666666 0.2740740740740741
0 0.1 0.25833333333333336 0.1375 0.23703703703703705
0 0.6046875 0.6722222222222223 0.08854166666666667 0.19074074074074074
0 0.6958333333333333 0.8046296296296296 0.08958333333333333 0.17407407407407408
0 0.4296875 0.6722222222222223 0.10104166666666667 0.2037037037037037
0 0.965625 0.4064814814814815 0.06875 0.22407407407407406
0 0.30885416666666665 0.812037037037037 0.15 0.2351851851851852