0 0.8265625 0.21851851851851853 0.1125 0.19814814814814816
0 0.5166666666666667 0.25833333333333336 0.051041666666666666 0.19444444444444445
0 0.1609375 0.3194444444444444 0.07916666666666666 0.17592592592592593
0 0.10625 0.4287037037037037 0.09479166666666666 0.17037037037037037
0 0.6703125 0.3638888888888889 0.1125 0.19074074074074074
0 0.9526041666666667 0.3453703703703704 0.08854166666666667 0.18333333333333332
0 0.09166666666666666 0.5351851851851852 0.08958333333333333 0.14444444444444443
0 0.6770833333333334 0.48333333333333334 0.1 0.1814814814814815
0 0.17239583333333333 0.612037037037037 0.09166666666666666 0.1685185185185185
0 0.6927083333333334 0.5731481481481482 0.11458333333333333 0.17777777777777778
0 0.3046875 0.6851851851851852 0.06979166666666667 0.15
0 0.27447916666666666 0.7222222222222222 0.06770833333333333 0.12777777777777777
0 0.24114583333333334 0.1037037037037037 0.065625 0.15185185185185185
0 0.45416666666666666 0.7712962962962963 0.075 0.15925925925925927
0 0.19270833333333334 0.8314814814814815 0.09166666666666666 0.17777777777777778
0 0.7234375 0.8490740740740741 0.11354166666666667 0.1425925925925926
0 0.4609375 0.9333333333333333 0.10104166666666667 0.13333333333333333
0 0.6546875 0.937962962962963 0.07708333333333334 0.09259259259259259
0 0.18541666666666667 0.16666666666666666 0.09479166666666666 0.18703703703703703
0 0.7822916666666667 0.10648148148148148 0.07916666666666666 0.17222222222222222