0 0.9255208333333333 0.28055555555555556 0.07916666666666666 0.21666666666666667
0 0.6291666666666667 0.2861111111111111 0.0875 0.20185185185185187
0 0.2890625 0.2898148148148148 0.07916666666666666 0.18703703703703703
0 0.7677083333333333 0.37037037037037035 0.09791666666666667 0.1537037037037037
0 0.21770833333333334 0.3768518518518518 0.06770833333333333 0.17037037037037037
0 0.033854166666666664 0.4546296296296296 0.06770833333333333 0.17592592592592593
0 0.775 0.537962962962963 0.08958333333333333 0.16666666666666666
0 0.1765625 0.049074074074074076 0.096875 0.09814814814814815
0 0.31302083333333336 0.5675925925925925 0.06770833333333333 0.1574074074074074
0 0.8010416666666667 0.6148148148148148 0.09375 0.12777777777777777
0 0.17604166666666668 0.5796296296296296 0.057291666666666664 0.0962962962962963
0 0.1578125 0.6351851851851852 0.08333333333333333 0.14074074074074075
0 0.0578125 0.7351851851851852 0.09895833333333333 0.17777777777777778
0 0.30104166666666665 0.7712962962962963 0.078125 0.1814814814814815
0 0.8333333333333334 0.8574074074074074 0.08333333333333333 0.14074074074074075
0 0.5557291666666667 0.9388888888888889 0.06770833333333333 0.12222222222222222
0 0.7619791666666667 0.9546296296296296 0.065625 0.09074074074074075
0 0.8677083333333333 0.1685185185185185 0.08229166666666667 0.20925925925925926
0 0.12395833333333334 0.14074074074074075 0.090625 0.22962962962962963