0 0.09947916666666666 0.08981481481481482 0.10729166666666666 0.17962962962962964
0 0.9333333333333333 0.4324074074074074 0.09791666666666667 0.19444444444444445
0 0.125 0.20462962962962963 0.11770833333333333 0.2111111111111111
0 0.946875 0.5370370370370371 0.10625 0.21481481481481482
0 0.740625 0.5342592592592592 0.10208333333333333 0.1814814814814815
0 0.06041666666666667 0.3453703703703704 0.11770833333333333 0.19814814814814816
0 0.9536458333333333 0.6527777777777778 0.08541666666666667 0.15
0 0.0734375 0.4981481481481482 0.10104166666666667 0.17407407407407408
0 0.9114583333333334 0.7675925925925926 0.13854166666666667 0.2074074074074074
0 0.740625 0.762962962962963 0.10625 0.17222222222222222
0 0.0578125 0.5944444444444444 0.11458333333333333 0.1962962962962963