0 0.5484375 0.1175925925925926 0.134375 0.2351851851851852
0 0.28541666666666665 0.562962962962963 0.13020833333333334 0.2351851851851852
0 0.42916666666666664 0.4361111111111111 0.12708333333333333 0.23333333333333334
0 0.665625 0.13240740740740742 0.13229166666666667 0.24074074074074073
0 0.47760416666666666 0.5231481481481481 0.109375 0.19814814814814816
0 0.20520833333333333 0.9296296296296296 0.1125 0.14074074074074075
0 0.53125 0.5370370370370371 0.10833333333333334 0.1962962962962963
0 0.39427083333333335 0.774074074074074 0.13541666666666666 0.24259259259259258
0 0.33697916666666666 0.1814814814814815 0.12708333333333333 0.2222222222222222
0 0.5911458333333334 0.6305555555555555 0.11770833333333333 0.21666666666666667
0 0.7541666666666667 0.4361111111111111 0.14895833333333333 0.2574074074074074
0 0.5380208333333333 0.812962962962963 0.134375 0.2462962962962963
0 0.628125 0.8148148148148148 0.14166666666666666 0.2462962962962963
0 0.590625 0.9398148148148148 0.09583333333333334 0.12037037037037036
0 0.2713541666666667 0.33425925925925926 0.13020833333333334 0.24074074074074073
0 0.48385416666666664 0.11574074074074074 0.14270833333333333 0.23148148148148148