0 0.17916666666666667 0.46574074074074073 0.07916666666666666 0.14814814814814814
0 0.8270833333333333 0.06296296296296296 0.1 0.1259259259259259
0 0.09427083333333333 0.6175925925925926 0.090625 0.16111111111111112
0 0.9026041666666667 0.08055555555555556 0.09270833333333334 0.16111111111111112
0 0.221875 0.5962962962962963 0.08333333333333333 0.15555555555555556
0 0.8510416666666667 0.1712962962962963 0.0875 0.1574074074074074
0 0.6661458333333333 0.34444444444444444 0.071875 0.13148148148148148
0 0.19375 0.7314814814814815 0.09583333333333334 0.1537037037037037
0 0.7734375 0.42407407407407405 0.09583333333333334 0.1574074074074074
0 0.9109375 0.3527777777777778 0.10729166666666666 0.1537037037037037
0 0.8541666666666666 0.43148148148148147 0.08541666666666667 0.14629629629629629
0 0.7203125 0.5731481481481482 0.09583333333333334 0.1537037037037037
0 0.03697916666666667 0.48518518518518516 0.07395833333333333 0.16296296296296298
0 0.12135416666666667 0.42314814814814816 0.084375 0.1648148148148148