0 0.06354166666666666 0.65 0.09479166666666666 0.17962962962962964
0 0.12864583333333332 0.5898148148148148 0.08125 0.1537037037037037
0 0.6671875 0.053703703703703705 0.121875 0.10740740740740741
0 0.2921875 0.4462962962962963 0.084375 0.15925925925925927
0 0.08802083333333334 0.762962962962963 0.11875 0.20555555555555555
0 0.20677083333333332 0.6398148148148148 0.08854166666666667 0.15925925925925927
0 0.06822916666666666 0.8490740740740741 0.08854166666666667 0.16111111111111112
0 0.353125 0.5425925925925926 0.096875 0.17962962962962964
0 0.7020833333333333 0.17962962962962964 0.09791666666666667 0.16666666666666666
0 0.12291666666666666 0.8518518518518519 0.10208333333333333 0.17777777777777778
0 0.321875 0.6703703703703704 0.08333333333333333 0.15
0 0.6197916666666666 0.33796296296296297 0.07916666666666666 0.14074074074074075
0 0.7859375 0.16666666666666666 0.11354166666666667 0.1962962962962963
0 0.5244791666666667 0.47962962962962963 0.09583333333333334 0.17962962962962964
0 0.1515625 0.9175925925925926 0.109375 0.1648148148148148
0 0.109375 0.9537037037037037 0.075 0.09259259259259259
0 0.778125 0.34629629629629627 0.08854166666666667 0.16111111111111112
0 0.621875 0.6537037037037037 0.075 0.14074074074074075
0 0.7671875 0.5009259259259259 0.1 0.17037037037037037
0 0.23125 0.4305555555555556 0.09166666666666666 0.17407407407407408