0 0.4713541666666667 0.23703703703703705 0.05520833333333333 0.12407407407407407
0 0.6546875 0.2111111111111111 0.06458333333333334 0.12777777777777777
0 0.39375 0.29907407407407405 0.07291666666666667 0.15
0 0.7963541666666667 0.20277777777777778 0.07708333333333334 0.13333333333333333
0 0.3421875 0.32222222222222224 0.04895833333333333 0.12407407407407407
0 0.703125 0.275 0.0625 0.12407407407407407
0 0.35833333333333334 0.375 0.06145833333333333 0.1259259259259259
0 0.5828125 0.3490740740740741 0.05416666666666667 0.12037037037037036
0 0.3854166666666667 0.40925925925925927 0.046875 0.11296296296296296
0 0.4484375 0.41203703703703703 0.0625 0.16296296296296298
0 0.8322916666666667 0.31574074074074077 0.09479166666666666 0.1425925925925926
0 0.2875 0.4527777777777778 0.06145833333333333 0.12777777777777777
0 0.1484375 0.49074074074074076 0.07083333333333333 0.13703703703703704
0 0.3734375 0.49537037037037035 0.05520833333333333 0.11296296296296296
0 0.7671875 0.40925925925925927 0.05520833333333333 0.11481481481481481
0 0.3458333333333333 0.5425925925925926 0.07291666666666667 0.13703703703703704
0 0.171875 0.6083333333333333 0.08229166666666667 0.12037037037037036
0 0.37447916666666664 0.5916666666666667 0.08541666666666667 0.13518518518518519
0 0.4515625 0.6324074074074074 0.059375 0.11666666666666667
0 0.6890625 0.5953703703703703 0.07708333333333334 0.0962962962962963
0 0.3796875 0.6805555555555556 0.06979166666666667 0.11666666666666667
0 0.11614583333333334 0.7925925925925926 0.096875 0.12037037037037036
0 0.33125 0.7444444444444445 0.08333333333333333 0.1037037037037037
0 0.69375 0.6574074074074074 0.07395833333333333 0.10185185185185185
0 0.26458333333333334 0.7953703703703704 0.06666666666666667 0.12962962962962962
0 0.5151041666666667 0.0824074074074074 0.07083333333333333 0.14814814814814814
0 0.45364583333333336 0.14722222222222223 0.04895833333333333 0.15185185185185185
0 0.6244791666666667 0.14444444444444443 0.05 0.11481481481481481