0 0.9557291666666666 0.5916666666666667 0.07916666666666666 0.1425925925925926
0 0.8338541666666667 0.5111111111111111 0.065625 0.13333333333333333
0 0.7828125 0.49907407407407406 0.08645833333333333 0.17037037037037037
0 0.8854166666666666 0.5814814814814815 0.09375 0.16296296296296298
0 0.17864583333333334 0.07777777777777778 0.103125 0.15555555555555556
0 0.31197916666666664 0.1814814814814815 0.08333333333333333 0.15
0 0.7979166666666667 0.5648148148148148 0.065625 0.12962962962962962
0 0.634375 0.4527777777777778 0.065625 0.13333333333333333
0 0.8088541666666667 0.6175925925925926 0.07916666666666666 0.14444444444444443
0 0.39114583333333336 0.34629629629629627 0.06666666666666667 0.12962962962962962
0 0.7463541666666667 0.6166666666666667 0.0875 0.1648148148148148
0 0.6317708333333333 0.5592592592592592 0.05625 0.13148148148148148
0 0.46510416666666665 0.5092592592592593 0.07708333333333334 0.15
0 0.8166666666666667 0.7824074074074074 0.11770833333333333 0.18518518518518517
0 0.2484375 0.3675925925925926 0.07291666666666667 0.12962962962962962
0 0.33489583333333334 0.44074074074074077 0.078125 0.1388888888888889
0 0.23385416666666667 0.4222222222222222 0.08125 0.1259259259259259
0 0.5026041666666666 0.662962962962963 0.08541666666666667 0.16111111111111112