0 0.9505208333333334 0.8425925925925926 0.09895833333333333 0.18518518518518517
0 0.8869791666666667 0.8074074074074075 0.08333333333333333 0.14629629629629629
0 0.8453125 0.7935185185185185 0.09375 0.16666666666666666
0 0.7234375 0.6287037037037037 0.09375 0.1648148148148148
0 0.7895833333333333 0.7435185185185185 0.10208333333333333 0.18333333333333332
0 0.8505208333333333 0.8648148148148148 0.10625 0.18888888888888888
0 0.2677083333333333 0.03148148148148148 0.08541666666666667 0.06296296296296296
0 0.40729166666666666 0.20462962962962963 0.08645833333333333 0.1574074074074074
0 0.7005208333333334 0.687962962962963 0.09791666666666667 0.17777777777777778
0 0.8708333333333333 0.9361111111111111 0.1 0.12777777777777777
0 0.5359375 0.48148148148148145 0.071875 0.13333333333333333
0 0.44375 0.3425925925925926 0.09166666666666666 0.16666666666666666
0 0.29270833333333335 0.1648148148148148 0.09583333333333334 0.1685185185185185
0 0.209375 0.10648148148148148 0.10104166666666667 0.17592592592592593
0 0.17604166666666668 0.15462962962962962 0.08645833333333333 0.15185185185185185