0 0.4661458333333333 0.2388888888888889 0.057291666666666664 0.1259259259259259
0 0.6489583333333333 0.20092592592592592 0.06666666666666667 0.12962962962962962
0 0.38958333333333334 0.30648148148148147 0.075 0.15185185185185185
0 0.7901041666666667 0.18425925925925926 0.07916666666666666 0.13703703703703704
0 0.3390625 0.33240740740740743 0.051041666666666666 0.1259259259259259
0 0.6984375 0.26296296296296295 0.06458333333333334 0.1259259259259259
0 0.35572916666666665 0.38333333333333336 0.06354166666666666 0.12962962962962962
0 0.5796875 0.34444444444444444 0.05625 0.12222222222222222
0 0.38385416666666666 0.41574074074074074 0.04895833333333333 0.11481481481481481
0 0.446875 0.4148148148148148 0.06458333333333334 0.1648148148148148
0 0.828125 0.2953703703703704 0.096875 0.14629629629629629
0 0.2864583333333333 0.4666666666666667 0.06354166666666666 0.13148148148148148
0 0.1484375 0.5120370370370371 0.07291666666666667 0.1388888888888889
0 0.3734375 0.5027777777777778 0.057291666666666664 0.11481481481481481
0 0.765625 0.3925925925925926 0.057291666666666664 0.11666666666666667
0 0.346875 0.5518518518518518 0.075 0.14074074074074075
0 0.17447916666666666 0.6287037037037037 0.084375 0.1259259259259259
0 0.3765625 0.6 0.0875 0.1388888888888889
0 0.45416666666666666 0.6351851851851852 0.06145833333333333 0.12037037037037036
0 0.690625 0.5842592592592593 0.078125 0.1
0 0.38333333333333336 0.687962962962963 0.071875 0.12037037037037036
0 0.121875 0.8157407407407408 0.09791666666666667 0.1259259259259259
0 0.3359375 0.7546296296296297 0.084375 0.10740740740740741
0 0.696875 0.6453703703703704 0.075 0.10555555555555556
0 0.2703125 0.8101851851851852 0.06875 0.13333333333333333
0 0.5072916666666667 0.08148148148148149 0.07291666666666667 0.15185185185185185
0 0.446875 0.15 0.052083333333333336 0.1537037037037037
0 0.6171875 0.13703703703703704 0.051041666666666666 0.11666666666666667