0 0.2713541666666667 0.2962962962962963 0.11770833333333333 0.38333333333333336
0 0.0421875 0.34074074074074073 0.084375 0.337037037037037
0 0.9328125 0.2462962962962963 0.12708333333333333 0.37407407407407406
0 0.8614583333333333 0.27870370370370373 0.15 0.37407407407407406
0 0.3140625 0.38796296296296295 0.12083333333333333 0.3037037037037037
0 0.6328125 0.3675925925925926 0.15 0.4185185185185185
0 0.8151041666666666 0.046296296296296294 0.046875 0.09259259259259259
0 0.08177083333333333 0.8444444444444444 0.146875 0.3111111111111111
0 0.7302083333333333 0.7824074074074074 0.21666666666666667 0.3925925925925926
0 0.8640625 0.8361111111111111 0.18541666666666667 0.2388888888888889
0 0.33177083333333335 0.17685185185185184 0.11979166666666667 0.31851851851851853