0 0.289 0.25933609958506226 0.09133333333333334 0.1483402489626556
0 0.45466666666666666 0.22769709543568464 0.07466666666666667 0.1690871369294606
0 0.6093333333333333 0.15715767634854771 0.086 0.15767634854771784
0 0.41133333333333333 0.3698132780082988 0.08266666666666667 0.18360995850622408
0 0.572 0.32676348547717843 0.08866666666666667 0.18049792531120332
0 0.5436666666666666 0.3900414937759336 0.06133333333333333 0.14315352697095435
0 0.754 0.34024896265560167 0.10266666666666667 0.19605809128630705
0 0.8143333333333334 0.32261410788381745 0.10866666666666666 0.18775933609958506
0 0.5026666666666667 0.5098547717842323 0.07533333333333334 0.15975103734439833
0 0.725 0.5145228215767634 0.078 0.1358921161825726
0 0.5656666666666667 0.6037344398340249 0.094 0.17634854771784234
0 0.358 0.7474066390041494 0.10733333333333334 0.1504149377593361
0 0.6726666666666666 0.6037344398340249 0.10466666666666667 0.1950207468879668
0 0.44466666666666665 0.7640041493775933 0.082 0.15975103734439833
0 0.5016666666666667 0.7375518672199171 0.09333333333333334 0.16804979253112035
0 0.37833333333333335 0.866701244813278 0.12 0.19294605809128632
0 0.7993333333333333 0.7074688796680498 0.078 0.10995850622406639