0 0.49633333333333335 0.09284232365145229 0.104 0.16390041493775934
0 0.6126666666666667 0.2800829875518672 0.09666666666666666 0.16804979253112035
0 0.7416666666666667 0.42946058091286304 0.102 0.16701244813278007
0 0.5133333333333333 0.3112033195020747 0.10666666666666667 0.18360995850622408
0 0.632 0.4854771784232365 0.11 0.18568464730290457
0 0.5826666666666667 0.487551867219917 0.08066666666666666 0.14107883817427386
0 0.735 0.7193983402489627 0.124 0.2053941908713693
0 0.7803333333333333 0.7842323651452282 0.126 0.20228215767634855
0 0.49666666666666665 0.5088174273858921 0.09533333333333334 0.16182572614107885
0 0.628 0.7883817427385892 0.09133333333333334 0.1462655601659751
0 0.48633333333333334 0.6441908713692946 0.11266666666666666 0.18568464730290457
0 0.28733333333333333 0.4725103734439834 0.116 0.17427385892116182
0 0.5506666666666666 0.7769709543568465 0.12533333333333332 0.2053941908713693
0 0.331 0.5897302904564315 0.1 0.16597510373443983
0 0.37933333333333336 0.6447095435684648 0.11 0.17946058091286307
0 0.23866666666666667 0.5695020746887967 0.136 0.21369294605809128
0 0.5736666666666667 0.9662863070539419 0.08466666666666667 0.06742738589211618