0 0.9026041666666667 0.674074074074074 0.04791666666666667 0.08333333333333333
0 0.44375 0.032407407407407406 0.05625 0.06481481481481481
0 0.8848958333333333 0.7083333333333334 0.04791666666666667 0.08148148148148149
0 0.8572916666666667 0.7 0.04791666666666667 0.08333333333333333
0 0.81875 0.712037037037037 0.05625 0.0962962962962963
0 0.9145833333333333 0.8861111111111111 0.06041666666666667 0.1
0 0.88125 0.8712962962962963 0.05416666666666667 0.09074074074074075
0 0.9078125 0.9324074074074075 0.06458333333333334 0.11296296296296296
0 0.175 0.025 0.041666666666666664 0.05
0 0.7848958333333333 0.9046296296296297 0.057291666666666664 0.0962962962962963
0 0.15364583333333334 0.023148148148148147 0.03854166666666667 0.046296296296296294
0 0.3671875 0.3453703703703704 0.034375 0.05925925925925926
0 0.6833333333333333 0.8861111111111111 0.052083333333333336 0.08888888888888889
0 0.7072916666666667 0.9222222222222223 0.04479166666666667 0.08148148148148149
0 0.6895833333333333 0.21296296296296297 0.040625 0.07407407407407407
0 0.2994791666666667 0.512962962962963 0.03854166666666667 0.06851851851851852
0 0.54375 0.8731481481481481 0.03333333333333333 0.05740740740740741
0 0.41510416666666666 0.6925925925925925 0.06145833333333333 0.11481481481481481
0 0.2453125 0.4722222222222222 0.03125 0.05555555555555555
0 0.44427083333333334 0.7592592592592593 0.046875 0.08333333333333333
0 0.12604166666666666 0.3194444444444444 0.052083333333333336 0.08703703703703704
0 0.5255208333333333 0.8972222222222223 0.035416666666666666 0.05925925925925926
0 0.20208333333333334 0.44351851851851853 0.05 0.08703703703703704
0 0.2942708333333333 0.5805555555555556 0.03958333333333333 0.07037037037037037
0 0.05572916666666667 0.25277777777777777 0.04895833333333333 0.07962962962962963
0 0.465625 0.8851851851851852 0.040625 0.06851851851851852
0 0.0421875 0.2759259259259259 0.052083333333333336 0.08518518518518518
0 0.5041666666666667 0.9629629629629629 0.04583333333333333 0.07407407407407407
0 0.06822916666666666 0.362962962962963 0.059375 0.09814814814814815
0 0.2598958333333333 0.7574074074074074 0.034375 0.06111111111111111
0 0.15885416666666666 0.6212962962962963 0.036458333333333336 0.06296296296296296
0 0.13385416666666666 0.5981481481481481 0.0375 0.06111111111111111