0 0.8552083333333333 0.19722222222222222 0.041666666666666664 0.05185185185185185
0 0.8536458333333333 0.2712962962962963 0.04583333333333333 0.04814814814814815
0 0.0171875 0.058333333333333334 0.034375 0.06111111111111111
0 0.8442708333333333 0.35 0.042708333333333334 0.06666666666666667
0 0.9348958333333334 0.35648148148148145 0.04479166666666667 0.05740740740740741
0 0.090625 0.40925925925925927 0.030208333333333334 0.040740740740740744
0 0.959375 0.3638888888888889 0.035416666666666666 0.05740740740740741
0 0.09427083333333333 0.4425925925925926 0.036458333333333336 0.04814814814814815
0 0.1 0.49074074074074076 0.03125 0.037037037037037035
0 0.0875 0.5157407407407407 0.03854166666666667 0.044444444444444446
0 0.5385416666666667 0.05092592592592592 0.022916666666666665 0.06851851851851852
0 0.8838541666666667 0.5277777777777778 0.04791666666666667 0.07037037037037037
0 0.3463541666666667 0.5768518518518518 0.036458333333333336 0.07037037037037037
0 0.9713541666666666 0.037037037037037035 0.03854166666666667 0.07407407407407407
0 0.8015625 0.6388888888888888 0.05625 0.05925925925925926
0 0.8838541666666667 0.6527777777777778 0.03333333333333333 0.037037037037037035
0 0.9697916666666667 0.6555555555555556 0.051041666666666666 0.053703703703703705
0 0.8958333333333334 0.6787037037037037 0.04791666666666667 0.03888888888888889
0 0.1625 0.7537037037037037 0.041666666666666664 0.04814814814814815
0 0.9098958333333333 0.7092592592592593 0.04375 0.044444444444444446
0 0.3859375 0.7546296296296297 0.03854166666666667 0.05185185185185185
0 0.32135416666666666 0.7685185185185185 0.029166666666666667 0.05740740740740741
0 0.1734375 0.0962962962962963 0.03958333333333333 0.07592592592592592
0 0.6901041666666666 0.7657407407407407 0.029166666666666667 0.03148148148148148
0 0.096875 0.8148148148148148 0.052083333333333336 0.03888888888888889
0 0.4984375 0.7925925925925926 0.030208333333333334 0.06111111111111111
0 0.27708333333333335 0.8092592592592592 0.03958333333333333 0.05925925925925926
0 0.4036458333333333 0.8157407407407408 0.0375 0.05740740740740741
0 0.5411458333333333 0.8101851851851852 0.035416666666666666 0.07592592592592592
0 0.690625 0.8083333333333333 0.028125 0.05
0 0.09635416666666667 0.8546296296296296 0.05520833333333333 0.037037037037037035
0 0.08489583333333334 0.11203703703703703 0.03854166666666667 0.05555555555555555
0 0.13958333333333334 0.8824074074074074 0.04895833333333333 0.05
0 0.6489583333333333 0.8712962962962963 0.030208333333333334 0.05925925925925926
0 0.6979166666666666 0.8925925925925926 0.035416666666666666 0.06666666666666667
0 0.3255208333333333 0.9777777777777777 0.03229166666666667 0.044444444444444446
0 0.8916666666666667 0.9490740740740741 0.03333333333333333 0.04814814814814815
0 0.2526041666666667 0.9814814814814815 0.03229166666666667 0.037037037037037035
0 0.265625 0.1675925925925926 0.03333333333333333 0.05740740740740741