0 0.01875 0.5787037037037037 0.0375 0.07222222222222222
0 0.271875 0.5064814814814815 0.046875 0.08518518518518518
0 0.7114583333333333 0.03796296296296296 0.052083333333333336 0.07592592592592592
0 0.8208333333333333 0.020370370370370372 0.04791666666666667 0.040740740740740744
0 0.7302083333333333 0.13518518518518519 0.04479166666666667 0.07962962962962963
0 0.7848958333333333 0.05648148148148148 0.053125 0.0962962962962963
0 0.7088541666666667 0.1814814814814815 0.05416666666666667 0.09444444444444444
0 0.8265625 0.17222222222222222 0.042708333333333334 0.07037037037037037
0 0.8463541666666666 0.17314814814814813 0.035416666666666666 0.05925925925925926
0 0.5640625 0.5814814814814815 0.04479166666666667 0.07777777777777778
0 0.5973958333333333 0.5342592592592592 0.046875 0.07962962962962963
0 0.8723958333333334 0.17037037037037037 0.051041666666666666 0.08518518518518518
0 0.6520833333333333 0.5203703703703704 0.046875 0.08333333333333333
0 0.40625 0.8851851851851852 0.05416666666666667 0.09259259259259259
0 0.4359375 0.9092592592592592 0.04479166666666667 0.07777777777777778
0 0.3890625 0.9694444444444444 0.046875 0.06111111111111111
0 0.6760416666666667 0.5824074074074074 0.04375 0.07592592592592592
0 0.646875 0.6416666666666667 0.028125 0.05185185185185185
0 0.48072916666666665 0.9879629629629629 0.04895833333333333 0.024074074074074074
0 0.9265625 0.3972222222222222 0.06041666666666667 0.09814814814814815
0 0.5432291666666667 0.9731481481481481 0.04895833333333333 0.053703703703703705
0 0.4010416666666667 0.125 0.03958333333333333 0.07222222222222222
0 0.16770833333333332 0.525 0.0625 0.1111111111111111