0 0.8166666666666667 0.046296296296296294 0.04583333333333333 0.06666666666666667
0 0.8239583333333333 0.08333333333333333 0.042708333333333334 0.05925925925925926
0 0.8083333333333333 0.12037037037037036 0.03854166666666667 0.05925925925925926
0 0.7947916666666667 0.18981481481481483 0.04791666666666667 0.08148148148148149
0 0.9239583333333333 0.14722222222222223 0.04375 0.05925925925925926
0 0.9046875 0.1787037037037037 0.05416666666666667 0.07222222222222222
0 0.940625 0.18703703703703703 0.05520833333333333 0.09074074074074075
0 0.06302083333333333 0.587037037037037 0.028125 0.046296296296296294
0 0.0796875 0.6194444444444445 0.046875 0.06481481481481481
0 0.0953125 0.6583333333333333 0.053125 0.046296296296296294
0 0.08177083333333333 0.6842592592592592 0.04895833333333333 0.06111111111111111
0 0.8630208333333333 0.3435185185185185 0.04583333333333333 0.07592592592592592
0 0.353125 0.6083333333333333 0.028125 0.06851851851851852
0 0.7838541666666666 0.4898148148148148 0.04583333333333333 0.05555555555555555
0 0.8125 0.4824074074074074 0.03958333333333333 0.05925925925925926
0 0.9734375 0.4203703703703704 0.053125 0.07777777777777778
0 0.48489583333333336 0.058333333333333334 0.027083333333333334 0.06666666666666667
0 0.9265625 0.47314814814814815 0.053125 0.06666666666666667
0 0.8901041666666667 0.4925925925925926 0.03958333333333333 0.046296296296296294
0 0.9223958333333333 0.5222222222222223 0.04375 0.05185185185185185
0 0.39427083333333335 0.7935185185185185 0.04895833333333333 0.06481481481481481
0 0.6963541666666667 0.6657407407407407 0.029166666666666667 0.044444444444444446
0 0.53125 0.7472222222222222 0.030208333333333334 0.06666666666666667
0 0.3338541666666667 0.8407407407407408 0.035416666666666666 0.05925925925925926
0 0.19583333333333333 0.9101851851851852 0.05625 0.08888888888888889
0 0.58125 0.7518518518518519 0.034375 0.06666666666666667
0 0.6979166666666666 0.7064814814814815 0.028125 0.046296296296296294
0 0.4109375 0.8342592592592593 0.04791666666666667 0.06666666666666667
0 0.3020833333333333 0.8870370370370371 0.053125 0.08148148148148149
0 0.12083333333333333 0.9731481481481481 0.05 0.053703703703703705
0 0.12864583333333332 0.9944444444444445 0.046875 0.011111111111111112
0 0.6635416666666667 0.787962962962963 0.036458333333333336 0.053703703703703705
0 0.7125 0.775 0.034375 0.053703703703703705
0 0.03177083333333333 0.2898148148148148 0.051041666666666666 0.08703703703703704
0 0.9161458333333333 0.7925925925925926 0.0625 0.08888888888888889
0 0.14322916666666666 0.24722222222222223 0.041666666666666664 0.07777777777777778
0 0.24322916666666666 0.2824074074074074 0.041666666666666664 0.08148148148148149