0 0.8541666666666666 0.1175925925925926 0.03958333333333333 0.06111111111111111
0 0.2682291666666667 0.22777777777777777 0.04583333333333333 0.07592592592592592
0 0.8552083333333333 0.1638888888888889 0.042708333333333334 0.05555555555555555
0 0.8322916666666667 0.1925925925925926 0.03958333333333333 0.06111111111111111
0 0.8098958333333334 0.2490740740740741 0.04895833333333333 0.06481481481481481
0 0.946875 0.2518518518518518 0.058333333333333334 0.05925925925925926
0 0.9171875 0.2833333333333333 0.05 0.05925925925925926
0 0.9598958333333333 0.29259259259259257 0.05416666666666667 0.08333333333333333
0 0.05260416666666667 0.48055555555555557 0.022916666666666665 0.03888888888888889
0 0.06041666666666667 0.524074074074074 0.0375 0.046296296296296294
0 0.07760416666666667 0.5666666666666667 0.03958333333333333 0.04259259259259259
0 0.8625 0.4287037037037037 0.051041666666666666 0.06481481481481481
0 0.06145833333333333 0.5916666666666667 0.035416666666666666 0.04259259259259259
0 0.34479166666666666 0.5583333333333333 0.028125 0.04259259259259259
0 0.7833333333333333 0.5416666666666666 0.04479166666666667 0.06296296296296296
0 0.8145833333333333 0.537962962962963 0.03229166666666667 0.06851851851851852
0 0.9625 0.5185185185185185 0.06354166666666666 0.053703703703703705
0 0.9255208333333333 0.5611111111111111 0.06458333333333334 0.053703703703703705
0 0.5197916666666667 0.058333333333333334 0.028125 0.06296296296296296
0 0.8734375 0.5879629629629629 0.053125 0.05555555555555555
0 0.9010416666666666 0.6101851851851852 0.036458333333333336 0.037037037037037035
0 0.9182291666666667 0.6314814814814815 0.04583333333333333 0.05
0 0.36354166666666665 0.7611111111111111 0.030208333333333334 0.05555555555555555
0 0.6791666666666667 0.7083333333333334 0.030208333333333334 0.03888888888888889
0 0.5166666666666667 0.7425925925925926 0.042708333333333334 0.09814814814814815
0 0.30885416666666665 0.8 0.023958333333333335 0.044444444444444446
0 0.5635416666666667 0.7537037037037037 0.03958333333333333 0.05925925925925926
0 0.16354166666666667 0.8425925925925926 0.046875 0.05555555555555555
0 0.6760416666666667 0.7490740740740741 0.03125 0.040740740740740744
0 0.26666666666666666 0.8342592592592593 0.041666666666666664 0.06296296296296296
0 0.38645833333333335 0.8157407407407408 0.03229166666666667 0.053703703703703705
0 0.0875 0.8833333333333333 0.046875 0.046296296296296294
0 0.6291666666666667 0.8157407407407408 0.034375 0.04814814814814815
0 0.0875 0.9166666666666666 0.051041666666666666 0.04814814814814815
0 0.6895833333333333 0.825 0.035416666666666666 0.06296296296296296
0 0.140625 0.9462962962962963 0.05625 0.05925925925925926
0 0.04635416666666667 0.17777777777777778 0.035416666666666666 0.07777777777777778
0 0.8895833333333333 0.8787037037037037 0.06041666666666667 0.06851851851851852
0 0.4322916666666667 0.9787037037037037 0.025 0.04259259259259259
0 0.3067708333333333 0.9953703703703703 0.030208333333333334 0.009259259259259259
0 0.16666666666666666 0.16111111111111112 0.035416666666666666 0.07777777777777778