0 0.159375 0.18703703703703703 0.03854166666666667 0.07592592592592592
0 0.8911458333333333 0.1685185185185185 0.04479166666666667 0.06666666666666667
0 0.7994791666666666 0.22037037037037038 0.041666666666666664 0.053703703703703705
0 0.18854166666666666 0.5333333333333333 0.036458333333333336 0.06111111111111111
0 0.2 0.5740740740740741 0.03958333333333333 0.06666666666666667
0 0.9354166666666667 0.20925925925925926 0.05 0.07222222222222222
0 0.20364583333333333 0.6296296296296297 0.053125 0.07037037037037037
0 0.1921875 0.6574074074074074 0.04583333333333333 0.05925925925925926
0 0.0546875 0.262037037037037 0.053125 0.08333333333333333
0 0.865625 0.3351851851851852 0.040625 0.07037037037037037
0 0.9505208333333334 0.31296296296296294 0.04583333333333333 0.05925925925925926
0 0.9026041666666667 0.36203703703703705 0.059375 0.07222222222222222
0 0.9635416666666666 0.3314814814814815 0.05 0.05740740740740741
0 0.08645833333333333 0.862037037037037 0.05416666666666667 0.05925925925925926
0 0.0953125 0.8898148148148148 0.04375 0.05925925925925926
0 0.23125 0.8287037037037037 0.04791666666666667 0.06851851851851852
0 0.38177083333333334 0.7759259259259259 0.036458333333333336 0.08148148148148149
0 0.9135416666666667 0.5481481481481482 0.028125 0.046296296296296294
0 0.9645833333333333 0.5231481481481481 0.05520833333333333 0.08703703703703704
0 0.41302083333333334 0.8148148148148148 0.03958333333333333 0.06111111111111111
0 0.2171875 0.9231481481481482 0.0375 0.05185185185185185
0 0.9244791666666666 0.5712962962962963 0.04583333333333333 0.044444444444444446
0 0.45 0.8435185185185186 0.03333333333333333 0.046296296296296294
0 0.7447916666666666 0.6962962962962963 0.0375 0.05740740740740741
0 0.9276041666666667 0.6101851851851852 0.051041666666666666 0.06296296296296296
0 0.22083333333333333 0.9731481481481481 0.04375 0.053703703703703705
0 0.5395833333333333 0.8305555555555556 0.040625 0.06666666666666667
0 0.2734375 0.9666666666666667 0.04479166666666667 0.06666666666666667
0 0.846875 0.6861111111111111 0.046875 0.07222222222222222
0 0.4119791666666667 0.9453703703703704 0.036458333333333336 0.06111111111111111
0 0.5572916666666666 0.8898148148148148 0.040625 0.07222222222222222
0 0.13489583333333333 0.2814814814814815 0.04895833333333333 0.08333333333333333
0 0.8458333333333333 0.014814814814814815 0.04583333333333333 0.02962962962962963