0 0.9098958333333333 0.23796296296296296 0.11770833333333333 0.22407407407407406
0 0.10364583333333334 0.1648148148148148 0.1375 0.20555555555555555
0 0.9708333333333333 0.287962962962963 0.058333333333333334 0.20555555555555555
0 0.35260416666666666 0.2611111111111111 0.075 0.2037037037037037
0 0.25104166666666666 0.2611111111111111 0.07916666666666666 0.19074074074074074
0 0.6067708333333334 0.32037037037037036 0.065625 0.21296296296296297
0 0.76875 0.3685185185185185 0.065625 0.18888888888888888
0 0.7125 0.3888888888888889 0.08229166666666667 0.20925925925925926
0 0.55625 0.43425925925925923 0.1 0.22962962962962963
0 0.8984375 0.49907407407407406 0.13125 0.21296296296296297
0 0.7260416666666667 0.5435185185185185 0.09791666666666667 0.1685185185185185
0 0.8760416666666667 0.8435185185185186 0.11145833333333334 0.2
0 0.48802083333333335 0.08703703703703704 0.07604166666666666 0.17407407407407408
0 0.8677083333333333 0.13425925925925927 0.09479166666666666 0.19444444444444445
0 0.3614583333333333 0.1037037037037037 0.06666666666666667 0.2074074074074074
0 0.30052083333333335 0.10648148148148148 0.084375 0.21296296296296297
0 0.8421875 0.19444444444444445 0.09479166666666666 0.2111111111111111
0 0.22708333333333333 0.15833333333333333 0.109375 0.2222222222222222