0 0.06822916666666666 0.3388888888888889 0.13229166666666667 0.2462962962962963
0 0.5239583333333333 0.18518518518518517 0.06770833333333333 0.2074074074074074
0 0.146875 0.3277777777777778 0.08333333333333333 0.25555555555555554
0 0.5869791666666667 0.18333333333333332 0.08541666666666667 0.21481481481481482
0 0.8296875 0.10092592592592593 0.084375 0.16296296296296298
0 0.44635416666666666 0.26666666666666666 0.07708333333333334 0.24074074074074073
0 0.2265625 0.3509259259259259 0.08229166666666667 0.1814814814814815
0 0.3223958333333333 0.33611111111111114 0.08333333333333333 0.22962962962962963
0 0.8515625 0.15925925925925927 0.115625 0.2611111111111111
0 0.6973958333333333 0.2175925925925926 0.1 0.19074074074074074
0 0.809375 0.23703703703703705 0.13020833333333334 0.24259259259259258
0 0.7786458333333334 0.28055555555555556 0.12291666666666666 0.20555555555555555
0 0.6989583333333333 0.31666666666666665 0.084375 0.20925925925925926
0 0.5890625 0.38981481481481484 0.078125 0.18888888888888888
0 0.721875 0.45 0.10104166666666667 0.1925925925925926
0 0.6536458333333334 0.762962962962963 0.08854166666666667 0.2388888888888889
0 0.9109375 0.675 0.12291666666666666 0.2037037037037037
0 0.43125 0.10092592592592593 0.075 0.18703703703703703
0 0.3541666666666667 0.1388888888888889 0.07916666666666666 0.20925925925925926
0 0.53125 0.08518518518518518 0.06458333333333334 0.17037037037037037
0 0.25052083333333336 0.20185185185185187 0.08541666666666667 0.19814814814814816
0 0.8776041666666666 0.044444444444444446 0.071875 0.08888888888888889
0 0.31302083333333336 0.18981481481481483 0.08541666666666667 0.24814814814814815
0 0.5859375 0.10462962962962963 0.07604166666666666 0.19444444444444445
0 0.4875 0.17222222222222222 0.0625 0.2111111111111111
0 0.19375 0.27870370370370373 0.08229166666666667 0.21481481481481482