0 0.6239583333333333 0.2657407407407407 0.084375 0.21666666666666667
0 0.8869791666666667 0.5138888888888888 0.13125 0.21851851851851853
0 0.9619791666666667 0.5953703703703703 0.07604166666666666 0.2351851851851852
0 0.553125 0.24722222222222223 0.09583333333333334 0.22777777777777777
0 0.678125 0.3527777777777778 0.11666666666666667 0.24444444444444444
0 0.31354166666666666 0.09444444444444444 0.11458333333333333 0.18888888888888888
0 0.7739583333333333 0.4740740740740741 0.10416666666666667 0.18703703703703703
0 0.41354166666666664 0.1814814814814815 0.10104166666666667 0.2222222222222222
0 0.24635416666666668 0.08981481481481482 0.134375 0.17962962962962964
0 0.3546875 0.17314814814814813 0.10104166666666667 0.2
0 0.90625 0.6546296296296297 0.14270833333333333 0.2574074074074074
0 0.7921875 0.5861111111111111 0.11666666666666667 0.22407407407407406
0 0.7270833333333333 0.5481481481481482 0.10833333333333334 0.22037037037037038
0 0.5239583333333333 0.39351851851851855 0.11354166666666667 0.24444444444444444
0 0.4739583333333333 0.35833333333333334 0.065625 0.1425925925925926
0 0.13177083333333334 0.10555555555555556 0.128125 0.2111111111111111
0 0.2791666666666667 0.22685185185185186 0.11979166666666667 0.24074074074074073
0 0.23020833333333332 0.22777777777777777 0.11145833333333334 0.2222222222222222
0 0.8328125 0.7833333333333333 0.14375 0.23333333333333334
0 0.7026041666666667 0.6935185185185185 0.11979166666666667 0.20555555555555555
0 0.7802083333333333 0.9722222222222222 0.14166666666666666 0.05555555555555555
0 0.42916666666666664 0.8018518518518518 0.13020833333333334 0.25925925925925924
0 0.8223958333333333 0.3194444444444444 0.115625 0.22962962962962963
0 0.9760416666666667 0.48055555555555557 0.04791666666666667 0.2388888888888889
0 0.5390625 0.11203703703703703 0.10520833333333333 0.22407407407407406
0 0.6557291666666667 0.2064814814814815 0.07604166666666666 0.16296296296296298
0 0.7145833333333333 0.2638888888888889 0.078125 0.1537037037037037
0 0.45416666666666666 0.0824074074074074 0.09791666666666667 0.1648148148148148
0 0.371875 0.05555555555555555 0.10208333333333333 0.1111111111111111
0 0.9307291666666667 0.4638888888888889 0.090625 0.1388888888888889
0 0.5942708333333333 0.21666666666666667 0.09270833333333334 0.2222222222222222