0 0.5432291666666667 0.10185185185185185 0.11145833333333334 0.2037037037037037
0 0.07395833333333333 0.6175925925925926 0.14791666666666667 0.2796296296296296
0 0.5067708333333333 0.15185185185185185 0.13958333333333334 0.2574074074074074
0 0.6942708333333333 0.05185185185185185 0.13645833333333332 0.1037037037037037
0 0.2109375 0.5444444444444444 0.11145833333333334 0.21481481481481482
0 0.29635416666666664 0.4759259259259259 0.12395833333333334 0.24259259259259258
0 0.7052083333333333 0.32037037037037036 0.11770833333333333 0.2037037037037037
0 0.6505208333333333 0.562962962962963 0.09791666666666667 0.15555555555555556
0 0.9140625 0.412962962962963 0.14583333333333334 0.25
0 0.3515625 0.17222222222222222 0.10208333333333333 0.2
0 0.7072916666666667 0.6731481481481482 0.14166666666666666 0.28703703703703703
0 0.2515625 0.30185185185185187 0.12291666666666666 0.24444444444444444
0 0.203125 0.3907407407407407 0.10833333333333334 0.2111111111111111
0 0.1484375 0.48518518518518516 0.12083333333333333 0.22592592592592592