0 0.08489583333333334 0.3907407407407407 0.07916666666666666 0.18703703703703703
0 0.03854166666666667 0.5148148148148148 0.07708333333333334 0.1962962962962963
0 0.8442708333333333 0.16111111111111112 0.09479166666666666 0.2037037037037037
0 0.4395833333333333 0.3675925925925926 0.09166666666666666 0.25555555555555554
0 0.6578125 0.5138888888888888 0.12604166666666666 0.28703703703703703
0 0.4947916666666667 0.05740740740740741 0.058333333333333334 0.11481481481481481
0 0.0625 0.837037037037037 0.08125 0.20185185185185187
0 0.7083333333333334 0.016666666666666666 0.08125 0.03333333333333333
0 0.28489583333333335 0.8268518518518518 0.11979166666666667 0.2
0 0.5557291666666667 0.7231481481481481 0.07916666666666666 0.18703703703703703
0 0.8223958333333333 0.6222222222222222 0.10520833333333333 0.21666666666666667