0 0.0359375 0.4783427495291902 0.03333333333333333 0.07344632768361582
0 0.6989583333333333 0.06685499058380415 0.05625 0.1111111111111111
0 0.740625 0.09416195856873823 0.04479166666666667 0.10357815442561205
0 0.8489583333333334 0.03672316384180791 0.0375 0.07344632768361582
0 0.14583333333333334 0.4774011299435028 0.041666666666666664 0.096045197740113
0 0.1703125 0.4896421845574388 0.052083333333333336 0.11299435028248588
0 0.8458333333333333 0.07062146892655367 0.05 0.11864406779661017
0 0.37604166666666666 0.3935969868173258 0.046875 0.09416195856873823
0 0.5348958333333333 0.3116760828625235 0.040625 0.08851224105461393
0 0.4005208333333333 0.4030131826741996 0.041666666666666664 0.1016949152542373
0 0.4875 0.3644067796610169 0.04375 0.09416195856873823
0 0.76875 0.21563088512241055 0.040625 0.09227871939736347
0 0.5369791666666667 0.3785310734463277 0.03333333333333333 0.096045197740113
0 0.8791666666666667 0.16854990583804144 0.042708333333333334 0.08097928436911488
0 0.9145833333333333 0.14689265536723164 0.03958333333333333 0.0847457627118644
0 0.5567708333333333 0.3738229755178908 0.034375 0.07532956685499058
0 0.5755208333333334 0.3709981167608286 0.03229166666666667 0.07721280602636535
0 0.7458333333333333 0.2702448210922787 0.05 0.10922787193973635
0 0.696875 0.3145009416195857 0.046875 0.10357815442561205
0 0.8911458333333333 0.20903954802259886 0.04479166666666667 0.1016949152542373
0 0.7765625 0.2843691148775895 0.034375 0.07721280602636535
0 0.07708333333333334 0.731638418079096 0.04791666666666667 0.09792843691148775
0 0.5682291666666667 0.5056497175141242 0.042708333333333334 0.09792843691148775
0 0.9677083333333333 0.2608286252354049 0.040625 0.09227871939736347
0 0.9359375 0.2843691148775895 0.04895833333333333 0.10546139359698682
0 0.5296875 0.5433145009416196 0.05520833333333333 0.1111111111111111
0 0.7135416666666666 0.4406779661016949 0.052083333333333336 0.09981167608286252
0 0.6010416666666667 0.5235404896421846 0.03854166666666667 0.0903954802259887
0 0.8421875 0.3813559322033898 0.019791666666666666 0.060263653483992465
0 0.7432291666666667 0.4604519774011299 0.05 0.1016949152542373
0 0.6270833333333333 0.5480225988700564 0.042708333333333334 0.10734463276836158
0 0.5119791666666667 0.04048964218455744 0.051041666666666666 0.08097928436911488
0 0.8276041666666667 0.4312617702448211 0.04791666666666667 0.10357815442561205
0 0.10416666666666667 0.8898305084745762 0.04375 0.08851224105461393
0 0.11927083333333334 0.9397363465160076 0.057291666666666664 0.10734463276836158
0 0.73125 0.596045197740113 0.046875 0.10357815442561205
0 0.7666666666666667 0.6026365348399246 0.04791666666666667 0.09416195856873823
0 0.7520833333333333 0.7109227871939736 0.046875 0.09416195856873823
0 0.48125 0.0743879472693032 0.05520833333333333 0.1224105461393597
0 0.35885416666666664 0.9698681732580038 0.042708333333333334 0.060263653483992465
0 0.8536458333333333 0.699623352165725 0.040625 0.08851224105461393
0 0.24270833333333333 0.22693032015065914 0.04375 0.096045197740113
0 0.37864583333333335 0.9868173258003766 0.046875 0.026365348399246705
0 0.8822916666666667 0.7269303201506592 0.03958333333333333 0.08097928436911488
0 0.7953125 0.7984934086629002 0.06354166666666666 0.1111111111111111
0 0.20416666666666666 0.2655367231638418 0.04791666666666667 0.1224105461393597
0 0.23229166666666667 0.2730696798493409 0.040625 0.08851224105461393
0 0.011458333333333333 0.4538606403013183 0.022916666666666665 0.128060263653484
0 0.2625 0.2994350282485876 0.04791666666666667 0.10734463276836158
0 0.7270833333333333 0.035781544256120526 0.05416666666666667 0.07156308851224105