0 0.6229594523433386 0.5953703703703703 0.02422327540810953 0.05740740740740741
0 0.4099526066350711 0.5949074074074074 0.022116903633491312 0.06296296296296296
0 0.466824644549763 0.5814814814814815 0.021063717746182202 0.05185185185185185
0 0.3138493944181148 0.46296296296296297 0.01474460242232754 0.06666666666666667
0 0.25618746708794105 0.4074074074074074 0.019483938915218536 0.06296296296296296
0 0.16692996313849395 0.32407407407407407 0.01579778830963665 0.05185185185185185
0 0.20879410215903108 0.924537037037037 0.036334913112164295 0.06944444444444445
0 0.45339652448657186 0.8342592592592593 0.01790416008425487 0.06666666666666667
0 0.8088467614533965 0.7199074074074074 0.02632964718272775 0.06759259259259259
0 0.5826750921537651 0.3111111111111111 0.016324381253291206 0.06296296296296296
0 0.6945760926803581 0.3125 0.01263823064770932 0.05462962962962963
0 0.7293312269615587 0.3199074074074074 0.010531858873091101 0.05092592592592592
0 0.7630331753554502 0.324537037037037 0.010531858873091101 0.05277777777777778
0 0.7772511848341233 0.31666666666666665 0.00737230121116377 0.040740740740740744
0 0.7730384412848867 0.2847222222222222 0.010531858873091101 0.03611111111111111
0 0.34228541337546076 0.3023148148148148 0.01685097419694576 0.03611111111111111
0 0.32359136387572407 0.43194444444444446 0.014218009478672985 0.05092592592592592
0 0.3399157451290153 0.4166666666666667 0.008952080042127435 0.03333333333333333
0 0.0750394944707741 0.7337962962962963 0.019483938915218536 0.03611111111111111
0 0.8070036861506056 0.07361111111111111 0.011058451816745656 0.026851851851851852
0 0.6187467087941022 0.034722222222222224 0.010531858873091101 0.026851851851851852