0 0.630858346498157 0.44583333333333336 0.03896787783043707 0.0712962962962963
0 0.46050552922590837 0.6712962962962963 0.03896787783043707 0.07407407407407407
0 0.5013164823591364 0.6 0.03475513428120063 0.06388888888888888
0 0.3385992627698789 0.6675925925925926 0.03475513428120063 0.06851851851851852
0 0.27356503422854134 0.6842592592592592 0.03686150605581885 0.0712962962962963
0 0.17377567140600317 0.712037037037037 0.030542390731964193 0.058333333333333334
0 0.5771458662453923 0.8162037037037037 0.03686150605581885 0.07222222222222222
0 0.8220115850447604 0.3486111111111111 0.044233807266982623 0.08148148148148149
0 0.5013164823591364 0.26157407407407407 0.03475513428120063 0.06759259259259259
0 0.591100579252238 0.14444444444444443 0.028962611901000527 0.05740740740740741
0 0.6216429699842022 0.11342592592592593 0.025803054239073198 0.05185185185185185
0 0.6500789889415481 0.08148148148148149 0.02632964718272775 0.053703703703703705
0 0.6587677725118484 0.06018518518518518 0.020010531858873092 0.040740740740740744
0 0.644286466561348 0.03935185185185185 0.020537124802527645 0.03981481481481482
0 0.30647709320695105 0.5087962962962963 0.025803054239073198 0.046296296296296294
0 0.33570300157977884 0.6324074074074074 0.028962611901000527 0.05555555555555555
0 0.34360189573459715 0.6027777777777777 0.018430753027909426 0.03611111111111111
0 0.4352290679304897 0.009259259259259259 0.017377567140600316 0.018518518518518517