0 0.6929963138493944 0.4615740740740741 0.01474460242232754 0.04722222222222222
0 0.5563454449710374 0.5226851851851851 0.012111637704054766 0.03888888888888889
0 0.10373880989994734 0.8273148148148148 0.026856240126382307 0.06481481481481481
0 0.49368088467614535 0.25972222222222224 0.01263823064770932 0.044444444444444446
0 0.6066350710900474 0.4615740740740741 0.011058451816745656 0.04351851851851852
0 0.5913638757240653 0.46435185185185185 0.018957345971563982 0.05277777777777778
0 0.32727751448130593 0.525 0.01685097419694576 0.05462962962962963
0 0.47525013164823593 0.3486111111111111 0.020537124802527645 0.06759259259259259
0 0.4291732490784623 0.3509259259259259 0.01474460242232754 0.06111111111111111
0 0.421274354923644 0.32685185185185184 0.00737230121116377 0.053703703703703705
0 0.31569246972090576 0.36435185185185187 0.012111637704054766 0.05462962962962963
0 0.3307003686150606 0.3449074074074074 0.01158504476040021 0.04537037037037037
0 0.12453923117430227 0.35648148148148145 0.014218009478672985 0.053703703703703705
0 0.13164823591363875 0.3458333333333333 0.01263823064770932 0.04722222222222222
0 0.03291205897840969 0.35138888888888886 0.013164823591363875 0.03425925925925926
0 0.006582411795681938 0.39305555555555555 0.013164823591363875 0.04351851851851852
0 0.2014218009478673 0.7287037037037037 0.021590310689836755 0.06296296296296296
0 0.09978936282253818 0.787962962962963 0.025803054239073198 0.04259259259259259
0 0.5776724591890469 0.5305555555555556 0.01474460242232754 0.06666666666666667
0 0.6276987888362296 0.45555555555555555 0.01369141653501843 0.06481481481481481
0 0.6374407582938388 0.4981481481481482 0.016324381253291206 0.06296296296296296
0 0.6729857819905213 0.5138888888888888 0.020010531858873092 0.06111111111111111
0 0.6658767772511849 0.4412037037037037 0.019483938915218536 0.05648148148148148
0 0.7790942601369142 0.29907407407407405 0.010005265929436546 0.053703703703703705
0 0.34913112164297 0.575925925925926 0.018957345971563982 0.06851851851851852
0 0.3467614533965245 0.5259259259259259 0.018430753027909426 0.053703703703703705