0 0.5273828330700369 0.5351851851851852 0.04160084254870985 0.08796296296296297
0 0.41390205371248023 0.4513888888888889 0.03475513428120063 0.07407407407407407
0 0.38730911005792523 0.45787037037037037 0.028962611901000527 0.07037037037037037
0 0.3522906793048973 0.46944444444444444 0.03528172722485519 0.07222222222222222
0 0.6342812006319115 0.3476851851851852 0.0315955766192733 0.06851851851851852
0 0.5879410215903107 0.5990740740740741 0.032122169562927856 0.06296296296296296
0 0.4352290679304897 0.7273148148148149 0.03528172722485519 0.07222222222222222
0 0.3844128488678252 0.6550925925925926 0.02632964718272775 0.06111111111111111
0 0.29120589784096895 0.9837962962962963 0.044233807266982623 0.032407407407407406
0 0.31332280147446023 0.9328703703703703 0.03896787783043707 0.07592592592592592
0 0.681147972617167 0.1699074074074074 0.021063717746182202 0.05277777777777778
0 0.14139020537124802 0.6578703703703703 0.0315955766192733 0.062037037037037036
0 0.426013691416535 0.6893518518518519 0.02738283307003686 0.05648148148148148