0 0.6872037914691943 0.5916666666666667 0.023696682464454975 0.053703703703703705
0 0.54739336492891 0.5583333333333333 0.019483938915218536 0.044444444444444446
0 0.06292785676671933 0.5425925925925926 0.03896787783043707 0.07777777777777778
0 0.5452869931542917 0.27314814814814814 0.021063717746182202 0.049074074074074076
0 0.607161664033702 0.5347222222222222 0.019483938915218536 0.04722222222222222
0 0.5924170616113744 0.5273148148148148 0.028962611901000527 0.06111111111111111
0 0.3346498156924697 0.40925925925925927 0.02738283307003686 0.062037037037037036
0 0.5092153765139548 0.3435185185185185 0.03370194839389152 0.07592592592592592
0 0.4660347551342812 0.31527777777777777 0.026856240126382307 0.06666666666666667
0 0.46392838335966297 0.2875 0.018430753027909426 0.05462962962962963
0 0.35808320168509744 0.25277777777777777 0.022643496577145865 0.058333333333333334
0 0.37598736176935227 0.2449074074074074 0.020537124802527645 0.05
0 0.18246445497630331 0.11944444444444445 0.024749868351764088 0.05925925925925926
0 0.19141653501843076 0.11435185185185186 0.021590310689836755 0.05185185185185185
0 0.09847288046340179 0.05462962962962963 0.019483938915218536 0.040740740740740744
0 0.06529752501316483 0.07592592592592592 0.021590310689836755 0.049074074074074076
0 0.174565560821485 0.5152777777777777 0.03317535545023697 0.07222222222222222
0 0.06766719325961032 0.5032407407407408 0.03317535545023697 0.05648148148148148
0 0.5655608214849921 0.5796296296296296 0.027909426013691417 0.0712962962962963
0 0.6279620853080569 0.5430555555555555 0.02632964718272775 0.06944444444444445
0 0.6276987888362296 0.5888888888888889 0.02843601895734597 0.06944444444444445
0 0.657451290152712 0.6268518518518519 0.0315955766192733 0.06944444444444445
0 0.6664033701948394 0.5546296296296296 0.030015797788309637 0.06481481481481481
0 0.8014744602422328 0.4976851851851852 0.020537124802527645 0.05648148148148148
0 0.3438651922064244 0.4708333333333333 0.032122169562927856 0.07592592592592592
0 0.3522906793048973 0.42314814814814816 0.02843601895734597 0.062037037037037036