0 0.707421875 0.8027777777777778 0.075 0.26944444444444443
0 0.805078125 0.6770833333333334 0.04921875 0.2
0 0.388671875 0.7875 0.04140625 0.24444444444444444
0 0.955859375 0.8777777777777778 0.05078125 0.1875
0 0.771484375 0.6513888888888889 0.03046875 0.20416666666666666
0 0.751953125 0.6298611111111111 0.0203125 0.05555555555555555
0 0.73828125 0.6972222222222222 0.03671875 0.10972222222222222
0 0.684375 0.6569444444444444 0.03203125 0.08194444444444444
0 0.65703125 0.7416666666666667 0.034375 0.19583333333333333
0 0.639453125 0.8368055555555556 0.0453125 0.14305555555555555
0 0.620703125 0.9229166666666667 0.071875 0.15416666666666667
0 0.594921875 0.6041666666666666 0.034375 0.16944444444444445
0 0.563671875 0.6034722222222222 0.03125 0.14722222222222223
0 0.534375 0.5618055555555556 0.015625 0.05
0 0.520703125 0.6486111111111111 0.02421875 0.19166666666666668
0 0.490234375 0.6555555555555556 0.034375 0.21388888888888888
0 0.4609375 0.6152777777777778 0.02734375 0.1763888888888889
0 0.452734375 0.4847222222222222 0.025 0.10694444444444444
0 0.48984375 0.5090277777777777 0.021875 0.07916666666666666
0 0.387890625 0.4875 0.02578125 0.12638888888888888
0 0.419140625 0.5680555555555555 0.03125 0.075
0 0.344140625 0.8520833333333333 0.07109375 0.24861111111111112
0 0.323046875 0.6694444444444444 0.0515625 0.13194444444444445
0 0.26640625 0.71875 0.04609375 0.25833333333333336
0 0.25234375 0.5395833333333333 0.0390625 0.09722222222222222
0 0.216015625 0.6208333333333333 0.03671875 0.1763888888888889
0 0.173828125 0.6569444444444444 0.03359375 0.1986111111111111
0 0.1296875 0.7201388888888889 0.04921875 0.1388888888888889
0 0.098046875 0.6215277777777778 0.02421875 0.09583333333333334
0 0.12578125 0.5909722222222222 0.03359375 0.125
0 0.158984375 0.5152777777777777 0.028125 0.09027777777777778
0 0.12734375 0.5055555555555555 0.01875 0.06388888888888888
0 0.110546875 0.5055555555555555 0.015625 0.06111111111111111
0 0.11328125 0.45069444444444445 0.01953125 0.04722222222222222
0 0.138671875 0.4527777777777778 0.0203125 0.03888888888888889
0 0.158984375 0.41041666666666665 0.01796875 0.08055555555555556
0 0.216015625 0.40694444444444444 0.0140625 0.08194444444444444
0 0.19921875 0.3875 0.0140625 0.07777777777777778
0 0.180859375 0.3902777777777778 0.01328125 0.07222222222222222
0 0.169140625 0.3638888888888889 0.01015625 0.05694444444444444
0 0.158984375 0.3527777777777778 0.009375 0.03888888888888889
0 0.144921875 0.36041666666666666 0.009375 0.06111111111111111
0 0.13359375 0.36319444444444443 0.0109375 0.058333333333333334
0 0.092578125 0.3923611111111111 0.01171875 0.06805555555555555
0 0.180859375 0.3458333333333333 0.0078125 0.020833333333333332
0 0.189453125 0.34097222222222223 0.009375 0.05
0 0.212109375 0.34652777777777777 0.01015625 0.04861111111111111
0 0.08046875 0.42083333333333334 0.01328125 0.08611111111111111
0 0.21015625 0.51875 0.01796875 0.030555555555555555