0 0.5765625 0.9034722222222222 0.146875 0.19305555555555556
0 0.697265625 0.9208333333333333 0.10390625 0.15833333333333333
0 0.3171875 0.6277777777777778 0.1109375 0.24444444444444444
0 0.67734375 0.8951388888888889 0.08984375 0.2
0 0.66796875 0.8583333333333333 0.034375 0.06666666666666667
0 0.635546875 0.9006944444444445 0.06484375 0.12777777777777777
0 0.603515625 0.8131944444444444 0.05234375 0.1
0 0.554296875 0.85625 0.08984375 0.19583333333333333
0 0.509765625 0.9180555555555555 0.0828125 0.1638888888888889
0 0.4671875 0.9354166666666667 0.1078125 0.12916666666666668
0 0.54609375 0.6805555555555556 0.08203125 0.175
0 0.5203125 0.6493055555555556 0.071875 0.1527777777777778
0 0.508984375 0.5854166666666667 0.02890625 0.05694444444444444
0 0.4703125 0.64375 0.08046875 0.18333333333333332
0 0.44296875 0.6194444444444445 0.09609375 0.2111111111111111
0 0.43125 0.5569444444444445 0.078125 0.1736111111111111
0 0.465625 0.44027777777777777 0.0546875 0.11388888888888889
0 0.488671875 0.49722222222222223 0.04296875 0.0875
0 0.4109375 0.3784722222222222 0.0609375 0.13055555555555556
0 0.41171875 0.4756944444444444 0.04921875 0.09305555555555556
0 0.26015625 0.6368055555555555 0.1375 0.2763888888888889
0 0.3 0.46458333333333335 0.084375 0.16111111111111112
0 0.2375 0.44930555555555557 0.11953125 0.25972222222222224
0 0.282421875 0.28680555555555554 0.06328125 0.11944444444444445
0 0.2265625 0.31805555555555554 0.0859375 0.18333333333333332
0 0.180078125 0.3055555555555556 0.090625 0.1986111111111111
0 0.123828125 0.3145833333333333 0.084375 0.1638888888888889
0 0.128515625 0.2013888888888889 0.05 0.10416666666666667
0 0.161328125 0.20347222222222222 0.0671875 0.1375
0 0.2125 0.1736111111111111 0.0515625 0.10277777777777777
0 0.189453125 0.13402777777777777 0.0359375 0.07222222222222222
0 0.175390625 0.11736111111111111 0.03203125 0.06666666666666667
0 0.194921875 0.075 0.03125 0.058333333333333334
0 0.215234375 0.10138888888888889 0.02890625 0.05277777777777778
0 0.2453125 0.08680555555555555 0.040625 0.08472222222222223
0 0.29375 0.14027777777777778 0.0375 0.08194444444444444
0 0.2859375 0.1076388888888889 0.0359375 0.07777777777777778
0 0.269921875 0.09166666666666666 0.03359375 0.07361111111111111
0 0.268359375 0.058333333333333334 0.0265625 0.05694444444444444
0 0.263671875 0.03888888888888889 0.0203125 0.041666666666666664
0 0.249609375 0.03125 0.02734375 0.059722222222222225
0 0.239453125 0.025694444444444443 0.02734375 0.05138888888888889
0 0.19609375 0.019444444444444445 0.03125 0.03888888888888889
0 0.283984375 0.05486111111111111 0.01328125 0.025
0 0.292578125 0.059722222222222225 0.0234375 0.05138888888888889
0 0.309765625 0.08680555555555555 0.0234375 0.05
0 0.176953125 0.029861111111111113 0.03828125 0.059722222222222225
0 0.25390625 0.22708333333333333 0.02421875 0.043055555555555555