0 0.634765625 0.5104166666666666 0.0765625 0.18194444444444444
0 0.52421875 0.8708333333333333 0.1109375 0.25833333333333336
0 0.5171875 0.6444444444444445 0.07578125 0.2013888888888889
0 0.377734375 0.9659722222222222 0.07890625 0.06805555555555555
0 0.4265625 0.7659722222222223 0.084375 0.2361111111111111
0 0.33671875 0.9791666666666666 0.0828125 0.041666666666666664
0 0.31171875 0.9409722222222222 0.04296875 0.0875
0 0.38515625 0.9416666666666667 0.04609375 0.1
0 0.3640625 0.7951388888888888 0.08828125 0.2152777777777778
0 0.251171875 0.9388888888888889 0.08671875 0.12222222222222222
0 0.259765625 0.9131944444444444 0.06953125 0.1736111111111111
0 0.880078125 0.6298611111111111 0.0984375 0.25
0 0.60546875 0.5513888888888889 0.05703125 0.15555555555555556
0 0.541796875 0.6131944444444445 0.0671875 0.19583333333333333
0 0.45390625 0.7020833333333333 0.06640625 0.1736111111111111
0 0.4953125 0.7451388888888889 0.03359375 0.07083333333333333
0 0.410546875 0.6291666666666667 0.04375 0.09722222222222222
0 0.36328125 0.7131944444444445 0.065625 0.17777777777777778
0 0.39453125 0.5569444444444445 0.04296875 0.1
0 0.43203125 0.5173611111111112 0.0296875 0.06111111111111111
0 0.477734375 0.48333333333333334 0.04296875 0.08611111111111111
0 0.4546875 0.49930555555555556 0.03515625 0.08055555555555556
0 0.557421875 0.5347222222222222 0.046875 0.1111111111111111
0 0.9203125 0.5138888888888888 0.0953125 0.24027777777777778
0 0.30078125 0.7715277777777778 0.071875 0.2
0 0.275 0.7618055555555555 0.05859375 0.17222222222222222
0 0.2375 0.75625 0.04921875 0.10833333333333334
0 0.275 0.6729166666666667 0.03046875 0.05138888888888889
0 0.322265625 0.6166666666666667 0.03515625 0.08333333333333333
0 0.33984375 0.6006944444444444 0.03046875 0.06944444444444445
0 0.365625 0.6277777777777778 0.04375 0.13333333333333333
0 0.379296875 0.6138888888888889 0.0484375 0.14583333333333334
0 0.231640625 0.8131944444444444 0.0359375 0.06944444444444445
0 0.208984375 0.8583333333333333 0.05625 0.10833333333333334
0 0.183203125 0.8993055555555556 0.0671875 0.1875
0 0.18671875 0.8069444444444445 0.0359375 0.06527777777777778
0 0.1296875 0.7972222222222223 0.04296875 0.11666666666666667
0 0.21875 0.68125 0.03984375 0.08888888888888889
0 0.200390625 0.6923611111111111 0.03671875 0.10277777777777777
0 0.258203125 0.6041666666666666 0.03515625 0.10138888888888889
0 0.24296875 0.63125 0.03515625 0.1
0 0.225390625 0.6430555555555556 0.03515625 0.09722222222222222
0 0.112890625 0.7138888888888889 0.03359375 0.09166666666666666
0 0.174609375 0.6652777777777777 0.0328125 0.0875
0 0.158984375 0.6819444444444445 0.03671875 0.09444444444444444
0 0.13984375 0.6819444444444445 0.0296875 0.07916666666666666
0 0.1859375 0.6298611111111111 0.021875 0.04583333333333333
0 0.1515625 0.6201388888888889 0.01796875 0.03888888888888889
0 0.139453125 0.6180555555555556 0.01875 0.043055555555555555
0 0.187890625 0.5777777777777777 0.02265625 0.059722222222222225
0 0.2140625 0.5597222222222222 0.02265625 0.058333333333333334
0 0.203125 0.5638888888888889 0.0203125 0.05138888888888889
0 0.135546875 0.7131944444444445 0.0359375 0.09722222222222222
0 0.159765625 0.6041666666666666 0.01796875 0.04861111111111111
0 0.16953125 0.5979166666666667 0.01796875 0.04861111111111111
0 0.151171875 0.5986111111111111 0.01328125 0.027777777777777776
0 0.177734375 0.5875 0.01953125 0.05277777777777778
0 0.09375 0.7743055555555556 0.02578125 0.06527777777777778
0 0.155859375 0.8930555555555556 0.03203125 0.06805555555555555