0 0.621875 0.6034722222222222 0.04375 0.16527777777777777
0 0.43828125 0.86875 0.0578125 0.2625
0 0.483984375 0.6451388888888889 0.03671875 0.19166666666666668
0 0.27109375 0.9048611111111111 0.04140625 0.18611111111111112
0 0.373828125 0.69375 0.0375 0.22777777777777777
0 0.226953125 0.9013888888888889 0.046875 0.18194444444444444
0 0.2296875 0.775 0.0296875 0.07222222222222222
0 0.297265625 0.8270833333333333 0.0296875 0.08611111111111111
0 0.31015625 0.6770833333333334 0.04921875 0.19722222222222222
0 0.1625 0.78125 0.04140625 0.21944444444444444
0 0.186328125 0.7215277777777778 0.03203125 0.18194444444444444
0 0.821484375 0.8833333333333333 0.0515625 0.23333333333333334
0 0.5859375 0.6208333333333333 0.02578125 0.15
0 0.513671875 0.6333333333333333 0.0265625 0.19305555555555556
0 0.41328125 0.6541666666666667 0.03359375 0.1625
0 0.441796875 0.7222222222222222 0.02265625 0.059722222222222225
0 0.3890625 0.5569444444444445 0.02734375 0.08472222222222223
0 0.32734375 0.6013888888888889 0.03046875 0.16944444444444445
0 0.390234375 0.4791666666666667 0.025 0.09027777777777778
0 0.43359375 0.46875 0.0203125 0.05138888888888889
0 0.483203125 0.46944444444444444 0.0296875 0.07083333333333333
0 0.43828125 0.4965277777777778 0 0.001388888888888889
0 0.458203125 0.46805555555555556 0.02109375 0.07222222222222222
0 0.5453125 0.5722222222222222 0.02734375 0.1
0 0.883984375 0.8048611111111111 0.05 0.22361111111111112
0 0.25703125 0.6118055555555556 0.03125 0.19444444444444445
0 0.23515625 0.5847222222222223 0.0234375 0.16944444444444445
0 0.201953125 0.5534722222222223 0.03125 0.09444444444444444
0 0.255078125 0.5027777777777778 0.0234375 0.03888888888888889
0 0.3109375 0.4840277777777778 0.0203125 0.075
0 0.33046875 0.48125 0.01796875 0.0625
0 0.348046875 0.5243055555555556 0.01640625 0.13194444444444445
0 0.3640625 0.5208333333333334 0.01796875 0.14444444444444443
0 0.183984375 0.6020833333333333 0.02578125 0.05555555555555555
0 0.153515625 0.6277777777777778 0.03984375 0.0875
0 0.120703125 0.6479166666666667 0.0296875 0.18194444444444444
0 0.144140625 0.5652777777777778 0.02734375 0.05
0 0.09375 0.5166666666666667 0.01953125 0.1125
0 0.201171875 0.47152777777777777 0.025 0.07777777777777778
0 0.18203125 0.46875 0.015625 0.1
0 0.2546875 0.42777777777777776 0.01484375 0.09861111111111111
0 0.234375 0.4423611111111111 0.01484375 0.09722222222222222
0 0.215625 0.4409722222222222 0.015625 0.09444444444444444
0 0.096875 0.42777777777777776 0.015625 0.0875
0 0.1640625 0.4263888888888889 0.01640625 0.08194444444444444
0 0.14609375 0.4305555555555556 0.01875 0.08888888888888889
0 0.128515625 0.4173611111111111 0.0140625 0.075
0 0.182421875 0.4013888888888889 0.01484375 0.03888888888888889
0 0.152734375 0.36875 0.0109375 0.034722222222222224
0 0.1421875 0.35833333333333334 0.01171875 0.0375
0 0.195703125 0.3548611111111111 0.01171875 0.05555555555555555
0 0.223828125 0.35625 0.01171875 0.05416666666666667
0 0.2125 0.3527777777777778 0.01015625 0.04861111111111111
0 0.117578125 0.44305555555555554 0.0171875 0.09305555555555556
0 0.1640625 0.3597222222222222 0.00859375 0.04583333333333333
0 0.17421875 0.36041666666666666 0.00859375 0.04583333333333333
0 0.15703125 0.3486111111111111 0.00859375 0.02361111111111111
0 0.183984375 0.35694444444444445 0.009375 0.05
0 0.065625 0.4701388888888889 0.0140625 0.059722222222222225
0 0.096875 0.6229166666666667 0.02109375 0.058333333333333334