0 0.4272598870056497 0.9944444444444445 0.031073446327683617 0.011111111111111112
0 0.4251412429378531 0.19490740740740742 0.038135593220338986 0.05740740740740741
0 0.22245762711864406 0.674537037037037 0.028954802259887006 0.044444444444444446
0 0.513771186440678 0.9287037037037037 0.03742937853107345 0.04537037037037037
0 0.5550847457627118 0.6990740740740741 0.03389830508474576 0.044444444444444446
0 0.4929378531073446 0.7476851851851852 0.04096045197740113 0.05
0 0.7552966101694916 0.7689814814814815 0.033192090395480225 0.04537037037037037
0 0.7782485875706214 0.7569444444444444 0.03248587570621469 0.046296296296296294
0 0.6370056497175142 0.09398148148148149 0.03389830508474576 0.046296296296296294
0 0.5353107344632768 0.7037037037037037 0.04025423728813559 0.05092592592592592
0 0.707274011299435 0.48333333333333334 0.03531073446327684 0.04259259259259259