0 0.04184247538677918 0.28425925925925927 0.0379746835443038 0.04537037037037037
0 0.03691983122362869 0.2569444444444444 0.03867791842475387 0.046296296296296294
0 0.05379746835443038 0.25833333333333336 0.04992967651195499 0.05925925925925926
0 0.8066104078762306 0.35648148148148145 0.05625879043600562 0.07685185185185185
0 0.5175808720112518 0.1925925925925926 0.05555555555555555 0.08055555555555556
0 0.33263009845288327 0.5125 0.04289732770745429 0.07685185185185185
0 0.24367088607594936 0.5458333333333333 0.05555555555555555 0.08055555555555556
0 0.820675105485232 0.24074074074074073 0.05555555555555555 0.08055555555555556
0 0.25492264416315047 0.14027777777777778 0.0639943741209564 0.07685185185185185
0 0.2672292545710267 0.812962962962963 0.06821378340365682 0.08425925925925926
0 0.09282700421940929 0.28703703703703703 0.051336146272855133 0.05648148148148148
0 0.3547819971870605 0.9675925925925926 0.04571026722925457 0.06481481481481481