0 0.2231638418079096 0.7402777777777778 0.036016949152542374 0.04351851851851852
0 0.015536723163841809 0.462037037037037 0.031073446327683617 0.04259259259259259
0 0.24258474576271186 0.7097222222222223 0.05296610169491525 0.06666666666666667
0 0.04307909604519774 0.6546296296296297 0.03884180790960452 0.04351851851851852
0 0.2033898305084746 0.7435185185185185 0.026129943502824857 0.032407407407407406
0 0.7295197740112994 0.5143518518518518 0.0346045197740113 0.04537037037037037
0 0.7245762711864406 0.5361111111111111 0.03389830508474576 0.046296296296296294
0 0.2334039548022599 0.5458333333333333 0.05014124293785311 0.06851851851851852
0 0.8192090395480226 0.30462962962962964 0.03954802259887006 0.05555555555555555
0 0.7874293785310734 0.8101851851851852 0.04590395480225989 0.06759259259259259
0 0.6091101694915254 0.8851851851851852 0.041666666666666664 0.05648148148148148
0 0.5455508474576272 0.8583333333333333 0.0480225988700565 0.06296296296296296
0 0.5603813559322034 0.850462962962963 0.038135593220338986 0.05092592592592592
0 0.2796610169491525 0.8018518518518518 0.03036723163841808 0.03981481481481482
0 0.355225988700565 0.6189814814814815 0.04307909604519774 0.05740740740740741
0 0.4865819209039548 0.9268518518518518 0.03531073446327684 0.04814814814814815
0 0.5130649717514124 0.9430555555555555 0.03672316384180791 0.05185185185185185
0 0.5515536723163842 0.22685185185185186 0.03531073446327684 0.049074074074074076
0 0.4901129943502825 0.30925925925925923 0.04519774011299435 0.05555555555555555
0 0.592867231638418 0.4101851851851852 0.0423728813559322 0.062037037037037036
0 0.6362994350282486 0.8643518518518518 0.03177966101694915 0.04351851851851852
0 0.2542372881355932 0.8541666666666666 0.03531073446327684 0.04814814814814815
0 0.5557909604519774 0.9078703703703703 0.029661016949152543 0.04259259259259259
0 0.3615819209039548 0.06944444444444445 0.0423728813559322 0.058333333333333334
0 0.7778954802259888 0.8425925925925926 0.05367231638418079 0.06666666666666667