0 0.2651195499296765 0.13240740740740742 0.03938115330520394 0.05092592592592592
0 0.28270042194092826 0.13287037037037036 0.03727144866385373 0.05277777777777778
0 0.2974683544303797 0.14722222222222223 0.040787623066104076 0.04351851851851852
0 0.02250351617440225 0.4847222222222222 0.02390998593530239 0.025925925925925925
0 0.008438818565400843 0.5564814814814815 0.016877637130801686 0.03518518518518519
0 0.2563291139240506 0.5444444444444444 0.030942334739803096 0.046296296296296294
0 0.39135021097046413 0.41759259259259257 0.03727144866385373 0.044444444444444446
0 0.3941631504922644 0.39444444444444443 0.04852320675105485 0.05185185185185185
0 0.5137130801687764 0.33796296296296297 0.04360056258790436 0.05185185185185185
0 0.5376230661040787 0.42685185185185187 0.0379746835443038 0.05185185185185185
0 0.5414908579465542 0.2796296296296296 0.029535864978902954 0.03796296296296296
0 0.3909985935302391 0.34629629629629627 0.053445850914205346 0.05740740740740741
0 0.7978199718706048 0.9800925925925926 0.028832630098452883 0.03981481481481482
0 0.5710267229254571 0.29398148148148145 0.023206751054852322 0.03518518518518519
0 0.18565400843881857 0.37777777777777777 0.03234880450070324 0.046296296296296294
0 0.5151195499296765 0.9782407407407407 0.04289732770745429 0.04351851851851852
0 0.17651195499296765 0.34305555555555556 0.03656821378340366 0.04259259259259259
0 0.025668073136427567 0.4708333333333333 0.020393811533052038 0.027777777777777776
0 0.9887482419127989 0.4722222222222222 0.02250351617440225 0.05740740740740741