0 0.20534458509142053 0.011574074074074073 0.04219409282700422 0.023148148148148147
0 0.43424753867791843 0.2847222222222222 0.03375527426160337 0.05462962962962963
0 0.3621659634317862 0.5074074074074074 0.04430379746835443 0.062037037037037036
0 0.740857946554149 0.3162037037037037 0.051336146272855133 0.058333333333333334
0 0.5608298171589311 0.05277777777777778 0.04922644163150492 0.06018518518518518
0 0.23523206751054854 0.07731481481481481 0.035864978902953586 0.04259259259259259
0 0.14838255977496484 0.22916666666666666 0.04992967651195499 0.06666666666666667
0 0.6867088607594937 0.35324074074074074 0.040787623066104076 0.046296296296296294
0 0.5738396624472574 0.48564814814814816 0.04360056258790436 0.06481481481481481
0 0.33544303797468356 0.36157407407407405 0.04289732770745429 0.06481481481481481
0 0.44233473980309423 0.23287037037037037 0.04289732770745429 0.06666666666666667
0 0.680028129395218 0.3699074074074074 0.04219409282700422 0.04351851851851852