0 0.23057909604519775 0.8787037037037037 0.02824858757062147 0.03611111111111111
0 0.6910310734463276 0.1412037037037037 0.028954802259887006 0.05277777777777778
0 0.6627824858757062 0.687962962962963 0.036016949152542374 0.03518518518518519
0 0.2122175141242938 0.9046296296296297 0.031073446327683617 0.040740740740740744
0 0.3735875706214689 0.9018518518518519 0.022598870056497175 0.032407407407407406
0 0.3435734463276836 0.8833333333333333 0.023305084745762712 0.03333333333333333
0 0.6299435028248588 0.6925925925925925 0.03884180790960452 0.03148148148148148
0 0.2100988700564972 0.8740740740740741 0.024717514124293787 0.03333333333333333
0 0.1910310734463277 0.874537037037037 0.02754237288135593 0.041666666666666664
0 0.6062853107344632 0.9060185185185186 0.02754237288135593 0.041666666666666664
0 0.632768361581921 0.9111111111111111 0.02754237288135593 0.041666666666666664
0 0.3990112994350282 0.8134259259259259 0.028954802259887006 0.03425925925925926
0 0.8601694915254238 0.7680555555555556 0.03672316384180791 0.041666666666666664
0 0.6426553672316384 0.25925925925925924 0.02401129943502825 0.04259259259259259
0 0.6373587570621468 0.29259259259259257 0.04025423728813559 0.05092592592592592
0 0.4092514124293785 0.16018518518518518 0.02401129943502825 0.053703703703703705
0 0.3040254237288136 0.8101851851851852 0.036016949152542374 0.030555555555555555
0 0.6398305084745762 0.23425925925925925 0.028954802259887006 0.04259259259259259
0 0.6228813559322034 0.7166666666666667 0.03389830508474576 0.03425925925925926