0 0.7777777777777778 0.33240740740740743 0.04289732770745429 0.05648148148148148
0 0.03621659634317862 0.45 0.04219409282700422 0.05462962962962963
0 0.9131504922644164 0.5388888888888889 0.05977496483825598 0.08055555555555556
0 0.42158931082981715 0.22824074074074074 0.057665260196905765 0.07777777777777778
0 0.400492264416315 0.21481481481481482 0.05063291139240506 0.06759259259259259
0 0.47257383966244726 0.16898148148148148 0.06047819971870605 0.0824074074074074
0 0.560478199718706 0.019444444444444445 0.07172995780590717 0.03888888888888889
0 0.2718002812939522 0.28379629629629627 0.07876230661040788 0.10277777777777777
0 0.2795358649789029 0.41759259259259257 0.05625879043600562 0.07592592592592592
0 0.930731364275668 0.575925925925926 0.05063291139240506 0.06666666666666667
0 0.35618846694796064 0.3875 0.05977496483825598 0.07962962962962963
0 0.37165963431786214 0.5851851851851851 0.06751054852320675 0.08888888888888889
0 0.38924050632911394 0.8208333333333333 0.0710267229254571 0.09351851851851851
0 0.7914908579465542 0.3138888888888889 0.0379746835443038 0.05092592592592592