0 0.4954289732770745 0.8041666666666667 0.02109704641350211 0.027777777777777776
0 0.5179324894514767 0.33425925925925926 0.02250351617440225 0.03333333333333333
0 0.5966947960618847 0.4078703703703704 0.035864978902953586 0.05648148148148148
0 0.3551336146272855 0.7773148148148148 0.026722925457102673 0.03333333333333333
0 0.4919127988748242 0.2953703703703704 0.02250351617440225 0.037037037037037035
0 0.9732770745428974 0.8032407407407407 0.02109704641350211 0.03611111111111111
0 0.9391701828410689 0.9097222222222222 0.02109704641350211 0.032407407407407406
0 0.7060478199718706 0.6759259259259259 0.030942334739803096 0.04722222222222222
0 0.1111111111111111 0.30462962962962964 0.029535864978902954 0.05
0 0.500351617440225 0.825925925925926 0.017580872011251757 0.025925925925925925
0 0.4929676511954993 0.8476851851851852 0.02531645569620253 0.025
0 0.17088607594936708 0.4439814814814815 0.034458509142053444 0.037037037037037035