0 0.5411392405063291 0.33194444444444443 0.03727144866385373 0.05092592592592592
0 0.5414908579465542 0.34814814814814815 0.03727144866385373 0.05
0 0.21026722925457103 0.2884259259259259 0.023206751054852322 0.028703703703703703
0 0.59985935302391 0.3421296296296296 0.028832630098452883 0.037037037037037035
0 0.21378340365682139 0.2708333333333333 0.02250351617440225 0.025925925925925925
0 0.6163853727144867 0.32314814814814813 0.02461322081575246 0.02962962962962963
0 0.6121659634317862 0.3087962962962963 0.030942334739803096 0.037037037037037035
0 0.7981715893108298 0.5810185185185185 0.04219409282700422 0.05
0 0.3575949367088608 0.4791666666666667 0.03727144866385373 0.04351851851851852
0 0.24367088607594936 0.7777777777777778 0.03656821378340366 0.041666666666666664
0 0.4110407876230661 0.055092592592592596 0.03234880450070324 0.046296296296296294