0 0.5516877637130801 0.8069444444444445 0.0379746835443038 0.05648148148148148
0 0.509142053445851 0.5458333333333333 0.029535864978902954 0.040740740740740744
0 0.2967651195499297 0.7277777777777777 0.03375527426160337 0.041666666666666664
0 0.49507735583684953 0.33240740740740743 0.027426160337552744 0.05185185185185185
0 0.5249648382559775 0.26944444444444443 0.020393811533052038 0.018518518518518517
0 0.29360056258790435 0.6171296296296296 0.0450070323488045 0.04722222222222222
0 0.9760900140646976 0.8337962962962963 0.026019690576652602 0.040740740740740744
0 0.9771448663853727 0.8662037037037037 0.02390998593530239 0.03518518518518519
0 0.9560478199718706 0.8532407407407407 0.02461322081575246 0.03518518518518519
0 0.10513361462728552 0.9069444444444444 0.027426160337552744 0.03888888888888889
0 0.10548523206751055 0.9546296296296296 0.03727144866385373 0.044444444444444446
0 0.5502812939521801 0.28564814814814815 0.02531645569620253 0.03888888888888889
0 0.5119549929676512 0.262037037037037 0.014767932489451477 0.021296296296296296
0 0.7232770745428974 0.8550925925925926 0.03234880450070324 0.02962962962962963
0 0.9753867791842475 0.17037037037037037 0.016877637130801686 0.05277777777777778
0 0.960267229254571 0.1638888888888889 0.026019690576652602 0.041666666666666664