0 0.3771186440677966 0.39166666666666666 0.022598870056497175 0.027777777777777776
0 0.490819209039548 0.6569444444444444 0.04449152542372881 0.06388888888888888
0 0.2694209039548023 0.7953703703703704 0.02824858757062147 0.03425925925925926
0 0.1673728813559322 0.38935185185185184 0.036016949152542374 0.046296296296296294
0 0.1698446327683616 0.4162037037037037 0.03248587570621469 0.03981481481481482
0 0.7708333333333334 0.7893518518518519 0.04731638418079096 0.06481481481481481
0 0.05649717514124294 0.3055555555555556 0.05508474576271186 0.0787037037037037
0 0.2609463276836158 0.02824074074074074 0.04590395480225989 0.05648148148148148
0 0.6009887005649718 0.7893518518518519 0.0557909604519774 0.07222222222222222
0 0.6811440677966102 0.6240740740740741 0.041666666666666664 0.049074074074074076
0 0.3608757062146893 0.4083333333333333 0.03531073446327684 0.04259259259259259
0 0.582274011299435 0.6166666666666667 0.031073446327683617 0.04351851851851852
0 0.2528248587570621 0.7921296296296296 0.02824858757062147 0.03796296296296296
0 0.2524717514124294 0.8541666666666666 0.04096045197740113 0.05277777777777778
0 0.3439265536723164 0.6421296296296296 0.048728813559322036 0.06296296296296296
0 0.4879943502824859 0.9277777777777778 0.03531073446327684 0.04814814814814815
0 0.5123587570621468 0.9444444444444444 0.03742937853107345 0.05