0 0.36497730711043874 0.4222222222222222 0.038577912254160365 0.05462962962962963
0 0.7934947049924357 0.15 0.0416036308623298 0.07407407407407407
0 0.7658850226928896 0.5583333333333333 0.03177004538577912 0.05648148148148148
0 0.8279122541603631 0.5592592592592592 0.046898638426626324 0.0712962962962963
0 0.640695915279879 0.8046296296296296 0.0680786686838124 0.1037037037037037
0 0.5173978819969742 0.8236111111111111 0.039334341906202726 0.05555555555555555
0 0.19667170953101362 0.7208333333333333 0.04236006051437216 0.05740740740740741
0 0.5347957639939486 0.7708333333333334 0.038577912254160365 0.05555555555555555
0 0.9943267776096822 0.46620370370370373 0.0113464447806354 0.06018518518518518
0 0.5658093797276853 0.8842592592592593 0.05446293494704992 0.06851851851851852
0 0.2696671709531014 0.03981481481481482 0.0416036308623298 0.058333333333333334