0 0.06391242937853107 0.4597222222222222 0.05014124293785311 0.07222222222222222
0 0.7817796610169492 0.7226851851851852 0.04590395480225989 0.06111111111111111
0 0.8495762711864406 0.44074074074074077 0.04731638418079096 0.075
0 0.3693502824858757 0.8699074074074075 0.033192090395480225 0.04537037037037037
0 0.4615112994350282 0.8398148148148148 0.03742937853107345 0.053703703703703705
0 0.4452683615819209 0.12407407407407407 0.04307909604519774 0.06296296296296296
0 0.1698446327683616 0.7625 0.03248587570621469 0.04259259259259259
0 0.18008474576271186 0.7976851851851852 0.038135593220338986 0.046296296296296294
0 0.2888418079096045 0.8208333333333333 0.03742937853107345 0.049074074074074076
0 0.8951271186440678 0.8439814814814814 0.03954802259887006 0.05555555555555555
0 0.2567090395480226 0.5462962962962963 0.046610169491525424 0.062037037037037036
0 0.4735169491525424 0.23472222222222222 0.04025423728813559 0.05
0 0.2623587570621469 0.8643518518518518 0.03742937853107345 0.049074074074074076
0 0.8343926553672316 0.28379629629629627 0.057203389830508475 0.07962962962962963
0 0.11546610169491525 0.34120370370370373 0.03672316384180791 0.05