0 0.268361581920904 0.9180555555555555 0.024717514124293787 0.030555555555555555
0 0.2514124293785311 0.9425925925925925 0.0211864406779661 0.03425925925925926
0 0.452683615819209 0.9115740740740741 0.024717514124293787 0.03888888888888889
0 0.034957627118644065 0.6699074074074074 0.04307909604519774 0.05277777777777778
0 0.5843926553672316 0.15231481481481482 0.021892655367231638 0.05925925925925926
0 0.2432909604519774 0.913425925925926 0.0211864406779661 0.032407407407407406
0 0.2538841807909605 0.9111111111111111 0.021892655367231638 0.026851851851851852
0 0.3997175141242938 0.9143518518518519 0.0211864406779661 0.026851851851851852
0 0.4099576271186441 0.7282407407407407 0.028954802259887006 0.03888888888888889
0 0.6415960451977402 0.8875 0.021892655367231638 0.03611111111111111
0 0.6659604519774012 0.8828703703703704 0.019067796610169493 0.041666666666666664
0 0.6839689265536724 0.6722222222222223 0.0211864406779661 0.037037037037037035
0 0.3199152542372881 0.20555555555555555 0.026836158192090395 0.04259259259259259
0 0.3898305084745763 0.7486111111111111 0.038135593220338986 0.03796296296296296
0 0.6267655367231638 0.7777777777777778 0.026836158192090395 0.03611111111111111
0 0.06179378531073446 0.7523148148148148 0.0423728813559322 0.07037037037037037
0 0.6701977401129944 0.6601851851851852 0.021892655367231638 0.03796296296296296