0 0.10583684950773559 0.4060185185185185 0.04219409282700422 0.06296296296296296
0 0.2028832630098453 0.3194444444444444 0.04219409282700422 0.05462962962962963
0 0.39732770745428975 0.95 0.0379746835443038 0.05740740740740741
0 0.560478199718706 0.2865740740740741 0.026019690576652602 0.037037037037037035
0 0.19725738396624473 0.29398148148148145 0.02812939521800281 0.032407407407407406
0 0.2823488045007032 0.15925925925925927 0.03164556962025317 0.046296296296296294
0 0.10021097046413502 0.6916666666666667 0.035864978902953586 0.04722222222222222
0 0.4289732770745429 0.5777777777777777 0.03234880450070324 0.04814814814814815
0 0.5235583684950773 0.34120370370370373 0.04219409282700422 0.04537037037037037
0 0.5864978902953587 0.3351851851851852 0.03164556962025317 0.03981481481481482
0 0.5959915611814346 0.29953703703703705 0.03656821378340366 0.04537037037037037
0 0.29887482419127986 0.1787037037037037 0.02812939521800281 0.037037037037037035