0 0.38502269288956126 0.6171296296296296 0.0453857791225416 0.05555555555555555
0 0.6425869894099848 0.262037037037037 0.04236006051437216 0.05277777777777778
0 0.6838124054462935 0.1537037037037037 0.058245083207261725 0.0712962962962963
0 0.7431921331316188 0.5277777777777778 0.08245083207261725 0.10185185185185185
0 0.5468986384266263 0.8425925925925926 0.047655068078668684 0.058333333333333334
0 0.9689863842662633 0.23194444444444445 0.046898638426626324 0.058333333333333334
0 0.7087745839636914 0.7282407407407407 0.049167927382753406 0.06018518518518518
0 0.6649016641452344 0.6351851851851852 0.046142208774583963 0.05648148148148148
0 0.7787443267776096 0.018518518518518517 0.05219364599092285 0.037037037037037035
0 0.8948562783661119 0.3416666666666667 0.059757942511346446 0.07314814814814814
0 0.061649016641452344 0.5611111111111111 0.048411497730711045 0.05925925925925926