0 0.8509887005649718 0.11064814814814815 0.03177966101694915 0.05277777777777778
0 0.4371468926553672 0.6995370370370371 0.03672316384180791 0.05
0 0.5127118644067796 0.5106481481481482 0.025423728813559324 0.03425925925925926
0 0.6179378531073446 0.45231481481481484 0.04096045197740113 0.05740740740740741
0 0.12182203389830508 0.5046296296296297 0.05367231638418079 0.06574074074074074
0 0.6398305084745762 0.8402777777777778 0.0346045197740113 0.049074074074074076
0 0.8135593220338984 0.3337962962962963 0.04449152542372881 0.062037037037037036
0 0.5038841807909604 0.7421296296296296 0.03672316384180791 0.04814814814814815
0 0.096045197740113 0.4546296296296296 0.04943502824858757 0.06666666666666667
0 0.4791666666666667 0.9907407407407407 0.03177966101694915 0.018518518518518517
0 0.5098870056497176 0.9814814814814815 0.03389830508474576 0.037037037037037035
0 0.532132768361582 0.937037037037037 0.0346045197740113 0.04351851851851852
0 0.3283898305084746 0.5282407407407408 0.03954802259887006 0.046296296296296294
0 0.2895480225988701 0.9791666666666666 0.05508474576271186 0.041666666666666664
0 0.4043079096045198 0.31527777777777777 0.03742937853107345 0.04814814814814815
0 0.590042372881356 0.9643518518518519 0.03884180790960452 0.05092592592592592
0 0.4894067796610169 0.7324074074074074 0.03389830508474576 0.03981481481481482