0 0.4317862165963432 0.5120370370370371 0.03375527426160337 0.04537037037037037
0 0.42756680731364277 0.49537037037037035 0.034458509142053444 0.04722222222222222
0 0.42440225035161744 0.48009259259259257 0.035161744022503515 0.046296296296296294
0 0.32770745428973275 0.6583333333333333 0.04289732770745429 0.05462962962962963
0 0.240154711673699 0.9421296296296297 0.0450070323488045 0.058333333333333334
0 0.5879043600562588 0.4986111111111111 0.04430379746835443 0.058333333333333334
0 0.31751054852320676 0.8162037037037037 0.04360056258790436 0.05185185185185185
0 0.6406469760900141 0.36574074074074076 0.035864978902953586 0.04722222222222222
0 0.629395218002813 0.3472222222222222 0.03375527426160337 0.04537037037037037
0 0.4451476793248945 0.3592592592592593 0.05414908579465542 0.07037037037037037
0 0.11884669479606189 0.5407407407407407 0.053445850914205346 0.06666666666666667
0 0.39662447257383965 0.3425925925925926 0.04571026722925457 0.05740740740740741
0 0.6374824191279888 0.6638888888888889 0.04922644163150492 0.062037037037037036
0 0.4539381153305204 0.2800925925925926 0.03164556962025317 0.044444444444444446
0 0.19338959212376933 0.662962962962963 0.034458509142053444 0.040740740740740744
0 0.17862165963431786 0.649537037037037 0.03375527426160337 0.04537037037037037