0 0.29711673699015473 0.30324074074074076 0.03234880450070324 0.04351851851851852
0 0.30239099859353025 0.29768518518518516 0.030942334739803096 0.041666666666666664
0 0.3234880450070324 0.29953703703703705 0.030942334739803096 0.04537037037037037
0 0.1290436005625879 0.43796296296296294 0.040787623066104076 0.05
0 0.08052039381153306 0.5976851851851852 0.04430379746835443 0.05740740740740741
0 0.38959212376933894 0.549074074074074 0.04149085794655415 0.05462962962962963
0 0.13537271448663854 0.8171296296296297 0.04219409282700422 0.04722222222222222
0 0.5077355836849508 0.4708333333333333 0.034458509142053444 0.04537037037037037
0 0.5165260196905767 0.45231481481481484 0.03164556962025317 0.04351851851851852
0 0.5242616033755274 0.34305555555555556 0.047116736990154715 0.05925925925925926
0 0.3769338959212377 0.34814814814814815 0.04992967651195499 0.06111111111111111
0 0.5337552742616034 0.2814814814814815 0.03938115330520394 0.049074074074074076
0 0.6919831223628692 0.8407407407407408 0.04781997187060478 0.06111111111111111
0 0.5787623066104078 0.2972222222222222 0.026019690576652602 0.03981481481481482
0 0.19022503516174402 0.3541666666666667 0.03234880450070324 0.04351851851851852
0 0.18424753867791843 0.32314814814814813 0.035864978902953586 0.04537037037037037