0 0.3128531073446328 0.7166666666666667 0.029661016949152543 0.03888888888888889
0 0.4569209039548023 0.3787037037037037 0.05084745762711865 0.06666666666666667
0 0.8915960451977402 0.6939814814814815 0.04519774011299435 0.05925925925925926
0 0.9717514124293786 0.7550925925925925 0.05508474576271186 0.07222222222222222
0 0.2443502824858757 0.5699074074074074 0.04096045197740113 0.053703703703703705
0 0.06179378531073446 0.4009259259259259 0.04307909604519774 0.05740740740740741
0 0.3223870056497175 0.3148148148148148 0.0480225988700565 0.06296296296296296
0 0.1239406779661017 0.2587962962962963 0.03672316384180791 0.04814814814814815
0 0.1730225988700565 0.6509259259259259 0.029661016949152543 0.03888888888888889
0 0.2549435028248588 0.2759259259259259 0.052259887005649715 0.06851851851851852
0 0.1987994350282486 0.2912037037037037 0.04731638418079096 0.062037037037037036
0 0.10628531073446328 0.2523148148148148 0.029661016949152543 0.03981481481481482
0 0.2588276836158192 0.7333333333333333 0.04307909604519774 0.05648148148148148
0 0.22598870056497175 0.7347222222222223 0.03389830508474576 0.044444444444444446
0 0.3234463276836158 0.5824074074074074 0.04025423728813559 0.05277777777777778
0 0.4032485875706215 0.9115740740740741 0.038135593220338986 0.05
0 0.4251412429378531 0.9361111111111111 0.041666666666666664 0.05462962962962963