0 0.0692090395480226 0.5768518518518518 0.03884180790960452 0.05185185185185185
0 0.0681497175141243 0.6305555555555555 0.03672316384180791 0.04814814814814815
0 0.375 0.42083333333333334 0.04307909604519774 0.05462962962962963
0 0.09392655367231638 0.6407407407407407 0.033192090395480225 0.04351851851851852
0 0.4703389830508475 0.825 0.041666666666666664 0.053703703703703705
0 0.399364406779661 0.7305555555555555 0.059322033898305086 0.07777777777777778
0 0.05649717514124294 0.5995370370370371 0.029661016949152543 0.03981481481481482
0 0.6094632768361582 0.8194444444444444 0.06002824858757062 0.07777777777777778
0 0.153954802259887 0.5898148148148148 0.0423728813559322 0.053703703703703705
0 0.538135593220339 0.44537037037037036 0.03954802259887006 0.053703703703703705
0 0.11652542372881355 0.6337962962962963 0.02754237288135593 0.03611111111111111
0 0.120409604519774 0.6393518518518518 0.026129943502824857 0.03518518518518519
0 0.22598870056497175 0.7393518518518518 0.0423728813559322 0.05555555555555555
0 0.3121468926553672 0.6018518518518519 0.046610169491525424 0.06111111111111111
0 0.4258474576271186 0.9180555555555555 0.03884180790960452 0.05185185185185185
0 0.4477401129943503 0.9402777777777778 0.036016949152542374 0.04814814814814815
0 0.2044491525423729 0.7814814814814814 0.036016949152542374 0.04722222222222222
0 0.5448446327683616 0.7453703703703703 0.03389830508474576 0.044444444444444446