0 0.18424753867791843 0.2652777777777778 0.04149085794655415 0.07037037037037037
0 0.2489451476793249 0.649074074074074 0.035864978902953586 0.03981481481481482
0 0.4451476793248945 0.3592592592592593 0.040787623066104076 0.06018518518518518
0 0.4651898734177215 0.2726851851851852 0.026722925457102673 0.03981481481481482
0 0.8674402250351617 0.7703703703703704 0.0379746835443038 0.05277777777777778
0 0.9848804500703235 0.3814814814814815 0.030239099859353025 0.06296296296296296
0 0.48945147679324896 0.29953703703703705 0.040787623066104076 0.05277777777777778
0 0.21448663853727146 0.549074074074074 0.02531645569620253 0.03796296296296296
0 0.07911392405063292 0.2796296296296296 0.046413502109704644 0.06481481481481481
0 0.2028832630098453 0.5550925925925926 0.026019690576652602 0.03796296296296296
0 0.189873417721519 0.6449074074074074 0.040787623066104076 0.046296296296296294
0 0.8554852320675106 0.01898148148148148 0.047116736990154715 0.03796296296296296