0 0.3389830508474576 0.9722222222222222 0.026836158192090395 0.03518518518518519
0 0.3266242937853107 0.9907407407407407 0.024717514124293787 0.018518518518518517
0 0.5437853107344632 0.9175925925925926 0.028954802259887006 0.04351851851851852
0 0.06073446327683616 0.6800925925925926 0.048728813559322036 0.062037037037037036
0 0.5286016949152542 0.13055555555555556 0.031073446327683617 0.06388888888888888
0 0.3149717514124294 0.975925925925926 0.02401129943502825 0.03333333333333333
0 0.3223870056497175 0.9699074074074074 0.0211864406779661 0.02962962962962963
0 0.4675141242937853 0.9402777777777778 0.021892655367231638 0.03148148148148148
0 0.4477401129943503 0.7453703703703703 0.033192090395480225 0.04351851851851852
0 0.7002118644067796 0.8402777777777778 0.026129943502824857 0.03981481481481482
0 0.7231638418079096 0.8305555555555556 0.02401129943502825 0.04351851851851852
0 0.8167372881355932 0.5189814814814815 0.02401129943502825 0.03796296296296296
0 0.3463983050847458 0.2388888888888889 0.03177966101694915 0.04722222222222222
0 0.4314971751412429 0.7731481481481481 0.0423728813559322 0.04537037037037037
0 0.3531073446327684 0.888425925925926 0.03177966101694915 0.041666666666666664
0 0.0769774011299435 0.6421296296296296 0.05084745762711865 0.0787037037037037
0 0.6649011299435028 0.5532407407407407 0.026129943502824857 0.041666666666666664