0 0.3515625 0.41822916666666665 0.109375 0.16770833333333332
0 0.3171875 0.5583333333333333 0.12734375 0.178125
0 0.21484375 0.7234375 0.1390625 0.18125
0 0.426171875 0.5166666666666667 0.0859375 0.12291666666666666
0 0.44296875 0.384375 0.10390625 0.15833333333333333
0 0.530859375 0.4296875 0.1109375 0.17604166666666668
0 0.620703125 0.3255208333333333 0.08125 0.10729166666666666
0 0.634765625 0.39166666666666666 0.08203125 0.08541666666666667
0 0.615625 0.5901041666666667 0.1109375 0.15520833333333334
0 0.772265625 0.3776041666666667 0.125 0.14895833333333333
0 0.61484375 0.12135416666666667 0.10703125 0.17083333333333334
0 0.669921875 0.09375 0.0671875 0.12083333333333333
0 0.71875 0.06770833333333333 0.07109375 0.11875
0 0.119140625 0.8192708333333333 0.1265625 0.13854166666666667
0 0.832421875 0.43802083333333336 0.13515625 0.13958333333333334
0 0.6890625 0.44479166666666664 0.1046875 0.12291666666666666
0 0.7296875 0.5427083333333333 0.11953125 0.15208333333333332