0 0.41171875 0.4317708333333333 0.0828125 0.11979166666666667
0 0.43125 0.31979166666666664 0.1 0.15520833333333334
0 0.5171875 0.4505208333333333 0.10703125 0.17291666666666666
0 0.531640625 0.6104166666666667 0.1078125 0.15104166666666666
0 0.751171875 0.26666666666666666 0.10234375 0.16875
0 0.814453125 0.2786458333333333 0.0640625 0.11875
0 0.625390625 0.5677083333333334 0.103125 0.11770833333333333
0 0.86015625 0.2875 0.07421875 0.09895833333333333
0 0.618359375 0.6625 0.12734375 0.146875
0 0.218359375 0.35572916666666665 0.13515625 0.15625
0 0.613671875 0.4192708333333333 0.08046875 0.125
0 0.3578125 0.3302083333333333 0.10625 0.14895833333333333
0 0.577734375 0.46770833333333334 0.05546875 0.09583333333333334
0 0.80390625 0.584375 0.11796875 0.15729166666666666
0 0.85 0.7088541666666667 0.16328125 0.17291666666666666
0 0.741015625 0.7005208333333334 0.12890625 0.14791666666666667
0 0.70625 0.5802083333333333 0.09609375 0.11041666666666666