0 0.392578125 0.49375 0.0828125 0.11979166666666667
0 0.36796875 0.38177083333333334 0.1 0.15520833333333334
0 0.482421875 0.4348958333333333 0.10703125 0.17291666666666666
0 0.559375 0.5723958333333333 0.1078125 0.15104166666666666
0 0.63046875 0.13229166666666667 0.10234375 0.16875
0 0.7046875 0.0890625 0.0640625 0.11875
0 0.628515625 0.4734375 0.103125 0.11770833333333333
0 0.742578125 0.09635416666666667 0.07421875 0.09895833333333333
0 0.6625 0.5578125 0.12734375 0.146875
0 0.12265625 0.7989583333333333 0.13515625 0.15625
0 0.568359375 0.3541666666666667 0.08046875 0.125
0 0.26484375 0.4739583333333333 0.10625 0.14895833333333333
0 0.5546875 0.4328125 0.05546875 0.09583333333333334
0 0.79453125 0.3703125 0.11796875 0.15729166666666666
0 0.88203125 0.44635416666666666 0.16328125 0.17291666666666666
0 0.78125 0.4942708333333333 0.12890625 0.14791666666666667
0 0.70859375 0.4317708333333333 0.09609375 0.11041666666666666
0 0.425 0.375 0.0859375 0.13541666666666666
0 0.387890625 0.23958333333333334 0.10078125 0.15833333333333333
0 0.45390625 0.15572916666666667 0.11171875 0.196875