0 0.52265625 0.09375 0.1265625 0.17916666666666667
0 0.562890625 0.04895833333333333 0.08359375 0.09791666666666667
0 0.54140625 0.4822916666666667 0.11171875 0.14270833333333333
0 0.59765625 0.022395833333333334 0.084375 0.04479166666666667
0 0.45078125 0.4161458333333333 0.096875 0.13541666666666666
0 0.46953125 0.503125 0.0703125 0.1
0 0.6015625 0.40625 0.10390625 0.13333333333333333
0 0.285546875 0.5765625 0.13203125 0.171875
0 0.381640625 0.521875 0.12265625 0.17395833333333333
0 0.195703125 0.7348958333333333 0.13203125 0.16458333333333333
0 0.29375 0.6791666666666667 0.11953125 0.15416666666666667
0 0.529296875 0.6442708333333333 0.11171875 0.15
0 0.5921875 0.5510416666666667 0.1078125 0.13958333333333334
0 0.664453125 0.4588541666666667 0.12109375 0.14895833333333333
0 0.755078125 0.23489583333333333 0.12578125 0.165625
0 0.809765625 0.3223958333333333 0.1390625 0.171875
0 0.6859375 0.328125 0.15625 0.21041666666666667