0 0.403125 0.4630208333333333 0.071875 0.10833333333333334
0 0.40859375 0.35260416666666666 0.08515625 0.14166666666666666
0 0.51015625 0.4479166666666667 0.08984375 0.15833333333333333
0 0.5453125 0.6057291666666667 0.09375 0.13541666666666666
0 0.716796875 0.21197916666666666 0.0859375 0.15520833333333334
0 0.780859375 0.209375 0.0515625 0.1125
0 0.6328125 0.5375 0.09375 0.10104166666666667
0 0.826953125 0.20729166666666668 0.065625 0.0875
0 0.6375 0.6328125 0.11640625 0.125
0 0.18671875 0.42291666666666666 0.1234375 0.13333333333333333
0 0.6015625 0.39427083333333335 0.06875 0.11354166666666667
0 0.33828125 0.365625 0.09296875 0.13333333333333333
0 0.572265625 0.4505208333333333 0.04609375 0.08854166666666667
0 0.81015625 0.5125 0.10390625 0.13854166666666667
0 0.871484375 0.625 0.15078125 0.14375
0 0.762890625 0.6458333333333334 0.11796875 0.12604166666666666
0 0.713671875 0.53125 0.08828125 0.09375