0 0.40625 0.5588541666666667 0.09765625 0.13333333333333333
0 0.359765625 0.440625 0.12109375 0.16770833333333332
0 0.48125 0.45208333333333334 0.13203125 0.184375
0 0.582421875 0.5380208333333333 0.12578125 0.16979166666666667
0 0.516796875 0.09270833333333334 0.12734375 0.17916666666666667
0 0.56328125 0.04739583333333333 0.084375 0.09479166666666666
0 0.6171875 0.40989583333333335 0.11171875 0.14270833333333333
0 0.595703125 0.022395833333333334 0.08515625 0.04479166666666667
0 0.66875 0.47604166666666664 0.13828125 0.178125
0 0.237890625 0.7098958333333333 0.146875 0.18958333333333333
0 0.522265625 0.3307291666666667 0.09765625 0.13541666666666666
0 0.312109375 0.5453125 0.12421875 0.16770833333333332
0 0.52890625 0.3984375 0.0703125 0.1
0 0.73671875 0.2328125 0.134375 0.17916666666666667
0 0.843359375 0.24739583333333334 0.171875 0.21666666666666667
0 0.765234375 0.3692708333333333 0.13984375 0.18020833333333333
0 0.67421875 0.3328125 0.10390625 0.13333333333333333