0 0.394921875 0.5067708333333333 0.078125 0.11458333333333333
0 0.3953125 0.3625 0.09296875 0.14895833333333333
0 0.499609375 0.44583333333333336 0.0984375 0.16666666666666666
0 0.564453125 0.5875 0.10078125 0.14375
0 0.721484375 0.45 0.1171875 0.13333333333333333
0 0.653515625 0.146875 0.09453125 0.1625
0 0.716015625 0.12291666666666666 0.0578125 0.115625
0 0.77109375 0.5380208333333333 0.1296875 0.121875
0 0.635546875 0.4901041666666667 0.0984375 0.109375
0 0.758984375 0.10208333333333333 0.0703125 0.09270833333333334
0 0.65859375 0.5807291666666666 0.12265625 0.13645833333333332
0 0.1953125 0.528125 0.1296875 0.14583333333333334
0 0.57734375 0.36302083333333335 0.075 0.11979166666666667
0 0.3046875 0.39947916666666666 0.1 0.14166666666666666
0 0.56015625 0.4270833333333333 0.05078125 0.09270833333333334
0 0.808203125 0.39791666666666664 0.1109375 0.14791666666666667
0 0.921484375 0.4921875 0.15703125 0.159375