0 0.38671875 0.5083333333333333 0.08828125 0.12604166666666666
0 0.359375 0.4005208333333333 0.10703125 0.16145833333333334
0 0.4921875 0.4479166666666667 0.115625 0.178125
0 0.5703125 0.5859375 0.1140625 0.15833333333333333
0 0.600390625 0.11510416666666666 0.1109375 0.17395833333333333
0 0.66328125 0.07552083333333333 0.0703125 0.121875
0 0.625390625 0.4557291666666667 0.10703125 0.12708333333333333
0 0.7015625 0.05625 0.078125 0.10416666666666667
0 0.666015625 0.5348958333333333 0.13203125 0.15729166666666666
0 0.210546875 0.6536458333333334 0.140625 0.16770833333333332
0 0.55625 0.3458333333333333 0.08671875 0.12916666666666668
0 0.30703125 0.48072916666666665 0.1125 0.15625
0 0.54921875 0.42552083333333335 0.0609375 0.09791666666666667
0 0.7828125 0.3302083333333333 0.12421875 0.165625
0 0.875390625 0.39375 0.16796875 0.1875
0 0.778515625 0.45989583333333334 0.134375 0.159375
0 0.70234375 0.403125 0.1 0.11875