0 0.33515625 0.3848958333333333 0.084375 0.14583333333333334
0 0.25234375 0.4703125 0.10234375 0.14895833333333333
0 0.1546875 0.6119791666666666 0.115625 0.146875
0 0.41171875 0.4786458333333333 0.06796875 0.10416666666666667
0 0.40546875 0.32916666666666666 0.0796875 0.13645833333333332
0 0.515625 0.42864583333333334 0.084375 0.15416666666666667
0 0.63125 0.36822916666666666 0.0671875 0.0875
0 0.615625 0.6119791666666666 0.0890625 0.13020833333333334
0 0.7875 0.47760416666666666 0.10703125 0.11666666666666667
0 0.688671875 0.17864583333333334 0.08046875 0.15
0 0.749609375 0.16302083333333334 0.04765625 0.109375
0 0.822265625 0.5770833333333333 0.12109375 0.10104166666666667
0 0.7015625 0.5192708333333333 0.090625 0.09479166666666666
0 0.70546875 0.6067708333333334 0.1 0.121875
0 0.810546875 0.1609375 0.06328125 0.08333333333333333
0 0.6484375 0.4354166666666667 0.0609375 0.057291666666666664