0 0.346484375 0.6359375 0.09921875 0.13333333333333333
0 0.575390625 0.5536458333333333 0.1265625 0.16979166666666667
0 0.501171875 0.09270833333333334 0.1296875 0.178125
0 0.5453125 0.04114583333333333 0.0859375 0.08229166666666667
0 0.60859375 0.39791666666666664 0.1109375 0.14479166666666668
0 0.584765625 0.0265625 0.08515625 0.053125
0 0.6609375 0.46979166666666666 0.13828125 0.18020833333333333
0 0.48125 0.34427083333333336 0.09921875 0.13541666666666666
0 0.52265625 0.4276041666666667 0.071875 0.09895833333333333
0 0.726171875 0.21666666666666667 0.13515625 0.18020833333333333
0 0.838671875 0.23854166666666668 0.17109375 0.22083333333333333
0 0.754296875 0.3453125 0.13984375 0.18229166666666666
0 0.667578125 0.32083333333333336 0.10390625 0.13541666666666666
0 0.241015625 0.7572916666666667 0.1421875 0.18333333333333332
0 0.47109375 0.90625 0.1484375 0.1875
0 0.480859375 0.4734375 0.103125 0.13854166666666667
0 0.319921875 0.5354166666666667 0.13203125 0.17395833333333333
0 0.433984375 0.6140625 0.12265625 0.165625
0 0.485546875 0.74375 0.1203125 0.1625