0 0.79765625 0.41041666666666665 0.12734375 0.17916666666666667
0 0.85078125 0.44479166666666664 0.084375 0.121875
0 0.525 0.5479166666666667 0.11171875 0.14270833333333333
0 0.896484375 0.4765625 0.08515625 0.1125
0 0.545703125 0.41302083333333334 0.09765625 0.13541666666666666
0 0.488671875 0.4625 0.0703125 0.1
0 0.596875 0.6020833333333333 0.10390625 0.13333333333333333
0 0.382421875 0.24895833333333334 0.13203125 0.17291666666666666
0 0.449609375 0.35572916666666665 0.1234375 0.17395833333333333
0 0.242578125 0.18072916666666666 0.13203125 0.165625
0 0.311328125 0.28958333333333336 0.11953125 0.15520833333333334
0 0.40546875 0.5796875 0.1125 0.15104166666666666
0 0.490234375 0.6322916666666667 0.1078125 0.140625
0 0.578125 0.696875 0.12109375 0.15104166666666666
0 0.76484375 0.7479166666666667 0.12578125 0.16666666666666666
0 0.718359375 0.8427083333333333 0.1390625 0.17291666666666666
0 0.677734375 0.6869791666666667 0.15703125 0.21145833333333333
0 0.821484375 0.9151041666666667 0.13359375 0.16979166666666667