0 0.544921875 0.6135416666666667 0.1078125 0.15104166666666666
0 0.630078125 0.13177083333333334 0.10234375 0.16875
0 0.683203125 0.09791666666666667 0.0640625 0.11875
0 0.587109375 0.4875 0.103125 0.11770833333333333
0 0.723046875 0.08020833333333334 0.07421875 0.09895833333333333
0 0.63984375 0.5828125 0.12734375 0.146875
0 0.494921875 0.37604166666666666 0.08046875 0.125
0 0.52265625 0.47552083333333334 0.05546875 0.09583333333333334
0 0.79453125 0.3703125 0.11796875 0.15729166666666666
0 0.890625 0.453125 0.16328125 0.17291666666666666
0 0.777734375 0.5052083333333334 0.12890625 0.14791666666666667
0 0.69609375 0.46510416666666665 0.09609375 0.11041666666666666
0 0.27890625 0.46875 0.11875 0.14583333333333334
0 0.412890625 0.4395833333333333 0.09921875 0.16354166666666667
0 0.175 0.5796875 0.125 0.13125
0 0.257421875 0.5760416666666667 0.109375 0.12916666666666668
0 0.35234375 0.9057291666666667 0.134375 0.18854166666666666