0 0.320703125 0.465625 0.1109375 0.16875
0 0.399609375 0.521875 0.08671875 0.12395833333333334
0 0.38046875 0.3859375 0.1046875 0.159375
0 0.493359375 0.44635416666666666 0.1125 0.17708333333333334
0 0.584375 0.5619791666666667 0.11171875 0.15625
0 0.729296875 0.396875 0.12578125 0.15
0 0.61015625 0.11927083333333334 0.10859375 0.171875
0 0.659765625 0.08489583333333334 0.06796875 0.12083333333333333
0 0.837890625 0.43645833333333334 0.1359375 0.14166666666666666
0 0.63359375 0.45729166666666665 0.10546875 0.12395833333333334
0 0.709375 0.05364583333333333 0.07734375 0.10208333333333333
0 0.562890625 0.346875 0.08984375 0.13020833333333334
0 0.594921875 0.41458333333333336 0.071875 0.09166666666666666
0 0.670703125 0.5395833333333333 0.13125 0.15416666666666667
0 0.21484375 0.6083333333333333 0.1390625 0.16458333333333333