0 0.32890625 0.6401041666666667 0.0984375 0.13333333333333333
0 0.574609375 0.5713541666666667 0.12578125 0.16979166666666667
0 0.512109375 0.09322916666666667 0.128125 0.178125
0 0.5328125 0.0359375 0.084375 0.071875
0 0.610546875 0.40989583333333335 0.11171875 0.14375
0 0.594921875 0.028645833333333332 0.08515625 0.057291666666666664
0 0.66171875 0.47708333333333336 0.13828125 0.178125
0 0.48515625 0.34375 0.0984375 0.13541666666666666
0 0.5265625 0.4234375 0.07109375 0.1
0 0.733203125 0.22708333333333333 0.13515625 0.18020833333333333
0 0.8453125 0.2552083333333333 0.171875 0.21875
0 0.75859375 0.35885416666666664 0.13984375 0.18020833333333333
0 0.674609375 0.3260416666666667 0.10390625 0.134375
0 0.234765625 0.7442708333333333 0.1421875 0.18125
0 0.46015625 0.9052083333333333 0.146875 0.18958333333333333
0 0.48125 0.47239583333333335 0.103125 0.1375
0 0.296875 0.5380208333333333 0.13203125 0.17291666666666666
0 0.45625 0.6770833333333334 0.121875 0.165625
0 0.472265625 0.8088541666666667 0.11953125 0.1625