0 0.444921875 0.36822916666666666 0.1 0.13333333333333333
0 0.505078125 0.28802083333333334 0.12421875 0.16666666666666666
0 0.531640625 0.46770833333333334 0.1359375 0.18333333333333332
0 0.47265625 0.6223958333333334 0.12734375 0.17083333333333334
0 0.803515625 0.4515625 0.13125 0.17708333333333334
0 0.857421875 0.509375 0.0875 0.11875
0 0.584765625 0.6307291666666667 0.1109375 0.146875
0 0.8875 0.5473958333333333 0.0859375 0.11458333333333333
0 0.54921875 0.7145833333333333 0.1375 0.18125
0 0.26953125 0.2203125 0.14609375 0.19375
0 0.62890625 0.5 0.1 0.134375
0 0.428515625 0.2598958333333333 0.12578125 0.16770833333333332
0 0.571875 0.5265625 0.07265625 0.09895833333333333
0 0.738671875 0.7645833333333333 0.1359375 0.18125
0 0.7359375 0.8953125 0.1703125 0.209375
0 0.648828125 0.8161458333333333 0.1390625 0.184375
0 0.65390625 0.7 0.10390625 0.1375