0 0.31640625 0.5401041666666667 0.1296875 0.178125
0 0.28828125 0.6755208333333333 0.14453125 0.19479166666666667
0 0.275 0.8661458333333333 0.15390625 0.20416666666666666
0 0.42109375 0.5520833333333334 0.0984375 0.13333333333333333
0 0.34765625 0.42135416666666664 0.12265625 0.16770833333333332
0 0.51328125 0.45 0.13359375 0.184375
0 0.565625 0.2796875 0.08984375 0.11979166666666667
0 0.596484375 0.33489583333333334 0.08359375 0.10520833333333333
0 0.642578125 0.496875 0.1265625 0.16979166666666667
0 0.71953125 0.2515625 0.13359375 0.17395833333333333
0 0.505859375 0.0921875 0.12890625 0.178125
0 0.547265625 0.04583333333333333 0.08515625 0.09166666666666666
0 0.79296875 0.2864583333333333 0.1375 0.17395833333333333
0 0.66171875 0.35572916666666665 0.11171875 0.14479166666666668
0 0.7125 0.4203125 0.13046875 0.17291666666666666
0 0.590234375 0.017708333333333333 0.08515625 0.035416666666666666