0 0.35390625 0.4114583333333333 0.10625 0.165625
0 0.3140625 0.5609375 0.12421875 0.175
0 0.209765625 0.6895833333333333 0.13671875 0.17708333333333334
0 0.4296875 0.5005208333333333 0.08359375 0.12083333333333333
0 0.44609375 0.38125 0.10078125 0.15625
0 0.538671875 0.4401041666666667 0.10859375 0.17395833333333333
0 0.625 0.33177083333333335 0.0796875 0.10520833333333333
0 0.6375 0.39791666666666664 0.08125 0.08229166666666667
0 0.74375 0.5411458333333333 0.10234375 0.13020833333333334
0 0.65 0.5744791666666667 0.10859375 0.153125
0 0.78046875 0.3953125 0.12265625 0.14583333333333334
0 0.624609375 0.12604166666666666 0.10390625 0.16979166666666667
0 0.682421875 0.10364583333333334 0.06484375 0.11979166666666667
0 0.7234375 0.08385416666666666 0.06875 0.11770833333333333
0 0.110546875 0.8036458333333333 0.125 0.13541666666666666
0 0.86328125 0.4630208333333333 0.13359375 0.13541666666666666
0 0.691015625 0.45260416666666664 0.10390625 0.11979166666666667