0 0.4640625 0.6119791666666666 0.13671875 0.18333333333333332
0 0.7859375 0.6651041666666667 0.13828125 0.17291666666666666
0 0.84609375 0.4510416666666667 0.13046875 0.17916666666666667
0 0.7375 0.7375 0.15546875 0.19270833333333334
0 0.5953125 0.540625 0.1171875 0.159375
0 0.463671875 0.36041666666666666 0.10234375 0.140625
0 0.08203125 0.25416666666666665 0.13203125 0.16979166666666667
0 0.2640625 0.2140625 0.12734375 0.165625
0 0.3984375 0.325 0.109375 0.15520833333333334
0 0.42734375 0.44427083333333334 0.11953125 0.15729166666666666
0 0.196484375 0.3380208333333333 0.12109375 0.15729166666666666
0 0.67265625 0.5984375 0.1515625 0.20104166666666667
0 0.571484375 0.425 0.11328125 0.153125
0 0.31484375 0.3614583333333333 0.109375 0.14479166666666668
0 0.547265625 0.6505208333333333 0.1203125 0.15729166666666666