0 0.649609375 0.2791666666666667 0.13359375 0.18229166666666666
0 0.672265625 0.39427083333333335 0.12265625 0.13333333333333333
0 0.778125 0.490625 0.10390625 0.11458333333333333
0 0.53203125 0.37135416666666665 0.0890625 0.13125
0 0.45 0.5552083333333333 0.07421875 0.12395833333333334
0 0.38515625 0.6552083333333333 0.0875 0.12604166666666666
0 0.2671875 0.7411458333333333 0.12421875 0.146875
0 0.041796875 0.384375 0.08359375 0.125
0 0.258203125 0.6369791666666667 0.1328125 0.15625
0 0.804296875 0.28802083333333334 0.125 0.16041666666666668
0 0.914453125 0.2552083333333333 0.1125 0.13020833333333334
0 0.34453125 0.46927083333333336 0.11796875 0.14583333333333334
0 0.67734375 0.5760416666666667 0.121875 0.16666666666666666
0 0.66875 0.10833333333333334 0.15 0.21666666666666667
0 0.486328125 0.46145833333333336 0.09140625 0.15
0 0.569140625 0.4625 0.109375 0.13958333333333334
0 0.111328125 0.7708333333333334 0.15390625 0.15833333333333333