0 0.648828125 0.4276041666666667 0.121875 0.13125
0 0.47734375 0.4166666666666667 0.08828125 0.13125
0 0.399609375 0.6046875 0.0734375 0.12395833333333334
0 0.180078125 0.7411458333333333 0.1234375 0.14479166666666668
0 0.034765625 0.3692708333333333 0.06953125 0.12395833333333334
0 0.174609375 0.6307291666666667 0.13203125 0.15416666666666667
0 0.301171875 0.5197916666666667 0.1171875 0.14479166666666668
0 0.68203125 0.5796875 0.1203125 0.165625
0 0.41875 0.4875 0.090625 0.14895833333333333
0 0.51171875 0.509375 0.1078125 0.1375
0 0.311328125 0.6817708333333333 0.1109375 0.13645833333333332
0 0.734765625 0.4859375 0.1171875 0.14583333333333334
0 0.73046875 0.2833333333333333 0.13671875 0.178125
0 0.583203125 0.34010416666666665 0.14140625 0.13645833333333332
0 0.83984375 0.27447916666666666 0.1328125 0.14375
0 0.6859375 0.10052083333333334 0.1125 0.165625