0 0.63125 0.38177083333333334 0.12734375 0.15416666666666667
0 0.462890625 0.4265625 0.1 0.13958333333333334
0 0.421484375 0.6338541666666667 0.0859375 0.128125
0 0.2328125 0.8375 0.13125 0.165625
0 0.0328125 0.5270833333333333 0.065625 0.13541666666666666
0 0.2125 0.7276041666666667 0.140625 0.17604166666666668
0 0.3109375 0.5833333333333334 0.12578125 0.1625
0 0.6890625 0.5161458333333333 0.13359375 0.18020833333333333
0 0.41875 0.5140625 0.10546875 0.15520833333333334
0 0.512890625 0.50625 0.1171875 0.153125
0 0.34765625 0.7270833333333333 0.11953125 0.153125
0 0.725390625 0.41041666666666665 0.1265625 0.1625
0 0.684765625 0.21510416666666668 0.14921875 0.196875
0 0.5515625 0.3182291666666667 0.14453125 0.165625
0 0.7890625 0.17135416666666667 0.13828125 0.16770833333333332
0 0.608203125 0.07083333333333333 0.12734375 0.14166666666666666