0 0.733984375 0.1578125 0.10390625 0.165625
0 0.0625 0.2520833333333333 0.08046875 0.10104166666666667
0 0.612890625 0.39114583333333336 0.08671875 0.11979166666666667
0 0.502734375 0.5166666666666667 0.078125 0.12708333333333333
0 0.69921875 0.6505208333333333 0.09765625 0.13229166666666667
0 0.731640625 0.33645833333333336 0.14375 0.1375
0 0.8625 0.4239583333333333 0.11953125 0.13645833333333332
0 0.248828125 0.6770833333333334 0.10859375 0.11979166666666667
0 0.534765625 0.43854166666666666 0.103125 0.13854166666666667
0 0.740625 0.4317708333333333 0.1125 0.12291666666666666
0 0.10234375 0.6604166666666667 0.153125 0.12395833333333334
0 0.26171875 0.5583333333333333 0.12265625 0.11875
0 0.3671875 0.45260416666666664 0.10390625 0.11666666666666667
0 0.759375 0.5651041666666666 0.10859375 0.12708333333333333
0 0.3875 0.5703125 0.0875 0.12604166666666666
0 0.63984375 0.47291666666666665 0.1046875 0.1