0 0.70703125 0.2015625 0.13828125 0.17083333333333334
0 0.57578125 0.06770833333333333 0.1296875 0.13541666666666666
0 0.733203125 0.2833333333333333 0.15625 0.18958333333333333
0 0.5515625 0.3885416666666667 0.11640625 0.159375
0 0.3890625 0.4979166666666667 0.1015625 0.140625
0 0.183203125 0.9270833333333334 0.13203125 0.14583333333333334
0 0.034765625 0.5677083333333334 0.06953125 0.1375
0 0.2171875 0.6973958333333333 0.12734375 0.16458333333333333
0 0.34609375 0.5817708333333333 0.1078125 0.15520833333333334
0 0.4421875 0.5734375 0.11875 0.15520833333333334
0 0.28359375 0.8255208333333334 0.1203125 0.15625
0 0.628515625 0.3177083333333333 0.15078125 0.19895833333333332
0 0.462890625 0.3875 0.1125 0.15208333333333332
0 0.334375 0.7067708333333333 0.10859375 0.14479166666666668
0 0.59609375 0.47291666666666665 0.11953125 0.15625
0 0.834375 0.16354166666666667 0.14609375 0.17604166666666668
0 0.570703125 0.5796875 0.10234375 0.1375