0 0.63125 0.259375 0.13984375 0.18958333333333333
0 0.662890625 0.3692708333333333 0.125 0.14375
0 0.776171875 0.45208333333333334 0.10625 0.12395833333333334
0 0.52109375 0.36770833333333336 0.09453125 0.13645833333333332
0 0.45859375 0.5463541666666667 0.08046875 0.12708333333333333
0 0.396875 0.6520833333333333 0.09296875 0.13020833333333334
0 0.2265625 0.7744791666666667 0.128125 0.15625
0 0.03984375 0.44895833333333335 0.0796875 0.13125
0 0.21328125 0.6734375 0.1375 0.16666666666666666
0 0.786328125 0.246875 0.13046875 0.16875
0 0.89296875 0.19895833333333332 0.11640625 0.13958333333333334
0 0.34140625 0.5057291666666667 0.12265625 0.15416666666666667
0 0.685546875 0.5541666666666667 0.128125 0.17395833333333333
0 0.63671875 0.09947916666666666 0.159375 0.19895833333333332
0 0.47890625 0.4661458333333333 0.0984375 0.153125
0 0.56640625 0.4583333333333333 0.1140625 0.146875
0 0.13515625 0.8432291666666667 0.140625 0.15104166666666666