0 0.73359375 0.5489583333333333 0.14921875 0.2
0 0.685546875 0.6130208333333333 0.12734375 0.16041666666666668
0 0.6640625 0.8010416666666667 0.10859375 0.1375
0 0.597265625 0.46041666666666664 0.103125 0.14166666666666666
0 0.565234375 0.5567708333333333 0.12109375 0.15625
0 0.444921875 0.4734375 0.08984375 0.128125
0 0.346875 0.4453125 0.1 0.13645833333333332
0 0.22578125 0.3932291666666667 0.13203125 0.17083333333333334
0 0.133203125 0.2609375 0.1734375 0.215625
0 0.276953125 0.3145833333333333 0.14140625 0.18229166666666666
0 0.79609375 0.7213541666666666 0.13671875 0.18020833333333333
0 0.887890625 0.8119791666666667 0.11953125 0.153125
0 0.412109375 0.3484375 0.12734375 0.16666666666666666
0 0.57578125 0.7942708333333334 0.13671875 0.18333333333333332
0 0.83984375 0.4588541666666667 0.175 0.24166666666666667
0 0.515625 0.4630208333333333 0.11015625 0.15520833333333334