0 0.7515625 0.5494791666666666 0.1484375 0.2
0 0.69375 0.6369791666666667 0.12734375 0.15833333333333333
0 0.6546875 0.7604166666666666 0.10859375 0.13541666666666666
0 0.601953125 0.4375 0.10234375 0.140625
0 0.580078125 0.5651041666666666 0.12109375 0.15416666666666667
0 0.444140625 0.48020833333333335 0.0890625 0.128125
0 0.344921875 0.4557291666666667 0.09921875 0.13541666666666666
0 0.223828125 0.4125 0.13203125 0.16875
0 0.134765625 0.2765625 0.1734375 0.2125
0 0.272265625 0.325 0.14140625 0.18020833333333333
0 0.81328125 0.7505208333333333 0.1359375 0.17916666666666667
0 0.89609375 0.79375 0.11953125 0.15104166666666666
0 0.408203125 0.35260416666666666 0.12734375 0.165625
0 0.57734375 0.7895833333333333 0.1359375 0.18333333333333332
0 0.838671875 0.4421875 0.17265625 0.240625
0 0.516796875 0.44166666666666665 0.10859375 0.15520833333333334