0 0.66484375 0.4484375 0.11328125 0.11145833333333334
0 0.491796875 0.4317708333333333 0.0765625 0.11979166666666667
0 0.387890625 0.5729166666666666 0.0609375 0.115625
0 0.15234375 0.6588541666666666 0.11328125 0.125
0 0.048828125 0.26614583333333336 0.08125 0.11145833333333334
0 0.16796875 0.5515625 0.12109375 0.13333333333333333
0 0.301953125 0.4734375 0.10625 0.12604166666666666
0 0.669921875 0.6145833333333334 0.10703125 0.14895833333333333
0 0.723046875 0.153125 0.12734375 0.20729166666666668
0 0.426171875 0.48385416666666664 0.07578125 0.13854166666666667
0 0.497265625 0.5177083333333333 0.09765625 0.121875
0 0.3078125 0.6098958333333333 0.10078125 0.11979166666666667
0 0.729296875 0.5348958333333333 0.10625 0.12708333333333333
0 0.89296875 0.353125 0.13984375 0.14479166666666668
0 0.755078125 0.34010416666666665 0.12265625 0.15729166666666666
0 0.594921875 0.3734375 0.134375 0.11041666666666666