0 0.509375 0.621875 0.10703125 0.14895833333333333
0 0.81015625 0.459375 0.1234375 0.12083333333333333
0 0.78046875 0.2234375 0.09765625 0.15104166666666666
0 0.794140625 0.5541666666666667 0.1421875 0.12916666666666668
0 0.59375 0.4609375 0.0890625 0.13229166666666667
0 0.4171875 0.4015625 0.0765625 0.11979166666666667
0 0.051171875 0.5541666666666667 0.10234375 0.125
0 0.10390625 0.12916666666666668 0.08125 0.11145833333333334
0 0.189453125 0.40208333333333335 0.10625 0.12604166666666666
0 0.34375 0.4270833333333333 0.07578125 0.13854166666666667
0 0.416796875 0.49947916666666664 0.09765625 0.121875
0 0.176171875 0.5552083333333333 0.10078125 0.11979166666666667
0 0.68671875 0.475 0.12265625 0.15729166666666666
0 0.52734375 0.3828125 0.08828125 0.125
0 0.28046875 0.5088541666666667 0.0875 0.115625
0 0.59140625 0.5776041666666667 0.09921875 0.12083333333333333
0 0.9328125 0.525 0.134375 0.11875