0 0.576171875 0.5083333333333333 0.11328125 0.11145833333333334
0 0.4171875 0.4015625 0.0765625 0.11979166666666667
0 0.05078125 0.5541666666666667 0.1015625 0.125
0 0.109375 0.12864583333333332 0.08125 0.11145833333333334
0 0.204296875 0.41041666666666665 0.10625 0.12604166666666666
0 0.563671875 0.6453125 0.10703125 0.14895833333333333
0 0.34765625 0.4125 0.07578125 0.13854166666666667
0 0.421484375 0.503125 0.09765625 0.121875
0 0.1734375 0.5447916666666667 0.10078125 0.11979166666666667
0 0.699609375 0.4427083333333333 0.12265625 0.15729166666666666
0 0.879296875 0.478125 0.1234375 0.12083333333333333
0 0.776171875 0.2630208333333333 0.09765625 0.15104166666666666
0 0.54453125 0.3921875 0.08828125 0.125
0 0.65625 0.5932291666666667 0.0828125 0.09895833333333333
0 0.29921875 0.5104166666666666 0.0875 0.115625