0 0.637109375 0.4713541666666667 0.1421875 0.19270833333333334
0 0.6828125 0.6026041666666667 0.12578125 0.146875
0 0.52109375 0.43645833333333334 0.09609375 0.1375
0 0.376171875 0.4796875 0.08203125 0.12708333333333333
0 0.143359375 0.3807291666666667 0.1296875 0.159375
0 0.215625 0.021875 0.0984375 0.04375
0 0.2 0.3026041666666667 0.13828125 0.16875
0 0.34453125 0.334375 0.1234375 0.15729166666666666
0 0.583984375 0.7369791666666666 0.1296875 0.17604166666666668
0 0.828515625 0.37135416666666665 0.1625 0.23645833333333333
0 0.4515625 0.42135416666666664 0.10078125 0.15416666666666667
0 0.4921875 0.5119791666666667 0.11484375 0.14895833333333333
0 0.29296875 0.45416666666666666 0.1171875 0.14895833333333333
0 0.680859375 0.7072916666666667 0.12421875 0.15729166666666666
0 0.889453125 0.6625 0.1578125 0.18854166666666666
0 0.782421875 0.58125 0.14609375 0.19166666666666668