0 0.803125 0.4557291666666667 0.1234375 0.12083333333333333
0 0.78125 0.13645833333333332 0.09765625 0.15104166666666666
0 0.78984375 0.5546875 0.1421875 0.12916666666666668
0 0.59375 0.4609375 0.0890625 0.13229166666666667
0 0.4171875 0.4015625 0.0765625 0.11979166666666667
0 0.05078125 0.5541666666666667 0.1015625 0.125
0 0.102734375 0.13385416666666666 0.08125 0.11145833333333334
0 0.189453125 0.40208333333333335 0.10625 0.12604166666666666
0 0.34375 0.42864583333333334 0.07578125 0.13854166666666667
0 0.417578125 0.5036458333333333 0.09765625 0.121875
0 0.1796875 0.54375 0.10078125 0.11979166666666667
0 0.52734375 0.3828125 0.08828125 0.125
0 0.270703125 0.5098958333333333 0.0875 0.115625
0 0.5796875 0.5765625 0.09921875 0.12083333333333333
0 0.91796875 0.5385416666666667 0.134375 0.11875
0 0.514453125 0.621875 0.08125 0.1125
0 0.686328125 0.4557291666666667 0.1 0.14791666666666667