0 0.8359375 0.415625 0.1375 0.19166666666666668
0 0.7703125 0.5604166666666667 0.146875 0.19791666666666666
0 0.7203125 0.64375 0.12734375 0.15520833333333334
0 0.603515625 0.76875 0.13984375 0.19166666666666668
0 0.684765625 0.7578125 0.10859375 0.13229166666666667
0 0.64375 0.5072916666666667 0.10078125 0.140625
0 0.60390625 0.6036458333333333 0.12109375 0.15208333333333332
0 0.49140625 0.5203125 0.08671875 0.128125
0 0.378515625 0.48541666666666666 0.09765625 0.13541666666666666
0 0.230859375 0.43802083333333336 0.13125 0.16666666666666666
0 0.1203125 0.3125 0.17421875 0.20729166666666668
0 0.296875 0.3453125 0.140625 0.17708333333333334
0 0.82265625 0.728125 0.13515625 0.17708333333333334
0 0.90703125 0.7661458333333333 0.11875 0.14895833333333333
0 0.41640625 0.3697916666666667 0.1265625 0.1625
0 0.557421875 0.47291666666666665 0.1203125 0.15416666666666667