0 0.621875 0.4453125 0.11953125 0.12604166666666666
0 0.406640625 0.44166666666666665 0.08515625 0.128125
0 0.09609375 0.7526041666666666 0.1203125 0.13958333333333334
0 0.03828125 0.3489583333333333 0.0765625 0.12083333333333333
0 0.200390625 0.5572916666666666 0.1140625 0.13958333333333334
0 0.637890625 0.5973958333333333 0.1171875 0.16145833333333334
0 0.333984375 0.49114583333333334 0.08671875 0.14583333333333334
0 0.4328125 0.5453125 0.10546875 0.13333333333333333
0 0.2078125 0.6859375 0.10859375 0.13229166666666667
0 0.73515625 0.5026041666666666 0.1140625 0.140625
0 0.738671875 0.3 0.1328125 0.171875
0 0.5890625 0.3463541666666667 0.13984375 0.12916666666666668
0 0.8484375 0.2984375 0.13046875 0.1375
0 0.708984375 0.1390625 0.10859375 0.1625
0 0.306640625 0.625 0.115625 0.15520833333333334