0 0.805078125 0.4984375 0.1296875 0.13541666666666666
0 0.80859375 0.17760416666666667 0.10703125 0.16041666666666668
0 0.783984375 0.5947916666666667 0.1484375 0.14583333333333334
0 0.596484375 0.4739583333333333 0.09765625 0.14166666666666666
0 0.425390625 0.390625 0.08359375 0.12708333333333333
0 0.0515625 0.490625 0.103125 0.1375
0 0.13359375 0.08020833333333334 0.0875 0.11875
0 0.198828125 0.359375 0.11328125 0.1375
0 0.35 0.40729166666666666 0.08515625 0.14479166666666668
0 0.417578125 0.4921875 0.10390625 0.13229166666666667
0 0.177734375 0.4984375 0.1078125 0.13020833333333334
0 0.536328125 0.38697916666666665 0.0953125 0.134375
0 0.271484375 0.47760416666666666 0.09453125 0.12395833333333334
0 0.573046875 0.5869791666666667 0.10546875 0.13125
0 0.9125 0.5963541666666666 0.13984375 0.134375
0 0.5046875 0.6234375 0.0875 0.11979166666666667
0 0.688671875 0.4822916666666667 0.10859375 0.15729166666666666