0 0.598046875 0.2328125 0.14765625 0.19895833333333332
0 0.63984375 0.3265625 0.12734375 0.15729166666666666
0 0.766796875 0.39114583333333336 0.10859375 0.134375
0 0.503515625 0.3645833333333333 0.1015625 0.140625
0 0.45625 0.5432291666666667 0.08828125 0.128125
0 0.408984375 0.6729166666666667 0.09921875 0.13541666666666666
0 0.33984375 0.8104166666666667 0.13203125 0.16770833333333332
0 0.212109375 0.884375 0.1734375 0.21041666666666667
0 0.039453125 0.5552083333333333 0.07890625 0.1375
0 0.29609375 0.7208333333333333 0.14140625 0.17916666666666667
0 0.753125 0.19895833333333332 0.1359375 0.17916666666666667
0 0.84765625 0.1125 0.11953125 0.15
0 0.363671875 0.5614583333333333 0.12734375 0.16458333333333333
0 0.723046875 0.5104166666666666 0.13515625 0.18229166666666666
0 0.58046875 0.08854166666666667 0.171875 0.17708333333333334
0 0.47890625 0.46822916666666664 0.1078125 0.15520833333333334
0 0.5578125 0.4510416666666667 0.10625 0.14166666666666666