0 0.660546875 0.29375 0.128125 0.175
0 0.67734375 0.4088541666666667 0.11953125 0.12604166666666666
0 0.778125 0.5166666666666667 0.1015625 0.10833333333333334
0 0.53828125 0.37447916666666664 0.08515625 0.128125
0 0.453125 0.5359375 0.06953125 0.121875
0 0.378515625 0.6255208333333333 0.08359375 0.121875
0 0.194921875 0.7072916666666667 0.1203125 0.13958333333333334
0 0.0453125 0.3416666666666667 0.08828125 0.12083333333333333
0 0.194921875 0.6046875 0.1296875 0.14791666666666667
0 0.81484375 0.3171875 0.1203125 0.15416666666666667
0 0.926171875 0.2942708333333333 0.11015625 0.12395833333333334
0 0.343359375 0.46875 0.1140625 0.13958333333333334
0 0.67578125 0.5963541666666666 0.1171875 0.16145833333333334
0 0.689453125 0.1203125 0.1421875 0.22083333333333333
0 0.48359375 0.46197916666666666 0.08671875 0.14583333333333334
0 0.570703125 0.4744791666666667 0.10546875 0.13333333333333333
0 0.09609375 0.7536458333333333 0.1359375 0.12916666666666668