0 0.684375 0.3104166666666667 0.10390625 0.109375
0 0.690625 0.465625 0.10703125 0.11770833333333333
0 0.7734375 0.30885416666666665 0.05078125 0.08229166666666667
0 0.499609375 0.6067708333333334 0.07734375 0.15416666666666667
0 0.153125 0.3692708333333333 0.103125 0.10729166666666666
0 0.27109375 0.44427083333333334 0.10390625 0.1375
0 0.516796875 0.4427083333333333 0.07734375 0.115625
0 0.3625 0.5692708333333333 0.103125 0.13854166666666667
0 0.12265625 0.453125 0.13828125 0.10625
0 0.050390625 0.390625 0.09375 0.10729166666666666
0 0.4078125 0.3927083333333333 0.08203125 0.12916666666666668