0 0.6703125 0.31666666666666665 0.1125 0.125
0 0.684765625 0.4359375 0.115625 0.13229166666666667
0 0.763671875 0.246875 0.05703125 0.08958333333333333
0 0.5109375 0.6135416666666667 0.090625 0.16458333333333333
0 0.1328125 0.3828125 0.11171875 0.12291666666666666
0 0.26484375 0.44635416666666666 0.11484375 0.153125
0 0.366015625 0.571875 0.11484375 0.153125
0 0.140234375 0.5104166666666666 0.14609375 0.12708333333333333
0 0.0421875 0.42604166666666665 0.084375 0.12083333333333333
0 0.394921875 0.4041666666666667 0.09296875 0.140625
0 0.5046875 0.44427083333333334 0.0921875 0.15104166666666666
0 0.61328125 0.5291666666666667 0.10625 0.16145833333333334