0 0.73203125 0.48020833333333335 0.128125 0.16145833333333334
0 0.67265625 0.6135416666666667 0.1328125 0.16875
0 0.806640625 0.5453125 0.07265625 0.10208333333333333
0 0.451953125 0.5953125 0.12265625 0.18020833333333333
0 0.2671875 0.1328125 0.1265625 0.15833333333333333
0 0.346875 0.26458333333333334 0.13828125 0.184375
0 0.5375 0.46510416666666665 0.1078125 0.14791666666666667
0 0.35703125 0.4546875 0.13828125 0.184375
0 0.218359375 0.1953125 0.1546875 0.18125
0 0.17109375 0.06666666666666667 0.11875 0.13333333333333333
0 0.467578125 0.3359375 0.1171875 0.1625