0 0.730078125 0.45364583333333336 0.1265625 0.15520833333333334
0 0.679296875 0.5932291666666667 0.13125 0.16354166666666667
0 0.824609375 0.5020833333333333 0.0703125 0.10104166666666667
0 0.45859375 0.6005208333333333 0.1171875 0.17916666666666667
0 0.244140625 0.16145833333333334 0.125 0.153125
0 0.315625 0.2989583333333333 0.13515625 0.18020833333333333
0 0.53515625 0.4609375 0.1046875 0.14479166666666668
0 0.354296875 0.4713541666666667 0.13515625 0.18020833333333333
0 0.19921875 0.22916666666666666 0.15546875 0.171875
0 0.148828125 0.0890625 0.11640625 0.146875
0 0.45703125 0.340625 0.11328125 0.16041666666666668