0 0.73125 0.534375 0.128125 0.16875
0 0.655078125 0.6515625 0.13359375 0.17604166666666668
0 0.79609375 0.615625 0.0765625 0.103125
0 0.444140625 0.5765625 0.13046875 0.178125
0 0.318359375 0.084375 0.1265625 0.16666666666666666
0 0.3640625 0.24791666666666667 0.1421875 0.18854166666666666
0 0.541796875 0.4744791666666667 0.11171875 0.15
0 0.36484375 0.42291666666666666 0.14140625 0.18958333333333333
0 0.253125 0.11666666666666667 0.1515625 0.19583333333333333
0 0.233203125 0.041666666666666664 0.11953125 0.08333333333333333
0 0.489453125 0.3375 0.121875 0.16458333333333333