0 0.732421875 0.5130208333333334 0.12890625 0.16666666666666666
0 0.6625 0.6369791666666667 0.13359375 0.17395833333333333
0 0.8015625 0.5880208333333333 0.075 0.103125
0 0.444921875 0.5880208333333333 0.12734375 0.17916666666666667
0 0.297265625 0.10260416666666666 0.12734375 0.16354166666666667
0 0.3515625 0.26145833333333335 0.140625 0.1875
0 0.540234375 0.4703125 0.11015625 0.15
0 0.361328125 0.4348958333333333 0.140625 0.1875
0 0.22734375 0.128125 0.153125 0.190625
0 0.208203125 0.05416666666666667 0.11953125 0.10833333333333334
0 0.48125 0.3385416666666667 0.1203125 0.16458333333333333