0 0.584765625 0.2109375 0.128125 0.1625
0 0.65 0.33958333333333335 0.1328125 0.16979166666666667
0 0.660546875 0.1484375 0.0734375 0.10208333333333333
0 0.54453125 0.5979166666666667 0.1234375 0.18020833333333333
0 0.151953125 0.6260416666666667 0.1265625 0.159375
0 0.275390625 0.5859375 0.1390625 0.18541666666666667
0 0.4921875 0.4395833333333333 0.1078125 0.14791666666666667
0 0.40859375 0.6536458333333334 0.1390625 0.18541666666666667
0 0.173828125 0.7119791666666667 0.1546875 0.18229166666666666
0 0.072265625 0.7151041666666667 0.11875 0.153125
0 0.379296875 0.4708333333333333 0.11796875 0.1625