0 0.330078125 0.465625 0.096875 0.128125
0 0.64453125 0.25729166666666664 0.11953125 0.13854166666666667
0 0.673828125 0.4088541666666667 0.1234375 0.14583333333333334
0 0.73046875 0.2265625 0.06328125 0.09479166666666666
0 0.4546875 0.42291666666666666 0.090625 0.134375
0 0.573828125 0.496875 0.1 0.16666666666666666
0 0.58515625 0.6546875 0.1015625 0.171875
0 0.145703125 0.48385416666666664 0.11796875 0.13645833333333332
0 0.48046875 0.609375 0.10390625 0.14166666666666666
0 0.155859375 0.5890625 0.1703125 0.15625
0 0.058203125 0.5526041666666667 0.11640625 0.128125