0 0.541796875 0.19479166666666667 0.128125 0.16979166666666667
0 0.62421875 0.30416666666666664 0.13359375 0.17708333333333334
0 0.607421875 0.1140625 0.0765625 0.10208333333333333
0 0.5578125 0.5848958333333333 0.13125 0.17708333333333334
0 0.1765625 0.7125 0.1265625 0.16770833333333332
0 0.291796875 0.6411458333333333 0.1421875 0.18958333333333333
0 0.48359375 0.4427083333333333 0.11171875 0.15
0 0.432421875 0.6739583333333333 0.1421875 0.18958333333333333
0 0.21015625 0.790625 0.15 0.19791666666666666
0 0.094140625 0.8088541666666667 0.11953125 0.15833333333333333
0 0.373046875 0.5020833333333333 0.12265625 0.16354166666666667