0 0.687890625 0.35052083333333334 0.103125 0.10729166666666666
0 0.681640625 0.48125 0.10546875 0.11458333333333333
0 0.787109375 0.2984375 0.04921875 0.08125
0 0.500390625 0.5947916666666667 0.07578125 0.153125
0 0.081640625 0.35260416666666666 0.10234375 0.10520833333333333
0 0.253125 0.4296875 0.10234375 0.13541666666666666
0 0.089453125 0.475 0.1375 0.103125
0 0.38828125 0.475 0.08046875 0.128125
0 0.5046875 0.4078125 0.07890625 0.13854166666666667
0 0.3359375 0.5520833333333334 0.08828125 0.09375
0 0.26640625 0.8109375 0.08515625 0.153125
0 0.421484375 0.6895833333333333 0.08671875 0.15208333333333332