0 0.73203125 0.48072916666666665 0.128125 0.16145833333333334
0 0.673828125 0.6135416666666667 0.1328125 0.16875
0 0.806640625 0.5453125 0.07265625 0.10208333333333333
0 0.45 0.596875 0.12265625 0.18020833333333333
0 0.2640625 0.13333333333333333 0.1265625 0.15833333333333333
0 0.33359375 0.2833333333333333 0.13828125 0.184375
0 0.537890625 0.46510416666666665 0.1078125 0.14791666666666667
0 0.3546875 0.43854166666666666 0.13828125 0.184375
0 0.216015625 0.22395833333333334 0.1546875 0.18125
0 0.1734375 0.07447916666666667 0.11875 0.14895833333333333
0 0.46875 0.3416666666666667 0.1171875 0.1625