0 0.723828125 0.4161458333333333 0.12265625 0.14479166666666668
0 0.686328125 0.5635416666666667 0.1265625 0.153125
0 0.80703125 0.459375 0.06640625 0.09791666666666667
0 0.46796875 0.60625 0.1078125 0.175
0 0.21484375 0.20520833333333333 0.12109375 0.14270833333333333
0 0.31328125 0.3125 0.12890625 0.17083333333333334
0 0.53125 0.4552083333333333 0.0984375 0.13958333333333334
0 0.352734375 0.4953125 0.128125 0.171875
0 0.176953125 0.28020833333333334 0.153125 0.15625
0 0.113671875 0.17395833333333333 0.1125 0.13854166666666667
0 0.44453125 0.3541666666666667 0.10625 0.15416666666666667