0 0.70625 0.35625 0.11171875 0.12291666666666666
0 0.6921875 0.5104166666666666 0.11484375 0.13020833333333334
0 0.807421875 0.3609375 0.05625 0.08854166666666667
0 0.48515625 0.6135416666666667 0.08828125 0.16354166666666667
0 0.175390625 0.290625 0.1109375 0.12083333333333333
0 0.278125 0.36614583333333334 0.1140625 0.15104166666666666
0 0.523828125 0.4473958333333333 0.08515625 0.125
0 0.35546875 0.5359375 0.11328125 0.15208333333333332
0 0.14921875 0.3723958333333333 0.1453125 0.12395833333333334
0 0.0703125 0.24739583333333334 0.1015625 0.11875
0 0.4203125 0.36770833333333336 0.09140625 0.13958333333333334