0 0.64765625 0.2604166666666667 0.11875 0.13645833333333332
0 0.678125 0.40989583333333335 0.121875 0.14479166666666668
0 0.733984375 0.23177083333333334 0.0625 0.09375
0 0.573828125 0.4984375 0.0984375 0.165625
0 0.5765625 0.6447916666666667 0.1 0.17083333333333334
0 0.130078125 0.48125 0.1171875 0.134375
0 0.1484375 0.5963541666666666 0.16953125 0.153125
0 0.425390625 0.4515625 0.08515625 0.12291666666666666
0 0.2828125 0.49635416666666665 0.1234375 0.16354166666666667
0 0.456640625 0.6098958333333333 0.11484375 0.18541666666666667
0 0.056640625 0.5427083333333333 0.11328125 0.13125