0 0.62109375 0.23489583333333333 0.12421875 0.15
0 0.669921875 0.3770833333333333 0.12890625 0.15729166666666666
0 0.709765625 0.16979166666666667 0.06796875 0.09895833333333333
0 0.53125 0.6067708333333334 0.11171875 0.17708333333333334
0 0.141015625 0.54375 0.12265625 0.14791666666666667
0 0.26171875 0.5463541666666667 0.13203125 0.175
0 0.500390625 0.43854166666666666 0.1015625 0.14270833333333333
0 0.397265625 0.6588541666666666 0.13125 0.17604166666666668
0 0.15703125 0.6286458333333333 0.1546875 0.1625
0 0.0453125 0.5786458333333333 0.090625 0.14270833333333333
0 0.380859375 0.44114583333333335 0.109375 0.15729166666666666