0 0.681640625 0.3067708333333333 0.10546875 0.1125
0 0.69140625 0.45989583333333334 0.1078125 0.11979166666666667
0 0.770703125 0.3026041666666667 0.0515625 0.08333333333333333
0 0.50234375 0.6322916666666667 0.07890625 0.15625
0 0.14921875 0.3802083333333333 0.1046875 0.11041666666666666
0 0.2703125 0.45 0.10625 0.140625
0 0.516015625 0.4427083333333333 0.07890625 0.11770833333333333
0 0.3546875 0.5609375 0.10546875 0.14166666666666666
0 0.147265625 0.4921875 0.13984375 0.109375
0 0.048828125 0.4005208333333333 0.0953125 0.109375
0 0.40625 0.39479166666666665 0.08359375 0.13125