0 0.70234375 0.3463541666666667 0.109375 0.11875
0 0.6921875 0.5010416666666667 0.1125 0.12604166666666666
0 0.790625 0.3614583333333333 0.0546875 0.08645833333333333
0 0.48828125 0.6135416666666667 0.08515625 0.16041666666666668
0 0.169921875 0.30625 0.10859375 0.11666666666666667
0 0.284765625 0.378125 0.1109375 0.146875
0 0.522265625 0.44635416666666666 0.0828125 0.121875
0 0.35625 0.5427083333333333 0.11015625 0.14791666666666667
0 0.146484375 0.390625 0.14296875 0.11875
0 0.06171875 0.2838541666666667 0.09921875 0.115625
0 0.4171875 0.37135416666666665 0.08828125 0.13645833333333332