0 0.710546875 0.4203125 0.11796875 0.134375
0 0.6875 0.5369791666666667 0.12109375 0.14270833333333333
0 0.8171875 0.4041666666666667 0.06171875 0.09375
0 0.47734375 0.5927083333333333 0.0984375 0.16979166666666667
0 0.196484375 0.20104166666666667 0.11640625 0.13229166666666667
0 0.299609375 0.32760416666666664 0.121875 0.16145833333333334
0 0.358984375 0.5270833333333333 0.12109375 0.1625
0 0.14296875 0.309375 0.15 0.140625
0 0.0921875 0.1890625 0.10703125 0.12916666666666668
0 0.40234375 0.4046875 0.09921875 0.14791666666666667
0 0.52109375 0.4505208333333333 0.1 0.15729166666666666
0 0.3546875 0.721875 0.1140625 0.16979166666666667
0 0.219140625 0.6859375 0.11640625 0.19270833333333334