0 0.28984375 0.13802083333333334 0.0796875 0.0875
0 0.283984375 0.35104166666666664 0.09375 0.103125
0 0.562109375 0.6234375 0.06796875 0.115625
0 0.596875 0.7848958333333333 0.0859375 0.13645833333333332
0 0.716796875 0.9078125 0.10703125 0.16666666666666666
0 0.8890625 0.8427083333333333 0.09921875 0.14895833333333333
0 0.226953125 0.8401041666666667 0.0765625 0.1375
0 0.14609375 0.8822916666666667 0.09765625 0.146875
0 0.314453125 0.8197916666666667 0.07109375 0.15729166666666666
0 0.494921875 0.8296875 0.07890625 0.17708333333333334
0 0.390625 0.8765625 0.075 0.14791666666666667
0 0.610546875 0.94375 0.08203125 0.10416666666666667