0 0.4765625 0.059895833333333336 0.1140625 0.11979166666666667
0 0.388671875 0.20572916666666666 0.1109375 0.15104166666666666
0 0.5015625 0.6390625 0.096875 0.13541666666666666
0 0.471875 0.9171875 0.14375 0.165625
0 0.556640625 0.946875 0.15078125 0.10625
0 0.237890625 0.7953125 0.1171875 0.15729166666666666
0 0.36015625 0.871875 0.096875 0.13229166666666667
0 0.11953125 0.6614583333333334 0.1234375 0.18541666666666667
0 0.197265625 0.6671875 0.1234375 0.18541666666666667
0 0.268359375 0.6973958333333333 0.09921875 0.146875
0 0.076953125 0.5671875 0.15390625 0.221875
0 0.4203125 0.784375 0.1390625 0.1875