0 0.26328125 0.16927083333333334 0.08515625 0.09791666666666667
0 0.2734375 0.38229166666666664 0.10078125 0.11458333333333333
0 0.57109375 0.6140625 0.07578125 0.12395833333333334
0 0.633984375 0.8109375 0.09609375 0.146875
0 0.7609375 0.8463541666666666 0.11875 0.17916666666666667
0 0.951953125 0.7796875 0.09609375 0.16145833333333334
0 0.2546875 0.8760416666666667 0.08671875 0.146875
0 0.178125 0.925 0.1078125 0.15
0 0.35078125 0.8369791666666667 0.0828125 0.165625
0 0.523828125 0.8583333333333333 0.09140625 0.18645833333333334
0 0.4265625 0.8932291666666666 0.08515625 0.15625
0 0.644140625 0.9260416666666667 0.0890625 0.11354166666666667