0 0.163671875 0.4317708333333333 0.11171875 0.14895833333333333
0 0.26171875 0.5890625 0.1140625 0.15208333333333332
0 0.602734375 0.5244791666666667 0.10078125 0.134375
0 0.7859375 0.63125 0.15 0.2
0 0.959375 0.44114583333333335 0.08125 0.215625
0 0.6484375 0.909375 0.11953125 0.159375
0 0.70625 0.8072916666666666 0.1 0.13333333333333333
0 0.553515625 0.9369791666666667 0.13359375 0.12604166666666666
0 0.46015625 0.9776041666666667 0.1671875 0.04479166666666667
0 0.644921875 0.7130208333333333 0.1421875 0.18958333333333333
0 0.866015625 0.5208333333333334 0.1390625 0.18541666666666667
0 0.936328125 0.5598958333333334 0.109375 0.14583333333333334
0 0.564453125 0.8421875 0.13515625 0.18020833333333333