0 0.271875 0.15729166666666666 0.08359375 0.09479166666666666
0 0.2765625 0.37135416666666665 0.0984375 0.11145833333333334
0 0.5671875 0.6 0.0734375 0.12083333333333333
0 0.58359375 0.784375 0.090625 0.15729166666666666
0 0.695703125 0.8213541666666667 0.09296875 0.14270833333333333
0 0.8296875 0.8348958333333333 0.11484375 0.175
0 0.94921875 0.8005208333333333 0.1015625 0.15729166666666666
0 0.439453125 0.8151041666666666 0.10078125 0.15729166666666666
0 0.314453125 0.8354166666666667 0.08359375 0.14375
0 0.346875 0.9473958333333333 0.0984375 0.10520833333333333
0 0.26015625 0.9140625 0.071875 0.171875
0 0.125390625 0.9145833333333333 0.13203125 0.165625