0 0.37265625 0.08854166666666667 0.10859375 0.115625
0 0.326171875 0.265625 0.096875 0.1375
0 0.53359375 0.6322916666666667 0.08203125 0.12708333333333333
0 0.53046875 0.8802083333333334 0.12109375 0.18854166666666666
0 0.7703125 0.9791666666666666 0.1484375 0.041666666666666664
0 0.417578125 0.9229166666666667 0.08515625 0.11979166666666667
0 0.0640625 0.7083333333333334 0.128125 0.20208333333333334
0 0.396484375 0.7572916666666667 0.12265625 0.16875
0 0.6671875 0.9140625 0.11640625 0.16979166666666667
0 0.148828125 0.771875 0.1234375 0.184375
0 0.2375 0.7484375 0.10078125 0.15