0 0.28125 0.15052083333333333 0.08125 0.09166666666666666
0 0.280078125 0.3614583333333333 0.09609375 0.10729166666666666
0 0.553125 0.6098958333333333 0.0703125 0.11875
0 0.687109375 0.8302083333333333 0.08984375 0.13958333333333334
0 0.819921875 0.8822916666666667 0.1109375 0.17083333333333334
0 0.943359375 0.8213541666666667 0.10234375 0.153125
0 0.226171875 0.8619791666666666 0.08046875 0.140625
0 0.151953125 0.9130208333333333 0.10078125 0.15104166666666666
0 0.553515625 0.8427083333333333 0.07421875 0.15729166666666666
0 0.4015625 0.9479166666666666 0.096875 0.10416666666666667
0 0.70234375 0.9291666666666667 0.09140625 0.10416666666666667
0 0.35390625 0.8208333333333333 0.075 0.16041666666666668