0 0.239453125 0.21145833333333333 0.10703125 0.1125
0 0.261328125 0.41302083333333334 0.09453125 0.134375
0 0.57890625 0.5916666666666667 0.0796875 0.125
0 0.694140625 0.8088541666666667 0.11796875 0.18645833333333334
0 0.469140625 0.9421875 0.10234375 0.115625
0 0.558203125 0.9052083333333333 0.0828125 0.11770833333333333
0 0.366015625 0.9213541666666667 0.09296875 0.15729166666666666
0 0.247265625 0.9296875 0.13828125 0.140625
0 0.541796875 0.7822916666666667 0.11953125 0.165625
0 0.80546875 0.7692708333333333 0.11328125 0.16666666666666666
0 0.851171875 0.8510416666666667 0.10078125 0.115625
0 0.429296875 0.8447916666666667 0.10546875 0.19791666666666666