0 0.49921875 0.057291666666666664 0.1140625 0.11458333333333333
0 0.396875 0.20052083333333334 0.11171875 0.15208333333333332
0 0.49765625 0.6390625 0.09765625 0.13645833333333332
0 0.447265625 0.896875 0.1453125 0.20208333333333334
0 0.219921875 0.7598958333333333 0.11796875 0.15833333333333333
0 0.31328125 0.8244791666666667 0.09765625 0.13229166666666667
0 0.16484375 0.6427083333333333 0.12578125 0.184375
0 0.077734375 0.5364583333333334 0.15546875 0.22291666666666668
0 0.360546875 0.7197916666666667 0.13984375 0.18854166666666666
0 0.54140625 0.9463541666666667 0.1359375 0.10729166666666666
0 0.25390625 0.646875 0.125 0.178125