0 0.456640625 0.06197916666666667 0.11328125 0.12395833333333334
0 0.377734375 0.21354166666666666 0.109375 0.15
0 0.50703125 0.6390625 0.09453125 0.13541666666666666
0 0.483984375 0.8807291666666667 0.140625 0.20104166666666667
0 0.221875 0.7802083333333333 0.11640625 0.15520833333333334
0 0.33515625 0.8567708333333334 0.09609375 0.13125
0 0.06015625 0.5338541666666666 0.1203125 0.21979166666666666
0 0.380078125 0.7395833333333334 0.1375 0.18541666666666667
0 0.587109375 0.9270833333333334 0.13203125 0.14583333333333334
0 0.253515625 0.6645833333333333 0.11328125 0.15833333333333333
0 0.14921875 0.6369791666666667 0.14140625 0.19895833333333332