0 0.317578125 0.11666666666666667 0.1 0.09479166666666666
0 0.295703125 0.3140625 0.08359375 0.121875
0 0.551953125 0.6208333333333333 0.06875 0.11458333333333333
0 0.6109375 0.8515625 0.1015625 0.171875
0 0.84609375 0.9307291666666667 0.1328125 0.13854166666666667
0 0.478515625 0.9317708333333333 0.0734375 0.10625
0 0.0953125 0.8177083333333334 0.12109375 0.18020833333333333
0 0.47734375 0.7895833333333333 0.10625 0.14895833333333333
0 0.725 0.85 0.09921875 0.15208333333333332
0 0.74296875 0.9661458333333334 0.0921875 0.06770833333333333
0 0.207421875 0.8578125 0.10546875 0.165625
0 0.292578125 0.8140625 0.0859375 0.134375