0 0.359375 0.22864583333333333 0.10625 0.146875
0 0.516015625 0.6385416666666667 0.09140625 0.13333333333333333
0 0.46328125 0.8166666666666667 0.13515625 0.19895833333333332
0 0.6421875 0.9770833333333333 0.1578125 0.04583333333333333
0 0.185546875 0.7885416666666667 0.11328125 0.15104166666666666
0 0.051953125 0.5984375 0.10390625 0.215625
0 0.54375 0.9098958333333333 0.128125 0.18020833333333333
0 0.12734375 0.6875 0.13671875 0.19479166666666667
0 0.2125 0.675 0.11171875 0.159375
0 0.32265625 0.71875 0.1359375 0.21979166666666666
0 0.334765625 0.8578125 0.10234375 0.178125
0 0.439453125 0.058333333333333334 0.12421875 0.11666666666666667