0 0.269140625 0.17083333333333334 0.1 0.09479166666666666
0 0.274609375 0.3640625 0.08359375 0.121875
0 0.5671875 0.6078125 0.06875 0.11458333333333333
0 0.655078125 0.8208333333333333 0.1015625 0.171875
0 0.89765625 0.8859375 0.1328125 0.15208333333333332
0 0.398046875 0.9416666666666667 0.09140625 0.11666666666666667
0 0.509375 0.9135416666666667 0.0734375 0.10625
0 0.313671875 0.9098958333333333 0.07578125 0.17291666666666666
0 0.173828125 0.890625 0.12109375 0.18020833333333333
0 0.50859375 0.7880208333333333 0.10625 0.14895833333333333
0 0.7703125 0.8302083333333333 0.09921875 0.15208333333333332
0 0.794921875 0.9203125 0.0921875 0.1
0 0.25078125 0.9489583333333333 0.0765625 0.10208333333333333
0 0.3828125 0.8234375 0.09375 0.14791666666666667