0 0.226953125 0.22291666666666668 0.0921875 0.11041666666666666
0 0.2625 0.43072916666666666 0.109375 0.13020833333333334
0 0.58359375 0.5979166666666667 0.08671875 0.13333333333333333
0 0.64921875 0.7416666666666667 0.1078125 0.15833333333333333
0 0.78828125 0.8192708333333333 0.134375 0.19479166666666667
0 0.940625 0.6963541666666667 0.11875 0.17604166666666668
0 0.30234375 0.921875 0.1 0.15625
0 0.232421875 0.9526041666666667 0.12109375 0.09479166666666666
0 0.3828125 0.8723958333333334 0.0984375 0.17395833333333333
0 0.558984375 0.8203125 0.109375 0.19479166666666667
0 0.4671875 0.9010416666666666 0.1 0.16666666666666666
0 0.692578125 0.890625 0.0984375 0.12708333333333333