0 0.50234375 0.053125 0.1 0.10625
0 0.3984375 0.20520833333333333 0.1171875 0.15208333333333332
0 0.499609375 0.634375 0.10234375 0.14166666666666666
0 0.41953125 0.7859375 0.12890625 0.18125
0 0.484375 0.9135416666666667 0.125 0.171875
0 0.5765625 0.96875 0.1546875 0.0625
0 0.296875 0.6807291666666667 0.13671875 0.18854166666666666
0 0.19375 0.5838541666666667 0.11875 0.16666666666666666
0 0.15546875 0.70625 0.12578125 0.16770833333333332
0 0.112890625 0.596875 0.121875 0.18333333333333332
0 0.04765625 0.47291666666666665 0.0953125 0.21666666666666667