0 0.40078125 0.07864583333333333 0.1109375 0.12395833333333334
0 0.341796875 0.246875 0.10234375 0.14270833333333333
0 0.52109375 0.6255208333333333 0.08671875 0.13020833333333334
0 0.468359375 0.8067708333333333 0.13125 0.18020833333333333
0 0.546484375 0.9177083333333333 0.12890625 0.16458333333333333
0 0.637109375 0.9286458333333333 0.13671875 0.14270833333333333
0 0.32890625 0.8630208333333333 0.109375 0.14583333333333334
0 0.434765625 0.915625 0.0890625 0.125
0 0.126953125 0.7130208333333333 0.12421875 0.18645833333333334
0 0.33984375 0.5432291666666667 0.1359375 0.16875
0 0.33984375 0.74375 0.10703125 0.18958333333333333
0 0.241796875 0.7546875 0.1046875 0.18541666666666667