0 0.34296875 0.09895833333333333 0.10390625 0.10520833333333333
0 0.30859375 0.2911458333333333 0.08984375 0.12916666666666668
0 0.54375 0.6265625 0.075 0.12083333333333333
0 0.56015625 0.8739583333333333 0.1109375 0.18020833333333333
0 0.81171875 0.9619791666666667 0.140625 0.07604166666666666
0 0.451171875 0.9322916666666666 0.07890625 0.1125
0 0.076171875 0.7692708333333333 0.13125 0.190625
0 0.4171875 0.7703125 0.1140625 0.159375
0 0.6984375 0.8885416666666667 0.1078125 0.16041666666666668
0 0.70078125 0.975 0.096875 0.05
0 0.184765625 0.8223958333333333 0.1140625 0.175
0 0.273046875 0.7890625 0.09296875 0.14270833333333333