0 0.16796875 0.4083333333333333 0.1125 0.146875
0 0.25859375 0.5723958333333333 0.1140625 0.153125
0 0.6015625 0.53125 0.1 0.13541666666666666
0 0.780078125 0.6510416666666666 0.14921875 0.20104166666666667
0 0.960546875 0.4765625 0.07890625 0.21354166666666666
0 0.632421875 0.9192708333333334 0.11953125 0.159375
0 0.694140625 0.8213541666666667 0.09921875 0.13333333333333333
0 0.53515625 0.9380208333333333 0.13125 0.12395833333333334
0 0.437890625 0.9755208333333333 0.16640625 0.04895833333333333
0 0.636328125 0.7229166666666667 0.1421875 0.18958333333333333
0 0.86484375 0.5463541666666667 0.13828125 0.18645833333333334
0 0.93359375 0.5901041666666667 0.11015625 0.14479166666666668
0 0.552734375 0.8442708333333333 0.1375 0.18958333333333333