0 0.3171875 0.11875 0.1 0.09479166666666666
0 0.295703125 0.3140625 0.08359375 0.121875
0 0.551953125 0.6208333333333333 0.06875 0.11458333333333333
0 0.584375 0.8651041666666667 0.1015625 0.171875
0 0.84375 0.9463541666666667 0.1328125 0.10729166666666666
0 0.4796875 0.9364583333333333 0.0734375 0.10625
0 0.0953125 0.8177083333333334 0.12109375 0.18020833333333333
0 0.43515625 0.7791666666666667 0.10625 0.14895833333333333
0 0.723046875 0.8635416666666667 0.09921875 0.15208333333333332
0 0.7328125 0.9645833333333333 0.0921875 0.07083333333333333
0 0.20703125 0.8578125 0.10546875 0.165625
0 0.292578125 0.8140625 0.0859375 0.134375