0 0.266796875 0.39114583333333336 0.08984375 0.12916666666666668
0 0.573828125 0.5989583333333334 0.075 0.12083333333333333
0 0.606640625 0.784375 0.1109375 0.18020833333333333
0 0.853515625 0.8458333333333333 0.140625 0.16770833333333332
0 0.372265625 0.9572916666666667 0.09765625 0.08541666666666667
0 0.1609375 0.9276041666666667 0.13125 0.14479166666666668
0 0.716015625 0.796875 0.1078125 0.16041666666666668
0 0.28046875 0.928125 0.1140625 0.14375
0 0.344140625 0.8666666666666667 0.09296875 0.14270833333333333
0 0.448828125 0.8052083333333333 0.1046875 0.20729166666666668
0 0.519140625 0.9166666666666666 0.07421875 0.16666666666666666
0 0.258203125 0.17291666666666666 0.1109375 0.13020833333333334
0 0.949609375 0.7671875 0.10078125 0.203125