0 0.2265625 0.22864583333333333 0.10859375 0.11770833333333333
0 0.258203125 0.4296875 0.0984375 0.13854166666666667
0 0.58203125 0.5859375 0.0828125 0.128125
0 0.705859375 0.7947916666666667 0.12265625 0.18958333333333333
0 0.94375 0.7614583333333333 0.1125 0.18125
0 0.487109375 0.9416666666666667 0.10546875 0.11666666666666667
0 0.57421875 0.9005208333333333 0.0859375 0.12083333333333333
0 0.38359375 0.9255208333333333 0.0984375 0.14895833333333333
0 0.265234375 0.9369791666666667 0.14296875 0.12604166666666666
0 0.552734375 0.7786458333333334 0.1234375 0.17083333333333334
0 0.815625 0.7473958333333334 0.11796875 0.17083333333333334
0 0.864453125 0.8260416666666667 0.103125 0.12083333333333333
0 0.43984375 0.8494791666666667 0.1046875 0.16875