0 0.149609375 0.9536458333333333 0.14609375 0.09270833333333334
0 0.234375 0.21041666666666667 0.09140625 0.10833333333333334
0 0.264453125 0.4197916666666667 0.1078125 0.12708333333333333
0 0.578515625 0.5848958333333333 0.084375 0.13125
0 0.73125 0.7765625 0.10546875 0.15625
0 0.86875 0.7942708333333334 0.13125 0.19166666666666668
0 0.96015625 0.703125 0.0796875 0.17291666666666666
0 0.47734375 0.8234375 0.11484375 0.171875
0 0.346875 0.909375 0.096875 0.15520833333333334
0 0.364453125 0.9697916666666667 0.10859375 0.06041666666666667
0 0.248046875 0.9473958333333333 0.11796875 0.10520833333333333
0 0.62265625 0.7619791666666667 0.09375 0.16875