0 0.246484375 0.21041666666666667 0.1046875 0.10729166666666666
0 0.265234375 0.3963541666666667 0.09140625 0.13125
0 0.575 0.5973958333333333 0.07578125 0.121875
0 0.656640625 0.8203125 0.1125 0.18125
0 0.927734375 0.825 0.1421875 0.16979166666666667
0 0.570703125 0.9270833333333334 0.08046875 0.11458333333333333
0 0.1765625 0.9286458333333333 0.1328125 0.14270833333333333
0 0.4953125 0.7921875 0.115625 0.16041666666666668
0 0.78984375 0.7677083333333333 0.109375 0.1625
0 0.2796875 0.9333333333333333 0.115625 0.13333333333333333
0 0.35078125 0.8802083333333334 0.09453125 0.14375