0 0.53359375 0.0609375 0.1125 0.121875
0 0.425 0.1859375 0.1140625 0.153125
0 0.48515625 0.6380208333333334 0.10078125 0.13541666666666666
0 0.425 0.8682291666666667 0.14921875 0.20104166666666667
0 0.166796875 0.6791666666666667 0.11953125 0.159375
0 0.2859375 0.8083333333333333 0.1 0.13333333333333333
0 0.058984375 0.41822916666666665 0.11796875 0.22395833333333334
0 0.3484375 0.7098958333333333 0.1421875 0.190625
0 0.51484375 0.9333333333333333 0.1390625 0.13333333333333333
0 0.104296875 0.5421875 0.14921875 0.2
0 0.18515625 0.5744791666666667 0.121875 0.16354166666666667