0 0.18125 0.44114583333333335 0.1125 0.146875
0 0.25859375 0.5723958333333333 0.1140625 0.153125
0 0.601953125 0.5317708333333333 0.1 0.13541666666666666
0 0.78046875 0.6510416666666666 0.14921875 0.20104166666666667
0 0.960546875 0.4765625 0.07890625 0.21354166666666666
0 0.632421875 0.9192708333333334 0.11953125 0.159375
0 0.694140625 0.8213541666666667 0.09921875 0.13333333333333333
0 0.53515625 0.9380208333333333 0.13125 0.12395833333333334
0 0.409765625 0.9588541666666667 0.16640625 0.08229166666666667
0 0.63671875 0.7229166666666667 0.1421875 0.18958333333333333
0 0.86484375 0.546875 0.13828125 0.18645833333333334
0 0.93359375 0.5901041666666667 0.11015625 0.14479166666666668
0 0.55078125 0.8432291666666667 0.14453125 0.19895833333333332