0 0.4671875 0.06979166666666667 0.1140625 0.13958333333333334
0 0.388671875 0.20572916666666666 0.1109375 0.15104166666666666
0 0.49921875 0.6286458333333333 0.096875 0.13541666666666666
0 0.4171875 0.7901041666666667 0.1421875 0.19166666666666668
0 0.471875 0.9171875 0.14375 0.165625
0 0.556640625 0.9411458333333333 0.15078125 0.11770833333333333
0 0.24921875 0.8052083333333333 0.1171875 0.15729166666666666
0 0.36640625 0.8848958333333333 0.096875 0.13229166666666667
0 0.232421875 0.6984375 0.1234375 0.18541666666666667
0 0.306640625 0.7052083333333333 0.11328125 0.15833333333333333
0 0.3828125 0.45 0.12421875 0.16979166666666667
0 0.096875 0.5677083333333334 0.17265625 0.22395833333333334