0 0.51328125 0.0703125 0.1125 0.140625
0 0.420703125 0.1875 0.1140625 0.153125
0 0.487109375 0.6380208333333334 0.1 0.13541666666666666
0 0.430078125 0.8697916666666666 0.14921875 0.20104166666666667
0 0.18671875 0.7046875 0.11953125 0.159375
0 0.280859375 0.7911458333333333 0.09921875 0.13333333333333333
0 0.155859375 0.5958333333333333 0.13125 0.18125
0 0.090234375 0.44479166666666664 0.16640625 0.22395833333333334
0 0.348046875 0.7046875 0.1421875 0.18958333333333333
0 0.503515625 0.9473958333333333 0.13828125 0.10520833333333333
0 0.246875 0.5989583333333334 0.14453125 0.2