0 0.178125 0.3416666666666667 0.09921875 0.128125
0 0.257421875 0.5265625 0.1171875 0.15
0 0.6015625 0.5609375 0.10078125 0.14166666666666666
0 0.695703125 0.6729166666666667 0.12421875 0.171875
0 0.845703125 0.6927083333333334 0.153125 0.21041666666666667
0 0.948046875 0.5151041666666667 0.10390625 0.190625
0 0.403125 0.9489583333333333 0.1171875 0.10208333333333333
0 0.46953125 0.9015625 0.1203125 0.178125
0 0.6265625 0.7833333333333333 0.134375 0.2
0 0.556640625 0.8963541666666667 0.11953125 0.17291666666666666
0 0.76953125 0.7984375 0.1078125 0.14270833333333333