0 0.351171875 0.08802083333333334 0.0875 0.10104166666666667
0 0.31171875 0.2942708333333333 0.103125 0.11875
0 0.54140625 0.6375 0.078125 0.12604166666666666
0 0.550390625 0.8052083333333333 0.0984375 0.14895833333333333
0 0.649609375 0.925 0.12265625 0.15
0 0.82734375 0.9296875 0.1125 0.140625
0 0.180078125 0.7567708333333333 0.08984375 0.14895833333333333
0 0.09453125 0.7760416666666666 0.1109375 0.1625
0 0.26875 0.7614583333333333 0.0859375 0.16770833333333332
0 0.44375 0.8203125 0.09609375 0.18854166666666666
0 0.334375 0.8380208333333333 0.0890625 0.159375
0 0.533984375 0.9505208333333334 0.09140625 0.09895833333333333