0 0.378125 0.0828125 0.10859375 0.115625
0 0.326171875 0.265625 0.096875 0.1375
0 0.533984375 0.6317708333333333 0.08203125 0.12708333333333333
0 0.552734375 0.8973958333333333 0.12109375 0.18854166666666666
0 0.303515625 0.871875 0.1046875 0.140625
0 0.398828125 0.8901041666666667 0.08515625 0.11979166666666667
0 0.221875 0.7869791666666667 0.096875 0.18333333333333332
0 0.108984375 0.7286458333333333 0.14140625 0.20208333333333334
0 0.43046875 0.7723958333333333 0.12265625 0.16875
0 0.663671875 0.9260416666666667 0.11640625 0.14791666666666667
0 0.309375 0.7453125 0.1 0.18125