0 0.474609375 0.096875 0.08359375 0.171875
0 0.069140625 0.2171875 0.10546875 0.16666666666666666
0 0.854296875 0.0484375 0.10234375 0.096875
0 0.6234375 0.6864583333333333 0.06015625 0.11875
0 0.560546875 0.7104166666666667 0.08203125 0.10208333333333333
0 0.284375 0.9317708333333333 0.103125 0.13645833333333332
0 0.204296875 0.9583333333333334 0.11015625 0.08333333333333333
0 0.4734375 0.9192708333333334 0.084375 0.16145833333333334
0 0.671484375 0.6822916666666666 0.0578125 0.090625
0 0.367578125 0.19895833333333332 0.09375 0.15416666666666667
0 0.30546875 0.14739583333333334 0.1 0.20729166666666668
0 0.23828125 0.190625 0.11171875 0.18541666666666667