0 0.9609375 0.4244791666666667 0.078125 0.20729166666666668
0 0.4515625 0.7078125 0.11875 0.171875
0 0.30234375 0.029166666666666667 0.1546875 0.058333333333333334
0 0.66640625 0.1734375 0.11796875 0.178125
0 0.51484375 0.7510416666666667 0.075 0.1125
0 0.2828125 0.8083333333333333 0.11875 0.18645833333333334
0 0.54609375 0.7697916666666667 0.07265625 0.11354166666666667
0 0.05703125 0.6348958333333333 0.1140625 0.18854166666666666
0 0.125390625 0.66875 0.1296875 0.18645833333333334
0 0.344140625 0.28854166666666664 0.13359375 0.20208333333333334
0 0.4578125 0.32135416666666666 0.115625 0.15625
0 0.400390625 0.31197916666666664 0.1171875 0.178125