0 0.625390625 0.08541666666666667 0.13671875 0.17083333333333334
0 0.03671875 0.4869791666666667 0.0734375 0.128125
0 0.2359375 0.6427083333333333 0.15078125 0.17291666666666666
0 0.30546875 0.7458333333333333 0.13515625 0.17395833333333333
0 0.42578125 0.6807291666666667 0.1171875 0.1375
0 0.39296875 0.5963541666666666 0.1140625 0.146875
0 0.4640625 0.47708333333333336 0.10078125 0.128125
0 0.498828125 0.5973958333333333 0.10234375 0.14479166666666668
0 0.569921875 0.48020833333333335 0.096875 0.12916666666666668
0 0.577734375 0.36822916666666666 0.1109375 0.14791666666666667
0 0.65390625 0.31197916666666664 0.10859375 0.14270833333333333
0 0.6859375 0.4203125 0.1140625 0.14895833333333333
0 0.816796875 0.4078125 0.13203125 0.15520833333333334
0 0.782421875 0.4895833333333333 0.12265625 0.16354166666666667
0 0.7828125 0.33541666666666664 0.1515625 0.171875
0 0.18046875 0.7609375 0.1234375 0.13645833333333332
0 0.724609375 0.20416666666666666 0.15078125 0.19270833333333334