0 0.35390625 0.490625 0.0984375 0.13020833333333334
0 0.36796875 0.6135416666666667 0.10234375 0.15
0 0.447265625 0.5255208333333333 0.0921875 0.14270833333333333
0 0.128515625 0.7067708333333333 0.17265625 0.146875
0 0.26171875 0.6890625 0.1140625 0.11770833333333333
0 0.485546875 0.4505208333333333 0.084375 0.153125
0 0.76171875 0.5223958333333333 0.128125 0.1375
0 0.674609375 0.28020833333333334 0.11796875 0.146875
0 0.54296875 0.37916666666666665 0.090625 0.11979166666666667
0 0.244140625 0.6026041666666667 0.11953125 0.13541666666666666
0 0.813671875 0.33541666666666664 0.15703125 0.17291666666666666
0 0.051171875 0.31197916666666664 0.09296875 0.128125
0 0.676171875 0.4161458333333333 0.1171875 0.14583333333333334
0 0.703515625 0.12083333333333333 0.11875 0.17708333333333334
0 0.5703125 0.48385416666666664 0.0953125 0.128125
0 0.68203125 0.5984375 0.1125 0.16041666666666668