0 0.624609375 0.246875 0.13828125 0.18020833333333333
0 0.703515625 0.19375 0.09375 0.146875
0 0.666796875 0.384375 0.125 0.159375
0 0.14375 0.5557291666666667 0.1421875 0.16354166666666667
0 0.390234375 0.6229166666666667 0.13671875 0.16666666666666666
0 0.49609375 0.44375 0.12109375 0.17291666666666666
0 0.266015625 0.5223958333333333 0.13671875 0.1875
0 0.534765625 0.5942708333333333 0.12734375 0.18854166666666666
0 0.624609375 0.246875 0.13828125 0.18020833333333333
0 0.703515625 0.19375 0.09375 0.146875
0 0.666796875 0.384375 0.125 0.159375
0 0.14375 0.5557291666666667 0.1421875 0.16354166666666667
0 0.390234375 0.6229166666666667 0.13671875 0.16666666666666666
0 0.49609375 0.44375 0.12109375 0.17291666666666666
0 0.266015625 0.5223958333333333 0.13671875 0.1875
0 0.534765625 0.5942708333333333 0.12734375 0.18854166666666666
0 0.376171875 0.44895833333333335 0.14921875 0.18645833333333334
0 0.0515625 0.6046875 0.103125 0.16354166666666667
0 0.159375 0.6239583333333333 0.1703125 0.16875