0 0.71953125 0.6692708333333334 0.1546875 0.17604166666666668
0 0.76171875 0.5046875 0.1234375 0.14791666666666667
0 0.8765625 0.5161458333333333 0.12890625 0.14895833333333333
0 0.84609375 0.7369791666666666 0.171875 0.19895833333333332
0 0.129296875 0.3296875 0.12421875 0.14583333333333334
0 0.64296875 0.48020833333333335 0.1203125 0.190625
0 0.238671875 0.36666666666666664 0.15078125 0.1625
0 0.475 0.5135416666666667 0.11171875 0.12291666666666666
0 0.479296875 0.3953125 0.12109375 0.14479166666666668
0 0.335546875 0.4578125 0.1421875 0.159375
0 0.167578125 0.48541666666666666 0.15703125 0.13541666666666666
0 0.801171875 0.271875 0.1234375 0.18333333333333332