0 0.70234375 0.19322916666666667 0.0875 0.21145833333333333
0 0.78515625 0.20416666666666666 0.08515625 0.18125
0 0.305859375 0.5536458333333333 0.115625 0.13020833333333334
0 0.443359375 0.40208333333333335 0.07265625 0.14791666666666667
0 0.365234375 0.4583333333333333 0.1015625 0.16145833333333334
0 0.5796875 0.37552083333333336 0.08984375 0.1625
0 0.501953125 0.3890625 0.07265625 0.146875
0 0.700390625 0.3848958333333333 0.11640625 0.14583333333333334
0 0.66640625 0.5598958333333334 0.1296875 0.15208333333333332
0 0.557421875 0.4942708333333333 0.0859375 0.11666666666666667
0 0.791796875 0.4671875 0.1109375 0.14791666666666667
0 0.19921875 0.4328125 0.14453125 0.115625
0 0.179296875 0.5494791666666666 0.140625 0.14270833333333333