0 0.3296875 0.26979166666666665 0.13515625 0.17708333333333334
0 0.5421875 0.634375 0.1234375 0.1875
0 0.59453125 0.9166666666666666 0.1234375 0.16666666666666666
0 0.683984375 0.9302083333333333 0.11484375 0.13958333333333334
0 0.811328125 0.9640625 0.14453125 0.071875
0 0.36640625 0.7885416666666667 0.09765625 0.14270833333333333
0 0.376171875 0.09479166666666666 0.1109375 0.146875
0 0.4984375 0.7979166666666667 0.12578125 0.18854166666666666
0 0.1109375 0.7520833333333333 0.13359375 0.18020833333333333
0 0.336328125 0.8994791666666667 0.1078125 0.13020833333333334
0 0.251171875 0.8078125 0.1109375 0.20833333333333334
0 0.4609375 0.9161458333333333 0.07421875 0.12291666666666666