0 0.528125 0.3645833333333333 0.14453125 0.203125
0 0.5953125 0.28802083333333334 0.14375 0.203125
0 0.845703125 0.20260416666666667 0.1453125 0.19583333333333333
0 0.618359375 0.6515625 0.12890625 0.18125
0 0.4015625 0.12552083333333333 0.14375 0.2
0 0.043359375 0.5119791666666667 0.08671875 0.12395833333333334
0 0.9109375 0.37916666666666665 0.12890625 0.17291666666666666
0 0.1203125 0.6807291666666667 0.15390625 0.19791666666666666
0 0.31640625 0.8916666666666667 0.165625 0.21666666666666667
0 0.23359375 0.7317708333333334 0.1375 0.18125
0 0.30234375 0.5625 0.0984375 0.13645833333333332
0 0.3046875 0.43333333333333335 0.16875 0.234375
0 0.043359375 0.7427083333333333 0.08671875 0.11979166666666667
0 0.1640625 0.8072916666666666 0.12265625 0.16979166666666667
0 0.03125 0.5973958333333333 0.0625 0.20104166666666667
0 0.401953125 0.23645833333333333 0.13359375 0.17916666666666667
0 0.96484375 0.30833333333333335 0.0703125 0.14583333333333334
0 0.528125 0.3645833333333333 0.14453125 0.203125
0 0.5953125 0.28802083333333334 0.14375 0.203125
0 0.845703125 0.20260416666666667 0.1453125 0.19583333333333333
0 0.618359375 0.6515625 0.12890625 0.18125
0 0.4015625 0.12552083333333333 0.14375 0.2
0 0.043359375 0.5119791666666667 0.08671875 0.12395833333333334
0 0.9109375 0.37916666666666665 0.12890625 0.17291666666666666
0 0.1203125 0.6807291666666667 0.15390625 0.19791666666666666
0 0.31640625 0.8916666666666667 0.165625 0.21666666666666667
0 0.23359375 0.7317708333333334 0.1375 0.18125
0 0.30234375 0.5625 0.0984375 0.13645833333333332
0 0.3046875 0.43333333333333335 0.16875 0.234375
0 0.043359375 0.7427083333333333 0.08671875 0.11979166666666667
0 0.1640625 0.8072916666666666 0.12265625 0.16979166666666667
0 0.03125 0.5973958333333333 0.0625 0.20104166666666667
0 0.401953125 0.23645833333333333 0.13359375 0.17916666666666667
0 0.96484375 0.30833333333333335 0.0703125 0.14583333333333334