0 0.587109375 0.10260416666666666 0.11484375 0.18125
0 0.406640625 0.5171875 0.1078125 0.1625
0 0.6453125 0.39010416666666664 0.11484375 0.16666666666666666
0 0.262890625 0.55625 0.1375 0.16354166666666667
0 0.69765625 0.2552083333333333 0.115625 0.128125
0 0.512109375 0.3171875 0.10859375 0.15625
0 0.705859375 0.3411458333333333 0.0875 0.11458333333333333
0 0.47421875 0.5020833333333333 0.1 0.14375
0 0.835546875 0.4192708333333333 0.13203125 0.153125
0 0.788671875 0.34427083333333336 0.12890625 0.15104166666666666
0 0.551953125 0.44895833333333335 0.08671875 0.121875
0 0.48828125 0.40572916666666664 0.0890625 0.12708333333333333
0 0.724609375 0.46145833333333336 0.128125 0.15104166666666666
0 0.67578125 0.05416666666666667 0.0875 0.10833333333333334
0 0.207421875 0.671875 0.14296875 0.16041666666666668
0 0.3359375 0.6104166666666667 0.11015625 0.14270833333333333
0 0.398828125 0.69375 0.1296875 0.19166666666666668