0 0.61640625 0.121875 0.1140625 0.225
0 0.7109375 0.09270833333333334 0.1078125 0.18541666666666667
0 0.42265625 0.4322916666666667 0.090625 0.159375
0 0.362109375 0.51875 0.1203125 0.18020833333333333
0 0.544921875 0.34739583333333335 0.109375 0.178125
0 0.474609375 0.39427083333333335 0.090625 0.15833333333333333
0 0.661328125 0.30416666666666664 0.13203125 0.16979166666666667
0 0.76796875 0.3421875 0.12734375 0.16979166666666667
0 0.675 0.4557291666666667 0.140625 0.165625
0 0.146484375 0.6453125 0.15625 0.15
0 0.192578125 0.7666666666666667 0.15625 0.16354166666666667
0 0.5453125 0.49166666666666664 0.1 0.13958333333333334
0 0.262109375 0.61875 0.16484375 0.1625
0 0.9 0.26614583333333336 0.14453125 0.13020833333333334