0 0.59375 0.4239583333333333 0.09375 0.16979166666666667
0 0.667578125 0.4401041666666667 0.07890625 0.17708333333333334
0 0.637109375 0.1421875 0.10390625 0.19270833333333334
0 0.154296875 0.584375 0.13125 0.19375
0 0.1171875 0.36770833333333336 0.1015625 0.13958333333333334
0 0.503125 0.7182291666666667 0.10234375 0.178125
0 0.95546875 0.1984375 0.0890625 0.16979166666666667
0 0.28359375 0.06927083333333334 0.134375 0.13854166666666667
0 0.205078125 0.4 0.10546875 0.14479166666666668
0 0.93359375 0.8411458333333334 0.0796875 0.165625
0 0.89453125 0.6276041666666666 0.12265625 0.14479166666666668
0 0.203515625 0.2604166666666667 0.09453125 0.13020833333333334
0 0.135546875 0.23645833333333333 0.071875 0.115625
0 0.062109375 0.8244791666666667 0.12421875 0.19270833333333334
0 0.21953125 0.05 0.0609375 0.1
0 0.111328125 0.0578125 0.14609375 0.115625