0 0.428125 0.2994791666666667 0.13203125 0.17604166666666668
0 0.39140625 0.14166666666666666 0.13359375 0.178125
0 0.4140625 0.5453125 0.1375 0.18333333333333332
0 0.55 0.46041666666666664 0.1375 0.184375
0 0.5375 0.6286458333333333 0.1328125 0.178125
0 0.434375 0.6869791666666667 0.1265625 0.16875
0 0.721875 0.5598958333333334 0.14609375 0.19479166666666667
0 0.788671875 0.6375 0.10859375 0.146875
0 0.64609375 0.6557291666666667 0.1328125 0.17708333333333334
0 0.289453125 0.084375 0.13671875 0.16875
0 0.30234375 0.18541666666666667 0.15234375 0.2