0 0.780078125 0.30520833333333336 0.11484375 0.18125
0 0.846484375 0.35885416666666664 0.10390625 0.13854166666666667
0 0.454296875 0.3489583333333333 0.09609375 0.14270833333333333
0 0.387890625 0.409375 0.11171875 0.146875
0 0.56875 0.5041666666666667 0.103125 0.14375
0 0.528125 0.35833333333333334 0.109375 0.15104166666666666
0 0.14609375 0.4817708333333333 0.1625 0.18229166666666666
0 0.72265625 0.634375 0.13046875 0.16145833333333334
0 0.663671875 0.5322916666666667 0.0796875 0.09583333333333334
0 0.4796875 0.46510416666666665 0.0890625 0.12083333333333333
0 0.224609375 0.3171875 0.16875 0.17083333333333334
0 0.79609375 0.6786458333333333 0.1140625 0.14270833333333333
0 0.122265625 0.371875 0.14375 0.146875
0 0.09609375 0.2765625 0.13359375 0.14375
0 0.67265625 0.47552083333333334 0.109375 0.13333333333333333
0 0.615625 0.6739583333333333 0.121875 0.16354166666666667
0 0.853515625 0.7822916666666667 0.12890625 0.15520833333333334
0 0.700390625 0.7239583333333334 0.12421875 0.14895833333333333