0 0.61640625 0.121875 0.1140625 0.225
0 0.71015625 0.09635416666666667 0.1078125 0.19270833333333334
0 0.544921875 0.34739583333333335 0.109375 0.178125
0 0.474609375 0.39427083333333335 0.090625 0.15833333333333333
0 0.76796875 0.3421875 0.12734375 0.16979166666666667
0 0.899609375 0.265625 0.14453125 0.13020833333333334
0 0.167578125 0.7817708333333333 0.16640625 0.16458333333333333
0 0.132421875 0.6770833333333334 0.15546875 0.14583333333333334
0 0.16640625 0.5578125 0.153125 0.15625
0 0.301953125 0.5411458333333333 0.14921875 0.17604166666666668
0 0.404296875 0.46927083333333336 0.11953125 0.2
0 0.556640625 0.45260416666666664 0.1078125 0.15416666666666667
0 0.677734375 0.45729166666666665 0.15234375 0.175
0 0.65234375 0.33697916666666666 0.13125 0.165625