0 0.7421875 0.24010416666666667 0.0984375 0.171875
0 0.821484375 0.2796875 0.09453125 0.125
0 0.433203125 0.36354166666666665 0.08359375 0.13229166666666667
0 0.376953125 0.4390625 0.1015625 0.13333333333333333
0 0.56796875 0.4869791666666667 0.0921875 0.13229166666666667
0 0.149609375 0.5802083333333333 0.15390625 0.15520833333333334
0 0.665234375 0.4901041666666667 0.07421875 0.08333333333333333
0 0.66640625 0.4317708333333333 0.10078125 0.11770833333333333
0 0.726953125 0.6765625 0.115625 0.13020833333333334
0 0.89609375 0.7 0.134375 0.15520833333333334
0 0.809765625 0.5703125 0.10390625 0.15
0 0.187890625 0.38333333333333336 0.1484375 0.11666666666666667
0 0.133203125 0.46197916666666666 0.13828125 0.11041666666666666
0 0.713671875 0.571875 0.1109375 0.13020833333333334
0 0.623828125 0.6510416666666666 0.1171875 0.15104166666666666
0 0.4984375 0.35052083333333334 0.1015625 0.140625
0 0.47109375 0.4666666666666667 0.0921875 0.128125