0 0.520703125 0.36302083333333335 0.14765625 0.20104166666666667
0 0.58203125 0.2828125 0.146875 0.20104166666666667
0 0.82421875 0.16822916666666668 0.146875 0.196875
0 0.914453125 0.3333333333333333 0.17109375 0.24375
0 0.625 0.6223958333333334 0.13203125 0.18020833333333333
0 0.326171875 0.9005208333333333 0.14765625 0.196875
0 0.183203125 0.8380208333333333 0.12109375 0.16354166666666667
0 0.157421875 0.4640625 0.10546875 0.14270833333333333
0 0.240625 0.7203125 0.11953125 0.159375
0 0.38984375 0.1203125 0.16640625 0.22604166666666667
0 0.0171875 0.6348958333333333 0.034375 0.15104166666666666
0 0.11015625 0.6989583333333333 0.08359375 0.11145833333333334
0 0.238671875 0.6057291666666667 0.1734375 0.228125
0 0.162109375 0.740625 0.09453125 0.12395833333333334
0 0.040625 0.5651041666666666 0.08125 0.11145833333333334
0 0.06328125 0.4942708333333333 0.1265625 0.190625