0 0.832421875 0.49114583333333334 0.14140625 0.19270833333333334
0 0.495703125 0.6729166666666667 0.1578125 0.20625
0 0.73125 0.6536458333333334 0.14765625 0.19791666666666666
0 0.7765625 0.7442708333333333 0.13984375 0.19270833333333334
0 0.856640625 0.790625 0.1421875 0.19375
0 0.40390625 0.484375 0.13828125 0.18020833333333333
0 0.63515625 0.5619791666666667 0.14296875 0.19375
0 0.3328125 0.18489583333333334 0.15859375 0.21354166666666666
0 0.21171875 0.09895833333333333 0.1671875 0.19791666666666666
0 0.4578125 0.3296875 0.14140625 0.18854166666666666
0 0.519140625 0.43645833333333334 0.125 0.17083333333333334
0 0.54296875 0.5828125 0.1328125 0.178125