0 0.723828125 0.5322916666666667 0.1390625 0.18541666666666667
0 0.79765625 0.6015625 0.1171875 0.159375
0 0.6453125 0.665625 0.16640625 0.225
0 0.555859375 0.5041666666666667 0.1390625 0.1875
0 0.44765625 0.3260416666666667 0.15234375 0.20833333333333334
0 0.3765625 0.26875 0.12734375 0.17291666666666666
0 0.283203125 0.23072916666666668 0.14140625 0.18645833333333334
0 0.28046875 0.04635416666666667 0.121875 0.09270833333333334
0 0.35546875 0.1375 0.12421875 0.16666666666666666
0 0.1890625 0.18958333333333333 0.13515625 0.18333333333333332
0 0.47578125 0.43125 0.14609375 0.203125