0 0.54375 0.07239583333333334 0.146875 0.14479166666666668
0 0.043359375 0.640625 0.08671875 0.13541666666666666
0 0.4609375 0.6994791666666667 0.11640625 0.15104166666666666
0 0.412890625 0.6276041666666666 0.11796875 0.15625
0 0.460546875 0.4890625 0.10390625 0.13645833333333332
0 0.5515625 0.34739583333333335 0.11640625 0.15520833333333334
0 0.7734375 0.4 0.12890625 0.171875
0 0.6640625 0.140625 0.15546875 0.20520833333333333
0 0.7328125 0.22916666666666666 0.1375 0.17916666666666667
0 0.8078125 0.09322916666666667 0.14453125 0.184375
0 0.51484375 0.5895833333333333 0.11640625 0.15520833333333334
0 0.786328125 0.31145833333333334 0.13203125 0.17291666666666666
0 0.548046875 0.4552083333333333 0.10703125 0.14270833333333333
0 0.302734375 0.8557291666666667 0.17890625 0.22604166666666667
0 0.649609375 0.35572916666666665 0.11640625 0.15416666666666667
0 0.578515625 0.2609375 0.1203125 0.1625