0 0.2015625 0.478125 0.1546875 0.13020833333333334
0 0.18671875 0.5729166666666666 0.159375 0.11666666666666667
0 0.6546875 0.14739583333333334 0.09453125 0.215625
0 0.740234375 0.134375 0.0921875 0.18645833333333334
0 0.315625 0.6015625 0.11953125 0.1375
0 0.77890625 0.48020833333333335 0.18203125 0.16770833333333332
0 0.88203125 0.378125 0.09296875 0.125
0 0.430859375 0.4197916666666667 0.078125 0.15104166666666666
0 0.491796875 0.3875 0.0984375 0.18854166666666666
0 0.547265625 0.5557291666666667 0.109375 0.13333333333333333
0 0.773046875 0.3333333333333333 0.14609375 0.16770833333333332
0 0.362109375 0.49375 0.10703125 0.16770833333333332
0 0.56171875 0.38229166666666664 0.09765625 0.14895833333333333
0 0.594921875 0.246875 0.096875 0.159375