0 0.72421875 0.4546875 0.13828125 0.18020833333333333
0 0.806640625 0.4973958333333333 0.09375 0.146875
0 0.676953125 0.5848958333333333 0.125 0.159375
0 0.18046875 0.26197916666666665 0.14609375 0.146875
0 0.230078125 0.18489583333333334 0.1421875 0.16354166666666667
0 0.141015625 0.15625 0.15 0.178125
0 0.451953125 0.353125 0.12265625 0.17395833333333333
0 0.365234375 0.48802083333333335 0.1625 0.190625
0 0.505859375 0.6567708333333333 0.121875 0.17395833333333333
0 0.544140625 0.49322916666666666 0.11875 0.15416666666666667
0 0.32265625 0.3104166666666667 0.1359375 0.175