0 0.30234375 0.31302083333333336 0.11953125 0.15520833333333334
0 0.558984375 0.6223958333333334 0.10546875 0.16979166666666667
0 0.326953125 0.12916666666666668 0.09765625 0.12916666666666668
0 0.30234375 0.31302083333333336 0.11953125 0.15520833333333334
0 0.558984375 0.6223958333333334 0.10546875 0.16979166666666667
0 0.326953125 0.12916666666666668 0.09765625 0.12916666666666668
0 0.30234375 0.31302083333333336 0.11953125 0.15520833333333334
0 0.558984375 0.6223958333333334 0.10546875 0.16979166666666667
0 0.326953125 0.12916666666666668 0.09765625 0.12916666666666668
0 0.30234375 0.31302083333333336 0.11953125 0.15520833333333334
0 0.558984375 0.6223958333333334 0.10546875 0.16979166666666667
0 0.326953125 0.12916666666666668 0.09765625 0.12916666666666668
0 0.852734375 0.928125 0.12421875 0.14375
0 0.466796875 0.7739583333333333 0.09375 0.13854166666666667
0 0.27890625 0.8484375 0.0796875 0.19479166666666667
0 0.35625 0.9208333333333333 0.090625 0.115625
0 0.618359375 0.8473958333333333 0.08984375 0.18958333333333333
0 0.72734375 0.8895833333333333 0.1078125 0.15416666666666667
0 0.352734375 0.7979166666666667 0.07421875 0.13958333333333334
0 0.141796875 0.8098958333333334 0.13046875 0.1625
0 0.463671875 0.9104166666666667 0.0625 0.12291666666666666