0 0.50390625 0.08958333333333333 0.1296875 0.17916666666666667
0 0.575390625 0.059895833333333336 0.13203125 0.11979166666666667
0 0.52265625 0.41458333333333336 0.11875 0.16875
0 0.5578125 0.34739583333333335 0.109375 0.153125
0 0.476171875 0.5401041666666667 0.11875 0.16145833333333334
0 0.2125 0.7208333333333333 0.19765625 0.23958333333333334
0 0.290234375 0.5890625 0.13984375 0.18541666666666667
0 0.62109375 0.3145833333333333 0.12734375 0.18125
0 0.682421875 0.1703125 0.18046875 0.228125
0 0.659375 0.4010416666666667 0.15234375 0.19791666666666666
0 0.4734375 0.6380208333333334 0.11953125 0.16145833333333334
0 0.783203125 0.28125 0.159375 0.203125
0 0.22734375 0.8786458333333333 0.1859375 0.23020833333333332
0 0.33984375 0.6973958333333333 0.1328125 0.17604166666666668