0 0.812890625 0.3145833333333333 0.1359375 0.20833333333333334
0 0.779296875 0.7067708333333333 0.14453125 0.1625
0 0.761328125 0.5005208333333333 0.1625 0.19375
0 0.655078125 0.48333333333333334 0.09296875 0.13854166666666667
0 0.59140625 0.42864583333333334 0.103125 0.190625
0 0.5125 0.4328125 0.09921875 0.175
0 0.408984375 0.4125 0.11875 0.18541666666666667
0 0.262890625 0.39895833333333336 0.11640625 0.115625
0 0.1765625 0.2703125 0.165625 0.175
0 0.193359375 0.07708333333333334 0.11796875 0.15416666666666667
0 0.077734375 0.5208333333333334 0.15546875 0.2125
0 0.2546875 0.5302083333333333 0.1625 0.18958333333333333
0 0.88125 0.6203125 0.159375 0.146875