0 0.61484375 0.11510416666666666 0.1015625 0.18333333333333332
0 0.636328125 0.44479166666666664 0.11171875 0.15208333333333332
0 0.541796875 0.49322916666666666 0.109375 0.17083333333333334
0 0.69296875 0.0859375 0.11640625 0.16354166666666667
0 0.73046875 0.39479166666666665 0.15546875 0.20729166666666668
0 0.645703125 0.553125 0.1078125 0.15520833333333334
0 0.7640625 0.5692708333333333 0.1375 0.17395833333333333
0 0.84609375 0.4354166666666667 0.11953125 0.14166666666666666
0 0.448046875 0.5432291666666667 0.0984375 0.165625
0 0.5046875 0.6020833333333333 0.09296875 0.128125
0 0.341015625 0.5505208333333333 0.10625 0.14583333333333334
0 0.233984375 0.534375 0.1453125 0.1875
0 0.128125 0.5635416666666667 0.1078125 0.12604166666666666
0 0.134765625 0.7588541666666667 0.17421875 0.1875
0 0.30078125 0.6796875 0.1734375 0.20729166666666668