0 0.546484375 0.0921875 0.12109375 0.184375
0 0.625390625 0.06979166666666667 0.12734375 0.13958333333333334
0 0.755078125 0.2833333333333333 0.1078125 0.13958333333333334
0 0.4109375 0.7041666666666667 0.125 0.16145833333333334
0 0.75234375 0.42291666666666666 0.1765625 0.20625
0 0.27265625 0.7572916666666667 0.14453125 0.19166666666666668
0 0.316796875 0.6473958333333333 0.1359375 0.16145833333333334
0 0.408203125 0.5682291666666667 0.12734375 0.17916666666666667
0 0.89140625 0.2755208333333333 0.17265625 0.19583333333333333
0 0.18046875 0.671875 0.16484375 0.19479166666666667
0 0.65703125 0.29635416666666664 0.13515625 0.19583333333333333
0 0.578125 0.384375 0.12265625 0.17916666666666667
0 0.784765625 0.17447916666666666 0.159375 0.18125
0 0.520703125 0.6276041666666666 0.11015625 0.159375
0 0.518359375 0.503125 0.12890625 0.19375