0 0.713671875 0.39739583333333334 0.1265625 0.1625
0 0.6953125 0.5296875 0.115625 0.14166666666666666
0 0.190234375 0.25885416666666666 0.134375 0.14166666666666666
0 0.522265625 0.4515625 0.1078125 0.16041666666666668
0 0.481640625 0.6109375 0.1109375 0.17604166666666668
0 0.713671875 0.39739583333333334 0.1265625 0.1625
0 0.6953125 0.5296875 0.115625 0.14166666666666666
0 0.190234375 0.25885416666666666 0.134375 0.14166666666666666
0 0.522265625 0.4515625 0.1078125 0.16041666666666668
0 0.48046875 0.6114583333333333 0.1109375 0.17604166666666668
0 0.163671875 0.3223958333333333 0.16015625 0.12916666666666668
0 0.43046875 0.37447916666666664 0.10546875 0.15833333333333333
0 0.35234375 0.5166666666666667 0.11796875 0.146875
0 0.81484375 0.384375 0.09609375 0.134375
0 0.28203125 0.3609375 0.13671875 0.15833333333333333
0 0.091015625 0.18958333333333333 0.1046875 0.13958333333333334