0 0.672265625 0.3026041666666667 0.11953125 0.15208333333333332
0 0.758984375 0.28072916666666664 0.0734375 0.13541666666666666
0 0.68515625 0.44583333333333336 0.109375 0.13229166666666667
0 0.14609375 0.42291666666666666 0.1296875 0.12916666666666668
0 0.06328125 0.46145833333333336 0.1265625 0.14375
0 0.36953125 0.578125 0.121875 0.13645833333333332
0 0.5078125 0.44427083333333334 0.1 0.15208333333333332
0 0.3890625 0.4119791666666667 0.12421875 0.15625
0 0.138671875 0.5046875 0.15703125 0.109375
0 0.2703125 0.4359375 0.11484375 0.16354166666666667
0 0.512109375 0.6067708333333334 0.103125 0.16875
0 0.672265625 0.3026041666666667 0.11953125 0.15208333333333332
0 0.758984375 0.28072916666666664 0.0734375 0.13541666666666666
0 0.68515625 0.44583333333333336 0.109375 0.13229166666666667
0 0.14609375 0.42291666666666666 0.1296875 0.12916666666666668
0 0.06328125 0.46145833333333336 0.1265625 0.14375
0 0.36953125 0.578125 0.121875 0.13645833333333332
0 0.5078125 0.44427083333333334 0.1 0.15208333333333332
0 0.3890625 0.4119791666666667 0.12421875 0.15625
0 0.138671875 0.5046875 0.15703125 0.109375
0 0.2703125 0.4359375 0.11484375 0.16354166666666667
0 0.512109375 0.6067708333333334 0.103125 0.16875