0 0.70625 0.2859375 0.16640625 0.20208333333333334
0 0.652734375 0.09739583333333333 0.14921875 0.19479166666666667
0 0.145703125 0.8635416666666667 0.165625 0.2
0 0.778125 0.43125 0.15390625 0.17916666666666667
0 0.8046875 0.2734375 0.1234375 0.15729166666666666
0 0.89296875 0.2046875 0.1390625 0.18958333333333333
0 0.130859375 0.5901041666666667 0.20390625 0.19166666666666668
0 0.246484375 0.7609375 0.17109375 0.1875
0 0.471484375 0.4479166666666667 0.11796875 0.18541666666666667
0 0.57578125 0.39479166666666665 0.121875 0.17395833333333333
0 0.19140625 0.4322916666666667 0.1671875 0.18229166666666666
0 0.39296875 0.49635416666666665 0.10625 0.159375
0 0.304296875 0.5552083333333333 0.1328125 0.19270833333333334
0 0.2234375 0.6463541666666667 0.13828125 0.14270833333333333
0 0.073046875 0.5020833333333333 0.1453125 0.15520833333333334
0 0.05234375 0.3875 0.1046875 0.14375