0 0.512109375 0.08333333333333333 0.12890625 0.16666666666666666
0 0.5890625 0.046875 0.1109375 0.09375
0 0.379296875 0.4744791666666667 0.10546875 0.146875
0 0.38359375 0.5817708333333333 0.11875 0.15729166666666666
0 0.46796875 0.5182291666666666 0.08515625 0.115625
0 0.60703125 0.2375 0.12265625 0.15416666666666667
0 0.681640625 0.4322916666666667 0.1265625 0.165625
0 0.77734375 0.3729166666666667 0.13046875 0.17395833333333333
0 0.727734375 0.290625 0.128125 0.1625
0 0.634375 0.32083333333333336 0.096875 0.12604166666666666
0 0.53828125 0.4239583333333333 0.11171875 0.15104166666666666
0 0.4234375 0.39479166666666665 0.11796875 0.159375
0 0.24453125 0.8645833333333334 0.1265625 0.15625
0 0.266015625 0.7052083333333333 0.15 0.18645833333333334
0 0.357421875 0.8645833333333334 0.16484375 0.20520833333333333