0 0.698046875 0.46197916666666666 0.125 0.13541666666666666
0 0.77578125 0.25625 0.13671875 0.175
0 0.58671875 0.471875 0.109375 0.15729166666666666
0 0.364453125 0.5333333333333333 0.13515625 0.15
0 0.240234375 0.4510416666666667 0.11171875 0.153125
0 0.4828125 0.46875 0.0875 0.16666666666666666
0 0.354296875 0.396875 0.11015625 0.12916666666666668
0 0.82734375 0.553125 0.11796875 0.15104166666666666
0 0.92421875 0.49270833333333336 0.1515625 0.14791666666666667
0 0.715625 0.5875 0.1453125 0.12708333333333333
0 0.73125 0.6942708333333333 0.15625 0.146875
0 0.146484375 0.3885416666666667 0.10859375 0.15416666666666667
0 0.56875 0.6505208333333333 0.13125 0.19895833333333332
0 0.9015625 0.6864583333333333 0.171875 0.134375
0 0.07421875 0.4973958333333333 0.1484375 0.128125