0 0.613671875 0.08645833333333333 0.14296875 0.17291666666666666
0 0.622265625 0.3880208333333333 0.14453125 0.20833333333333334
0 0.491015625 0.41822916666666665 0.09765625 0.13541666666666666
0 0.75078125 0.4479166666666667 0.1734375 0.21770833333333334
0 0.70546875 0.284375 0.140625 0.17916666666666667
0 0.800390625 0.19635416666666666 0.1453125 0.18229166666666666
0 0.254296875 0.621875 0.13515625 0.17291666666666666
0 0.33828125 0.5583333333333333 0.1296875 0.18958333333333333
0 0.49921875 0.5203125 0.11328125 0.15625
0 0.417578125 0.5276041666666667 0.109375 0.16354166666666667
0 0.16484375 0.8333333333333334 0.17265625 0.18125
0 0.32578125 0.7244791666666667 0.15 0.18541666666666667
0 0.88046875 0.3932291666666667 0.19375 0.24375