0 0.684765625 0.3338541666666667 0.11171875 0.15520833333333334
0 0.684375 0.44947916666666665 0.11015625 0.10416666666666667
0 0.771484375 0.5807291666666666 0.09296875 0.090625
0 0.55390625 0.3854166666666667 0.07265625 0.115625
0 0.449609375 0.5151041666666667 0.05703125 0.1125
0 0.359375 0.5885416666666666 0.07265625 0.109375
0 0.23515625 0.6625 0.109375 0.11875
0 0.10546875 0.6416666666666667 0.1546875 0.134375
0 0.07265625 0.23854166666666668 0.07734375 0.10625
0 0.240625 0.5552083333333333 0.1171875 0.12604166666666666
0 0.832421875 0.4078125 0.10703125 0.134375
0 0.946484375 0.3963541666666667 0.1 0.10416666666666667
0 0.352734375 0.39947916666666666 0.10234375 0.11979166666666667
0 0.658984375 0.6317708333333333 0.10234375 0.14270833333333333
0 0.7359375 0.16927083333333334 0.1203125 0.2
0 0.493359375 0.4583333333333333 0.07109375 0.134375
0 0.571875 0.4901041666666667 0.09375 0.11666666666666667