0 0.599609375 0.1078125 0.10625 0.18541666666666667
0 0.682421875 0.09010416666666667 0.11796875 0.1625
0 0.452734375 0.6604166666666667 0.109375 0.17395833333333333
0 0.36640625 0.5348958333333333 0.1078125 0.16041666666666668
0 0.334375 0.6239583333333333 0.103125 0.15104166666666666
0 0.54140625 0.42864583333333334 0.0984375 0.165625
0 0.590234375 0.37864583333333335 0.09296875 0.14791666666666667
0 0.675 0.39010416666666664 0.1125 0.13958333333333334
0 0.8140625 0.3984375 0.16640625 0.20729166666666668
0 0.105859375 0.7828125 0.1234375 0.17083333333333334
0 0.17421875 0.7203125 0.11953125 0.17604166666666668
0 0.23046875 0.6203125 0.14609375 0.16145833333333334
0 0.667578125 0.48020833333333335 0.1640625 0.16875
0 0.46796875 0.5286458333333334 0.10546875 0.14895833333333333
0 0.7625 0.26197916666666665 0.15 0.18645833333333334