0 0.603515625 0.6869791666666667 0.1515625 0.16875
0 0.801171875 0.31145833333333334 0.11796875 0.178125
0 0.2359375 0.34010416666666665 0.14453125 0.16041666666666668
0 0.2046875 0.41875 0.1296875 0.13020833333333334
0 0.337890625 0.3765625 0.14140625 0.20833333333333334
0 0.64140625 0.590625 0.1046875 0.128125
0 0.75390625 0.5703125 0.15390625 0.16666666666666666
0 0.883984375 0.5552083333333333 0.13671875 0.165625
0 0.44765625 0.4046875 0.11015625 0.16979166666666667
0 0.57265625 0.4630208333333333 0.0984375 0.159375
0 0.438671875 0.6088541666666667 0.1515625 0.228125