0 0.333203125 0.5177083333333333 0.11875 0.171875
0 0.621484375 0.2453125 0.1390625 0.18125
0 0.699609375 0.18958333333333333 0.09453125 0.14791666666666667
0 0.44921875 0.44635416666666666 0.1046875 0.15
0 0.50078125 0.6244791666666667 0.13671875 0.19270833333333334
0 0.666015625 0.3671875 0.12578125 0.16041666666666668
0 0.58203125 0.4895833333333333 0.1140625 0.178125
0 0.601171875 0.6260416666666667 0.121875 0.18541666666666667
0 0.186328125 0.5223958333333333 0.16953125 0.1875
0 0.22578125 0.6020833333333333 0.15 0.16354166666666667
0 0.093359375 0.6385416666666667 0.171875 0.190625