0 0.840625 0.45625 0.15 0.209375
0 0.627734375 0.6005208333333333 0.15078125 0.21041666666666667
0 0.5515625 0.4546875 0.1015625 0.13854166666666667
0 0.64140625 0.78125 0.17578125 0.22708333333333333
0 0.73359375 0.6572916666666667 0.14296875 0.18645833333333334
0 0.833203125 0.734375 0.14765625 0.190625
0 0.31328125 0.2546875 0.13828125 0.18020833333333333
0 0.3921875 0.32916666666666666 0.1359375 0.190625
0 0.4859375 0.5072916666666667 0.1171875 0.159375
0 0.446484375 0.4119791666666667 0.115625 0.16458333333333333
0 0.131640625 0.2359375 0.16875 0.196875
0 0.273828125 0.384375 0.1515625 0.19375
0 0.7328125 0.89375 0.196875 0.2125