0 0.538671875 0.07135416666666666 0.14765625 0.14270833333333333
0 0.04453125 0.6510416666666666 0.0890625 0.13541666666666666
0 0.549609375 0.3458333333333333 0.11640625 0.15520833333333334
0 0.78203125 0.4 0.12890625 0.171875
0 0.659375 0.13645833333333332 0.15546875 0.20625
0 0.7265625 0.21822916666666667 0.1375 0.18020833333333333
0 0.80234375 0.08958333333333333 0.14375 0.17916666666666667
0 0.466015625 0.6442708333333333 0.11640625 0.15520833333333334
0 0.777734375 0.3015625 0.13125 0.17291666666666666
0 0.547265625 0.45416666666666666 0.10703125 0.14270833333333333
0 0.648828125 0.34791666666666665 0.11640625 0.15416666666666667
0 0.575390625 0.25885416666666666 0.12109375 0.1625
0 0.3703125 0.6786458333333333 0.1375 0.178125
0 0.407421875 0.7890625 0.109375 0.140625
0 0.409765625 0.5385416666666667 0.1125 0.14895833333333333
0 0.29921875 0.8755208333333333 0.1765625 0.228125