0 0.515234375 0.7109375 0.16015625 0.19791666666666666
0 0.82734375 0.421875 0.13515625 0.19166666666666668
0 0.27578125 0.25416666666666665 0.153125 0.1875
0 0.230859375 0.3171875 0.13359375 0.15729166666666666
0 0.36796875 0.32395833333333335 0.16171875 0.225
0 0.46796875 0.39010416666666664 0.12734375 0.18125
0 0.795703125 0.6520833333333333 0.15703125 0.19895833333333332
0 0.55859375 0.5885416666666666 0.11328125 0.14375
0 0.6546875 0.5505208333333333 0.1453125 0.1875
0 0.531640625 0.471875 0.1140625 0.16145833333333334
0 0.9 0.73125 0.1421875 0.18229166666666666
0 0.3859375 0.5421875 0.1875 0.23020833333333332
0 0.7546875 0.7713541666666667 0.18125 0.209375