0 0.7296875 0.215625 0.0890625 0.165625
0 0.4125 0.45208333333333334 0.0859375 0.14583333333333334
0 0.6671875 0.5015625 0.09375 0.146875
0 0.762890625 0.4203125 0.10625 0.09895833333333333
0 0.476953125 0.484375 0.08203125 0.12604166666666666
0 0.820703125 0.6526041666666667 0.11875 0.12083333333333333
0 0.808203125 0.5572916666666666 0.115625 0.11979166666666667
0 0.534375 0.4239583333333333 0.0734375 0.11041666666666666
0 0.82421875 0.22083333333333333 0.0703125 0.11770833333333333
0 0.33984375 0.6005208333333333 0.1046875 0.17083333333333334
0 0.733203125 0.48125 0.06875 0.08020833333333334
0 0.5796875 0.353125 0.08984375 0.14583333333333334
0 0.708203125 0.6140625 0.12734375 0.12604166666666666
0 0.250390625 0.40208333333333335 0.1296875 0.15625
0 0.32265625 0.4817708333333333 0.0828125 0.10833333333333334
0 0.119921875 0.45729166666666665 0.1578125 0.134375
0 0.575 0.490625 0.0640625 0.10104166666666667