0 0.66328125 0.14791666666666667 0.0828125 0.17291666666666666
0 0.64140625 0.4765625 0.09921875 0.13541666666666666
0 0.626953125 0.6208333333333333 0.090625 0.12083333333333333
0 0.541796875 0.503125 0.09375 0.15625
0 0.471875 0.5067708333333333 0.0609375 0.11979166666666667
0 0.519921875 0.6322916666666667 0.09375 0.11666666666666667
0 0.725390625 0.6197916666666666 0.10703125 0.134375
0 0.744140625 0.13489583333333333 0.10234375 0.146875
0 0.294921875 0.6072916666666667 0.1296875 0.134375
0 0.167578125 0.6 0.109375 0.11666666666666667
0 0.740625 0.45 0.13828125 0.184375
0 0.852734375 0.5171875 0.11484375 0.16458333333333333
0 0.273828125 0.4635416666666667 0.109375 0.13020833333333334
0 0.1625 0.4734375 0.13828125 0.1375
0 0.374609375 0.48802083333333335 0.1015625 0.12395833333333334