0 0.259375 0.4583333333333333 0.146875 0.19375
0 0.2125 0.2708333333333333 0.12421875 0.15625
0 0.5953125 0.5713541666666667 0.1375 0.2
0 0.83515625 0.7520833333333333 0.1359375 0.19375
0 0.9078125 0.6583333333333333 0.14375 0.19479166666666667
0 0.986328125 0.6473958333333333 0.02734375 0.178125
0 0.34453125 0.9510416666666667 0.1296875 0.09791666666666667
0 0.943359375 0.7390625 0.11328125 0.121875
0 0.47890625 0.9119791666666667 0.109375 0.17604166666666668
0 0.66484375 0.8598958333333333 0.1078125 0.171875
0 0.444921875 0.965625 0.09453125 0.06875
0 0.6640625 0.728125 0.1140625 0.18020833333333333
0 0.583203125 0.9380208333333333 0.11171875 0.12395833333333334
0 0.5234375 0.8432291666666667 0.09921875 0.1625