0 0.596484375 0.43072916666666666 0.09921875 0.17395833333333333
0 0.669140625 0.4583333333333333 0.084375 0.18020833333333333
0 0.88515625 0.6541666666666667 0.1234375 0.16875
0 0.86015625 0.8390625 0.12734375 0.19479166666666667
0 0.650390625 0.15208333333333332 0.11015625 0.196875
0 0.162890625 0.5661458333333333 0.13671875 0.2
0 0.11015625 0.35625 0.10625 0.14479166666666668
0 0.14140625 0.2265625 0.06953125 0.14791666666666667
0 0.49453125 0.7182291666666667 0.1078125 0.18229166666666666
0 0.962109375 0.23177083333333334 0.07578125 0.17395833333333333
0 0.184375 0.384375 0.1140625 0.16041666666666668
0 0.238671875 0.08177083333333333 0.14765625 0.16354166666666667
0 0.2109375 0.253125 0.09296875 0.12916666666666668
0 0.077734375 0.7713541666666667 0.15546875 0.19479166666666667