0 0.826171875 0.41458333333333336 0.134375 0.190625
0 0.24765625 0.18072916666666666 0.19296875 0.24895833333333334
0 0.3421875 0.3296875 0.12734375 0.17395833333333333
0 0.28828125 0.5286458333333334 0.16328125 0.21354166666666666
0 0.430859375 0.38697916666666665 0.1375 0.19895833333333332
0 0.445703125 0.6375 0.14296875 0.18645833333333334
0 0.56953125 0.5072916666666667 0.13046875 0.17708333333333334
0 0.476953125 0.5 0.12890625 0.1625
0 0.677734375 0.5572916666666666 0.13203125 0.1875
0 0.7546875 0.6328125 0.16171875 0.240625
0 0.853515625 0.6630208333333333 0.15078125 0.22395833333333334