0 0.5578125 0.37604166666666666 0.1125 0.18229166666666666
0 0.6328125 0.35052083333333334 0.09921875 0.18541666666666667
0 0.801171875 0.021875 0.13671875 0.04375
0 0.892578125 0.3770833333333333 0.134375 0.18229166666666666
0 0.935546875 0.5567708333333333 0.12890625 0.20729166666666668
0 0.125 0.20989583333333334 0.14375 0.16979166666666667
0 0.03828125 0.2375 0.0765625 0.12083333333333333
0 0.158984375 0.47708333333333336 0.10234375 0.13333333333333333
0 0.4984375 0.09895833333333333 0.125 0.19791666666666666
0 0.2109375 0.5947916666666667 0.13671875 0.17604166666666668
0 0.233203125 0.7822916666666667 0.15 0.21354166666666666
0 0.076171875 0.48854166666666665 0.0984375 0.16770833333333332
0 0.55390625 0.765625 0.12421875 0.18958333333333333
0 0.40546875 0.9333333333333333 0.1546875 0.13333333333333333
0 0.11015625 0.6348958333333333 0.11640625 0.17395833333333333