0 0.7734375 0.30364583333333334 0.1140625 0.1875
0 0.846484375 0.35052083333333334 0.125 0.17291666666666666
0 0.2796875 0.2984375 0.1546875 0.20104166666666667
0 0.183203125 0.26197916666666665 0.1109375 0.15729166666666666
0 0.34296875 0.3765625 0.115625 0.15625
0 0.462890625 0.471875 0.10390625 0.159375
0 0.70234375 0.640625 0.1640625 0.20208333333333334
0 0.53359375 0.6510416666666666 0.1140625 0.16145833333333334
0 0.0953125 0.42552083333333335 0.1671875 0.2
0 0.24453125 0.42552083333333335 0.153125 0.19166666666666668
0 0.628125 0.7421875 0.1328125 0.17291666666666666
0 0.78125 0.6697916666666667 0.14609375 0.21145833333333333
0 0.4203125 0.5921875 0.11953125 0.16145833333333334
0 0.556640625 0.5364583333333334 0.1015625 0.15416666666666667
0 0.441796875 0.303125 0.12890625 0.20833333333333334
0 0.396484375 0.475 0.103125 0.17083333333333334