0 0.58359375 0.40520833333333334 0.08046875 0.159375
0 0.66015625 0.4125 0.0640625 0.16875
0 0.9015625 0.5442708333333334 0.10625 0.146875
0 0.90546875 0.734375 0.10703125 0.17291666666666666
0 0.210546875 0.06979166666666667 0.121875 0.12708333333333333
0 0.592578125 0.11614583333333334 0.08828125 0.18020833333333333
0 0.1796875 0.6572916666666667 0.11640625 0.17708333333333334
0 0.171875 0.33229166666666665 0.08125 0.11979166666666667
0 0.18828125 0.453125 0.1171875 0.12083333333333333
0 0.090234375 0.475 0.09140625 0.12604166666666666
0 0.112109375 0.3234375 0.05234375 0.13854166666666667
0 0.1578125 0.8916666666666667 0.14375 0.1875
0 0.528515625 0.7145833333333333 0.08828125 0.165625
0 0.9265625 0.1046875 0.09296875 0.15625