0 0.653515625 0.28177083333333336 0.115625 0.15729166666666666
0 0.739453125 0.24427083333333333 0.090625 0.14479166666666668
0 0.686328125 0.44479166666666664 0.1296875 0.203125
0 0.5359375 0.4427083333333333 0.11015625 0.16666666666666666
0 0.445703125 0.4265625 0.09921875 0.20625
0 0.364453125 0.4510416666666667 0.115625 0.19270833333333334
0 0.287109375 0.4921875 0.09921875 0.15520833333333334
0 0.205859375 0.571875 0.12578125 0.14791666666666667
0 0.08984375 0.4578125 0.10234375 0.13645833333333332
0 0.195703125 0.4359375 0.103125 0.14166666666666666
0 0.125390625 0.6255208333333333 0.1 0.18020833333333333