0 0.826953125 0.3567708333333333 0.11953125 0.178125
0 0.690234375 0.5166666666666667 0.09921875 0.13125
0 0.909375 0.653125 0.17421875 0.20520833333333333
0 0.809375 0.7854166666666667 0.17890625 0.18958333333333333
0 0.7890625 0.5979166666666667 0.14140625 0.18645833333333334
0 0.46015625 0.4088541666666667 0.128125 0.18020833333333333
0 0.265625 0.425 0.1578125 0.16770833333333332
0 0.0984375 0.3645833333333333 0.16484375 0.18541666666666667
0 0.17265625 0.2989583333333333 0.13125 0.15729166666666666
0 0.271484375 0.3229166666666667 0.125 0.146875
0 0.54296875 0.45208333333333334 0.11484375 0.20729166666666668
0 0.669921875 0.5854166666666667 0.17578125 0.17916666666666667
0 0.3859375 0.5234375 0.14296875 0.17916666666666667
0 0.3828125 0.3416666666666667 0.13203125 0.184375