0 0.630078125 0.08645833333333333 0.13515625 0.17291666666666666
0 0.03671875 0.47604166666666664 0.0734375 0.12708333333333333
0 0.4234375 0.6796875 0.11640625 0.13541666666666666
0 0.391796875 0.59375 0.11328125 0.14583333333333334
0 0.4640625 0.47552083333333334 0.1 0.12708333333333333
0 0.579296875 0.3703125 0.11015625 0.146875
0 0.656640625 0.31614583333333335 0.1078125 0.14166666666666666
0 0.783203125 0.4979166666666667 0.121875 0.1625
0 0.728515625 0.209375 0.15 0.190625
0 0.2296875 0.7859375 0.15703125 0.16979166666666667
0 0.776953125 0.3177083333333333 0.13671875 0.16145833333333334
0 0.876171875 0.21354166666666666 0.1484375 0.159375
0 0.499609375 0.5927083333333333 0.109375 0.14791666666666667
0 0.811328125 0.4192708333333333 0.12890625 0.15833333333333333
0 0.555078125 0.4734375 0.10078125 0.13645833333333332
0 0.678515625 0.41770833333333335 0.109375 0.15104166666666666