0 0.551953125 0.07083333333333333 0.13359375 0.14166666666666666
0 0.600390625 0.2838541666666667 0.10625 0.14166666666666666
0 0.793359375 0.10208333333333333 0.17890625 0.20416666666666666
0 0.35078125 0.5859375 0.1296875 0.16979166666666667
0 0.834375 0.26979166666666665 0.17734375 0.22291666666666668
0 0.70078125 0.20572916666666666 0.15078125 0.2
0 0.42109375 0.5041666666666667 0.13984375 0.18958333333333333
0 0.340625 0.7411458333333333 0.15625 0.196875
0 0.221875 0.9010416666666666 0.1671875 0.19791666666666666
0 0.21328125 0.790625 0.13515625 0.175
0 0.27578125 0.6859375 0.128125 0.165625
0 0.4609375 0.6682291666666667 0.15625 0.209375
0 0.48828125 0.4270833333333333 0.1390625 0.20104166666666667
0 0.645703125 0.37395833333333334 0.178125 0.23229166666666667