0 0.742578125 0.196875 0.09375 0.15520833333333334
0 0.85078125 0.41041666666666665 0.1125 0.14375
0 0.094140625 0.22291666666666668 0.0921875 0.13229166666666667
0 0.869921875 0.5552083333333333 0.14140625 0.13229166666666667
0 0.333203125 0.6432291666666666 0.121875 0.13541666666666666
0 0.6578125 0.36354166666666665 0.0859375 0.18020833333333333
0 0.727734375 0.3958333333333333 0.084375 0.17916666666666667
0 0.094140625 0.4703125 0.15390625 0.12916666666666668
0 0.221484375 0.42239583333333336 0.13671875 0.11770833333333333
0 0.407421875 0.47552083333333334 0.0921875 0.14479166666666668
0 0.527734375 0.44166666666666665 0.09375 0.16770833333333332
0 0.320703125 0.5276041666666667 0.1234375 0.1
0 0.116015625 0.6265625 0.21484375 0.14375