0 0.560546875 0.378125 0.109375 0.18125
0 0.6359375 0.3567708333333333 0.09609375 0.184375
0 0.82421875 0.042708333333333334 0.134375 0.08541666666666667
0 0.8953125 0.3953125 0.13203125 0.17916666666666667
0 0.934375 0.575 0.13125 0.20416666666666666
0 0.1328125 0.19270833333333334 0.1421875 0.165625
0 0.508984375 0.09895833333333333 0.12109375 0.19791666666666666
0 0.225 0.7682291666666666 0.146875 0.21041666666666667
0 0.151953125 0.4578125 0.10234375 0.14375
0 0.211328125 0.5776041666666667 0.13671875 0.15729166666666666
0 0.571484375 0.7192708333333333 0.12421875 0.17708333333333334
0 0.10078125 0.6072916666666667 0.11328125 0.153125
0 0.090234375 0.4734375 0.07890625 0.15104166666666666
0 0.255859375 0.9390625 0.16796875 0.121875