0 0.60625 0.4635416666666667 0.1203125 0.18645833333333334
0 0.67265625 0.5151041666666667 0.109375 0.18645833333333334
0 0.967578125 0.38333333333333336 0.06484375 0.2
0 0.846484375 0.775 0.140625 0.190625
0 0.787109375 0.9203125 0.14921875 0.159375
0 0.710546875 0.20729166666666668 0.134375 0.209375
0 0.160546875 0.45364583333333336 0.15859375 0.221875
0 0.20234375 0.1 0.10703125 0.17083333333333334
0 0.261328125 0.1578125 0.109375 0.15208333333333332
0 0.246875 0.29583333333333334 0.1421875 0.171875
0 0.44296875 0.7260416666666667 0.13359375 0.18645833333333334
0 0.08515625 0.6708333333333333 0.1703125 0.26875
0 0.1515625 0.22083333333333333 0.12109375 0.1625