0 0.571484375 0.3890625 0.09765625 0.17291666666666666
0 0.65703125 0.3776041666666667 0.0828125 0.17916666666666667
0 0.548046875 0.10364583333333334 0.1078125 0.19583333333333333
0 0.190234375 0.725 0.13515625 0.19791666666666666
0 0.553515625 0.70625 0.10625 0.18125
0 0.87265625 0.0546875 0.109375 0.109375
0 0.90859375 0.4578125 0.12578125 0.14895833333333333
0 0.160546875 0.9505208333333334 0.15234375 0.09895833333333333
0 0.1015625 0.1953125 0.06328125 0.109375
0 0.0875 0.5463541666666667 0.09140625 0.14479166666666668
0 0.180859375 0.5192708333333333 0.10859375 0.13020833333333334
0 0.10234375 0.41510416666666666 0.0546875 0.08541666666666667
0 0.141796875 0.41770833333333335 0.0546875 0.10833333333333334
0 0.309765625 0.39375 0.07890625 0.125
0 0.948046875 0.7479166666666667 0.10390625 0.17708333333333334
0 0.21875 0.4125 0.140625 0.159375
0 0.03359375 0.19479166666666667 0.0671875 0.14375