0 0.6046875 0.45677083333333335 0.11640625 0.184375
0 0.673046875 0.4942708333333333 0.1046875 0.18645833333333334
0 0.85625 0.7505208333333333 0.1375 0.18645833333333334
0 0.6984375 0.196875 0.1296875 0.20833333333333334
0 0.14765625 0.46927083333333336 0.1546875 0.21875
0 0.152734375 0.25 0.11796875 0.159375
0 0.46328125 0.7130208333333333 0.12578125 0.19479166666666667
0 0.972265625 0.35885416666666664 0.05546875 0.18854166666666666
0 0.335546875 0.08177083333333333 0.15703125 0.16354166666666667
0 0.233203125 0.3046875 0.12265625 0.16666666666666666
0 0.26484375 0.2 0.1 0.15625
0 0.18828125 0.15416666666666667 0.0828125 0.121875
0 0.05 0.6708333333333333 0.1 0.23958333333333334
0 0.26640625 0.021875 0.071875 0.04375
0 0.85859375 0.9411458333333333 0.103125 0.11770833333333333