0 0.723046875 0.5546875 0.14609375 0.19479166666666667
0 0.790625 0.6307291666666667 0.10859375 0.146875
0 0.644921875 0.6578125 0.13125 0.17395833333333333
0 0.259375 0.13541666666666666 0.1390625 0.18125
0 0.321484375 0.0890625 0.14296875 0.178125
0 0.244921875 0.059375 0.15234375 0.11875
0 0.399609375 0.225 0.1640625 0.21875
0 0.490625 0.34010416666666665 0.13515625 0.18125
0 0.37109375 0.42552083333333335 0.1640625 0.21666666666666667
0 0.451953125 0.6817708333333333 0.13515625 0.18125
0 0.54375 0.5125 0.12578125 0.16666666666666666