0 0.5578125 0.37604166666666666 0.1125 0.18229166666666666
0 0.630859375 0.35104166666666664 0.09921875 0.18541666666666667
0 0.8921875 0.3765625 0.134375 0.18229166666666666
0 0.934375 0.5536458333333333 0.13125 0.20729166666666668
0 0.125390625 0.21041666666666667 0.14375 0.16979166666666667
0 0.49921875 0.10052083333333334 0.125 0.20104166666666667
0 0.232421875 0.7817708333333333 0.15 0.21354166666666666
0 0.148828125 0.475 0.10390625 0.14583333333333334
0 0.192578125 0.584375 0.13828125 0.16145833333333334
0 0.105859375 0.6322916666666667 0.11484375 0.15625
0 0.090625 0.49114583333333334 0.08125 0.15208333333333332
0 0.266015625 0.9421875 0.17890625 0.115625
0 0.576953125 0.6921875 0.12109375 0.19166666666666668
0 0.8140625 0.0203125 0.1234375 0.040625