0 0.83984375 0.4588541666666667 0.1328125 0.18333333333333332
0 0.605859375 0.525 0.1265625 0.178125
0 0.30625 0.26666666666666666 0.10859375 0.14479166666666668
0 0.224609375 0.25416666666666665 0.12890625 0.178125
0 0.140625 0.2296875 0.1125 0.14791666666666667
0 0.681640625 0.5776041666666667 0.10546875 0.140625
0 0.646875 0.6645833333333333 0.12578125 0.159375
0 0.86953125 0.7807291666666667 0.17890625 0.228125
0 0.278515625 0.36302083333333335 0.12421875 0.15520833333333334
0 0.401171875 0.32760416666666664 0.12890625 0.16875
0 0.496484375 0.36875 0.13515625 0.18020833333333333
0 0.39140625 0.4734375 0.13125 0.17395833333333333
0 0.754296875 0.7026041666666667 0.1546875 0.20833333333333334
0 0.753125 0.8770833333333333 0.19765625 0.24479166666666666
0 0.72890625 0.975 0.1734375 0.05