0 0.7296875 0.16822916666666668 0.10703125 0.17916666666666667
0 0.41484375 0.46927083333333336 0.078125 0.14583333333333334
0 0.14296875 0.5229166666666667 0.121875 0.103125
0 0.78046875 0.4161458333333333 0.1359375 0.171875
0 0.894921875 0.3645833333333333 0.1390625 0.15208333333333332
0 0.6453125 0.4609375 0.1078125 0.18020833333333333
0 0.326953125 0.48072916666666665 0.09140625 0.15208333333333332
0 0.233203125 0.4583333333333333 0.125 0.13333333333333333
0 0.506640625 0.51875 0.1125 0.14270833333333333
0 0.515625 0.4203125 0.0765625 0.11354166666666667
0 0.919140625 0.5697916666666667 0.16171875 0.19791666666666666
0 0.746484375 0.5734375 0.14921875 0.171875
0 0.16015625 0.6380208333333334 0.1453125 0.11875
0 0.290234375 0.6135416666666667 0.1234375 0.15208333333333332