0 0.7359375 0.17083333333333334 0.090625 0.15416666666666667
0 0.675390625 0.39947916666666666 0.08046875 0.10729166666666666
0 0.9171875 0.3885416666666667 0.15078125 0.15520833333333334
0 0.340625 0.45625 0.103125 0.121875
0 0.87265625 0.5671875 0.1625 0.13125
0 0.791015625 0.4125 0.115625 0.15
0 0.410546875 0.5802083333333333 0.1140625 0.12916666666666668
0 0.43359375 0.4432291666666667 0.10078125 0.15104166666666666
0 0.265625 0.5755208333333334 0.14375 0.11666666666666667
0 0.572265625 0.4203125 0.10703125 0.1625
0 0.68828125 0.5052083333333334 0.11796875 0.13854166666666667
0 0.0953125 0.6395833333333333 0.146875 0.134375
0 0.13984375 0.51875 0.11328125 0.11875
0 0.236328125 0.48072916666666665 0.10859375 0.11041666666666666