0 0.10859375 0.6515625 0.1046875 0.15104166666666666
0 0.53125 0.36041666666666666 0.13046875 0.18854166666666666
0 0.6 0.30885416666666665 0.121875 0.18541666666666667
0 0.4125 0.11666666666666667 0.14921875 0.20729166666666668
0 0.85546875 0.2453125 0.14765625 0.19791666666666666
0 0.929296875 0.40260416666666665 0.14140625 0.21979166666666666
0 0.20703125 0.6927083333333334 0.11875 0.15520833333333334
0 0.158984375 0.7630208333333334 0.1234375 0.165625
0 0.08046875 0.35 0.1515625 0.19270833333333334
0 0.0234375 0.40729166666666666 0.046875 0.12916666666666668
0 0.452734375 0.978125 0.15546875 0.04375
0 0.162890625 0.5979166666666667 0.1109375 0.146875
0 0.7125 0.8114583333333333 0.15859375 0.21666666666666667
0 0.290625 0.8734375 0.18125 0.25104166666666666