0 0.81953125 0.3765625 0.1296875 0.1875
0 0.517578125 0.4557291666666667 0.11640625 0.18229166666666666
0 0.415234375 0.578125 0.13359375 0.16875
0 0.70546875 0.490625 0.13671875 0.18229166666666666
0 0.84296875 0.6322916666666667 0.1421875 0.18645833333333334
0 0.755859375 0.5942708333333333 0.11640625 0.19791666666666666
0 0.825 0.7864583333333334 0.14921875 0.16875
0 0.384375 0.3776041666666667 0.11484375 0.16354166666666667
0 0.296484375 0.2911458333333333 0.15 0.184375
0 0.4203125 0.4828125 0.13125 0.1625
0 0.236328125 0.06197916666666667 0.16328125 0.12395833333333334
0 0.27890625 0.48854166666666665 0.15859375 0.196875
0 0.60546875 0.49166666666666664 0.12734375 0.20208333333333334
0 0.159765625 0.20572916666666666 0.196875 0.21666666666666667