0 0.53828125 0.4239583333333333 0.11171875 0.15104166666666666
0 0.605078125 0.32916666666666666 0.0828125 0.10520833333333333
0 0.5734375 0.29010416666666666 0.11328125 0.14583333333333334
0 0.683203125 0.3359375 0.125 0.16145833333333334
0 0.509375 0.09166666666666666 0.13125 0.18333333333333332
0 0.571875 0.04479166666666667 0.08125 0.08958333333333333
0 0.761328125 0.28072916666666664 0.1140625 0.15104166666666666
0 0.33515625 0.6229166666666667 0.12421875 0.16041666666666668
0 0.662109375 0.48333333333333334 0.12734375 0.16979166666666667
0 0.392578125 0.40729166666666666 0.1328125 0.18229166666666666
0 0.277734375 0.8114583333333333 0.15390625 0.1875
0 0.341796875 0.4859375 0.12421875 0.16979166666666667
0 0.740625 0.42239583333333336 0.13203125 0.17395833333333333
0 0.4421875 0.5286458333333334 0.09609375 0.12291666666666666
0 0.426171875 0.178125 0.1390625 0.19166666666666668
0 0.84921875 0.28541666666666665 0.13359375 0.17708333333333334