0 0.76484375 0.20677083333333332 0.09765625 0.159375
0 0.0890625 0.18125 0.07734375 0.09583333333333334
0 0.344140625 0.6197916666666666 0.1 0.09166666666666666
0 0.616015625 0.4348958333333333 0.0859375 0.11354166666666667
0 0.754296875 0.6880208333333333 0.09453125 0.12604166666666666
0 0.80390625 0.38645833333333335 0.1203125 0.14166666666666666
0 0.8078125 0.509375 0.11640625 0.11041666666666666
0 0.9328125 0.4822916666666667 0.134375 0.09791666666666667
0 0.453515625 0.5875 0.084375 0.115625
0 0.826171875 0.6229166666666667 0.10625 0.11458333333333333
0 0.5578125 0.5109375 0.0765625 0.10625
0 0.180859375 0.578125 0.171875 0.11145833333333334
0 0.687109375 0.5286458333333334 0.08828125 0.10833333333333334
0 0.6796875 0.396875 0.08203125 0.12708333333333333
0 0.452734375 0.45364583333333336 0.07734375 0.10833333333333334
0 0.338671875 0.5177083333333333 0.11953125 0.10520833333333333