0 0.434765625 0.18854166666666666 0.15625 0.20833333333333334
0 0.487890625 0.6447916666666667 0.153125 0.20625
0 0.536328125 0.078125 0.12890625 0.15625
0 0.434765625 0.18854166666666666 0.15625 0.20833333333333334
0 0.487890625 0.6447916666666667 0.153125 0.20625
0 0.536328125 0.078125 0.12890625 0.15625
0 0.434765625 0.18854166666666666 0.15625 0.20833333333333334
0 0.487890625 0.6447916666666667 0.153125 0.20625
0 0.536328125 0.078125 0.12890625 0.15625
0 0.434765625 0.18854166666666666 0.15625 0.20833333333333334
0 0.487890625 0.6447916666666667 0.153125 0.20625
0 0.536328125 0.078125 0.12890625 0.15625
0 0.100390625 0.528125 0.1296875 0.178125
0 0.28828125 0.65 0.134375 0.18229166666666666
0 0.13203125 0.65 0.1234375 0.1625
0 0.453515625 0.909375 0.14921875 0.18125
0 0.1828125 0.5520833333333334 0.1265625 0.17083333333333334
0 0.52578125 0.9645833333333333 0.1765625 0.07083333333333333
0 0.391796875 0.7760416666666666 0.1328125 0.18020833333333333
0 0.266015625 0.7703125 0.125 0.17083333333333334
0 0.0546875 0.3859375 0.109375 0.23229166666666667
0 0.40390625 0.9614583333333333 0.1140625 0.07708333333333334