0 0.834765625 0.4265625 0.14609375 0.20833333333333334
0 0.447265625 0.40572916666666664 0.1125 0.16458333333333333
0 0.2078125 0.225 0.1328125 0.15625
0 0.759765625 0.6640625 0.1671875 0.21979166666666666
0 0.873828125 0.7177083333333333 0.1625 0.20520833333333333
0 0.6328125 0.5885416666666666 0.14765625 0.209375
0 0.372265625 0.34270833333333334 0.12421875 0.17708333333333334
0 0.308984375 0.24791666666666667 0.1453125 0.18229166666666666
0 0.50546875 0.4979166666666667 0.1390625 0.18229166666666666
0 0.54921875 0.45 0.1 0.13645833333333332
0 0.660546875 0.7598958333333333 0.178125 0.22708333333333333
0 0.18125 0.3072916666666667 0.15703125 0.18229166666666666
0 0.280859375 0.4171875 0.15078125 0.196875
0 0.77890625 0.8921875 0.215625 0.215625