0 0.7171875 0.4328125 0.13203125 0.18020833333333333
0 0.685546875 0.5411458333333333 0.121875 0.13125
0 0.73203125 0.7052083333333333 0.103125 0.11354166666666667
0 0.58125 0.41875 0.08828125 0.13125
0 0.44296875 0.496875 0.0734375 0.12395833333333334
0 0.338671875 0.5114583333333333 0.08671875 0.125
0 0.209375 0.5244791666666667 0.1234375 0.14479166666666668
0 0.09453125 0.44427083333333334 0.16875 0.17291666666666666
0 0.170703125 0.057291666666666664 0.09140625 0.11458333333333333
0 0.24296875 0.4276041666666667 0.13203125 0.15416666666666667
0 0.83515625 0.5729166666666666 0.1234375 0.15833333333333333
0 0.944140625 0.6166666666666667 0.11171875 0.12916666666666668
0 0.389453125 0.33541666666666664 0.1171875 0.14479166666666668
0 0.6125 0.6989583333333333 0.1203125 0.165625
0 0.808984375 0.30364583333333334 0.14765625 0.22604166666666667
0 0.505078125 0.4578125 0.090625 0.14895833333333333
0 0.56953125 0.5265625 0.1078125 0.1375