0 0.609375 0.5072916666666667 0.13671875 0.18645833333333334
0 0.660546875 0.5791666666666667 0.1296875 0.18020833333333333
0 0.769921875 0.896875 0.15078125 0.20104166666666667
0 0.676953125 0.9635416666666666 0.16328125 0.07291666666666667
0 0.76328125 0.3046875 0.153125 0.209375
0 0.185546875 0.325 0.171875 0.23125
0 0.21640625 0.14375 0.12890625 0.171875
0 0.284765625 0.03958333333333333 0.10703125 0.07916666666666666
0 0.4109375 0.6833333333333333 0.14609375 0.19791666666666666
0 0.96953125 0.596875 0.0609375 0.19583333333333333
0 0.283203125 0.23541666666666666 0.140625 0.18854166666666666
0 0.351171875 0.0953125 0.1140625 0.15208333333333332
0 0.4359375 0.027083333333333334 0.165625 0.05416666666666667
0 0.069921875 0.4015625 0.13984375 0.259375