0 0.60546875 0.46197916666666666 0.11953125 0.18645833333333334
0 0.673828125 0.5114583333333333 0.1078125 0.18645833333333334
0 0.965625 0.3703125 0.06875 0.19895833333333332
0 0.85 0.7671875 0.13984375 0.18854166666666666
0 0.794140625 0.9182291666666667 0.14765625 0.16354166666666667
0 0.2625 0.17291666666666666 0.10625 0.13958333333333334
0 0.705859375 0.203125 0.1328125 0.209375
0 0.240234375 0.30625 0.14140625 0.184375
0 0.160546875 0.4640625 0.15703125 0.22083333333333333
0 0.195703125 0.10625 0.10546875 0.16979166666666667
0 0.05390625 0.690625 0.1078125 0.19791666666666666
0 0.403515625 0.7432291666666667 0.13125 0.19479166666666667
0 0.18671875 0.7630208333333334 0.16171875 0.22708333333333333
0 0.145703125 0.24427083333333333 0.12265625 0.17916666666666667