0 0.5828125 0.09270833333333334 0.125 0.18541666666666667
0 0.655859375 0.07447916666666667 0.07421875 0.14895833333333333
0 0.705859375 0.0609375 0.09453125 0.121875
0 0.121484375 0.6916666666666667 0.14453125 0.19375
0 0.45703125 0.5453125 0.1140625 0.18229166666666666
0 0.352734375 0.459375 0.109375 0.175
0 0.60234375 0.3651041666666667 0.11640625 0.17291666666666666
0 0.492578125 0.36614583333333334 0.09921875 0.14583333333333334
0 0.58125 0.5026041666666666 0.115625 0.171875
0 0.796484375 0.35885416666666664 0.14609375 0.16145833333333334
0 0.418359375 0.38958333333333334 0.0984375 0.15729166666666666
0 0.212109375 0.5744791666666667 0.12734375 0.15520833333333334
0 0.7640625 0.2703125 0.1328125 0.153125
0 0.712109375 0.3880208333333333 0.11875 0.17083333333333334
0 0.298828125 0.546875 0.109375 0.171875
0 0.2140625 0.709375 0.13203125 0.15520833333333334
0 0.16796875 0.8505208333333333 0.16953125 0.17604166666666668