0 0.81484375 0.31666666666666665 0.125 0.18645833333333334
0 0.169921875 0.050520833333333334 0.09296875 0.10104166666666667
0 0.2375 0.35208333333333336 0.146875 0.15520833333333334
0 0.232421875 0.4901041666666667 0.128125 0.16145833333333334
0 0.351953125 0.5578125 0.11328125 0.12395833333333334
0 0.3734375 0.4671875 0.1078125 0.13645833333333332
0 0.48671875 0.45 0.0953125 0.11875
0 0.44765625 0.5651041666666666 0.09453125 0.1375
0 0.56015625 0.5520833333333334 0.090625 0.12083333333333333
0 0.624609375 0.48020833333333335 0.10390625 0.13854166666666667
0 0.70859375 0.5125 0.10234375 0.13333333333333333
0 0.673046875 0.61875 0.10703125 0.13958333333333334
0 0.7734375 0.7348958333333333 0.12734375 0.13958333333333334
0 0.705078125 0.7588541666666667 0.11484375 0.153125
0 0.787890625 0.653125 0.14765625 0.153125
0 0.1359375 0.3828125 0.12109375 0.12083333333333333
0 0.815625 0.5026041666666666 0.14296875 0.178125
0 0.96953125 0.2984375 0.0609375 0.215625