0 0.722265625 0.43854166666666666 0.1359375 0.17604166666666668
0 0.679296875 0.5729166666666666 0.12265625 0.15520833333333334
0 0.722265625 0.43854166666666666 0.1359375 0.17604166666666668
0 0.679296875 0.5729166666666666 0.12265625 0.15520833333333334
0 0.8234375 0.44375 0.10390625 0.14375
0 0.15703125 0.1421875 0.16953125 0.17395833333333333
0 0.130859375 0.22291666666666668 0.1625 0.15729166666666666
0 0.3875 0.30520833333333336 0.12890625 0.16979166666666667
0 0.48203125 0.384375 0.09921875 0.140625
0 0.462890625 0.5427083333333333 0.1265625 0.19166666666666668
0 0.530078125 0.6255208333333333 0.109375 0.16458333333333333
0 0.35625 0.47760416666666666 0.14609375 0.178125
0 0.257421875 0.2635416666666667 0.1640625 0.17604166666666668