0 0.83125 0.37604166666666666 0.13515625 0.19479166666666667
0 0.221484375 0.024479166666666666 0.09765625 0.04895833333333333
0 0.316015625 0.521875 0.11640625 0.13541666666666666
0 0.62578125 0.5036458333333333 0.11015625 0.146875
0 0.675390625 0.809375 0.121875 0.1625
0 0.812109375 0.5609375 0.15 0.190625
0 0.77890625 0.6755208333333333 0.13671875 0.16145833333333334
0 0.901171875 0.7192708333333333 0.1484375 0.159375
0 0.43125 0.5526041666666667 0.109375 0.14791666666666667
0 0.7625 0.7859375 0.12890625 0.15833333333333333
0 0.549609375 0.5416666666666666 0.10078125 0.13645833333333332
0 0.192578125 0.396875 0.1859375 0.19166666666666668
0 0.662890625 0.6276041666666666 0.11171875 0.14375
0 0.695703125 0.503125 0.11171875 0.15729166666666666
0 0.47109375 0.4317708333333333 0.10234375 0.13854166666666667
0 0.347265625 0.42864583333333334 0.13828125 0.15833333333333333