0 0.803515625 0.2911458333333333 0.10859375 0.17083333333333334
0 0.2546875 0.3807291666666667 0.0953125 0.12708333333333333
0 0.690234375 0.48125 0.09296875 0.12291666666666666
0 0.919140625 0.5755208333333334 0.16171875 0.18645833333333334
0 0.36015625 0.38958333333333334 0.11640625 0.14375
0 0.836328125 0.7244791666666667 0.17421875 0.16666666666666666
0 0.796484375 0.5432291666666667 0.13203125 0.17291666666666666
0 0.397265625 0.540625 0.12734375 0.153125
0 0.451171875 0.4171875 0.11796875 0.16979166666666667
0 0.673828125 0.5802083333333333 0.1328125 0.125
0 0.090625 0.43385416666666665 0.13359375 0.15208333333333332
0 0.259765625 0.46979166666666666 0.15390625 0.14791666666666667
0 0.587890625 0.4557291666666667 0.12578125 0.18333333333333332
0 0.17265625 0.3953125 0.10625 0.14166666666666666