0 0.35625 0.5348958333333333 0.109375 0.14583333333333334
0 0.394140625 0.6583333333333333 0.1171875 0.16458333333333333
0 0.452734375 0.5401041666666667 0.10703125 0.15520833333333334
0 0.171875 0.8119791666666667 0.178125 0.18541666666666667
0 0.299609375 0.7557291666666667 0.121875 0.140625
0 0.03203125 0.46510416666666665 0.0640625 0.13020833333333334
0 0.47734375 0.4552083333333333 0.10234375 0.16145833333333334
0 0.75859375 0.4432291666666667 0.1375 0.1625
0 0.71953125 0.5458333333333333 0.13828125 0.18229166666666666
0 0.670703125 0.34479166666666666 0.1390625 0.16354166666666667
0 0.636328125 0.08645833333333333 0.14765625 0.17291666666666666
0 0.6328125 0.23385416666666667 0.13046875 0.16770833333333332
0 0.521484375 0.3692708333333333 0.1015625 0.134375
0 0.26796875 0.6765625 0.12890625 0.15729166666666666
0 0.576953125 0.45208333333333334 0.1046875 0.13020833333333334
0 0.777734375 0.2453125 0.16875 0.20208333333333334