0 0.3421875 0.2546875 0.140625 0.184375
0 0.395703125 0.08697916666666666 0.11953125 0.14791666666666667
0 0.534765625 0.6375 0.1296875 0.19375
0 0.622265625 0.9463541666666667 0.12890625 0.10729166666666666
0 0.723046875 0.9442708333333333 0.13671875 0.11145833333333334
0 0.13984375 0.7244791666666667 0.1234375 0.16354166666666667
0 0.2765625 0.7895833333333333 0.1 0.17708333333333334
0 0.3546875 0.7854166666666667 0.09453125 0.153125
0 0.34921875 0.9072916666666667 0.103125 0.11458333333333333
0 0.51875 0.8260416666666667 0.1203125 0.19166666666666668
0 0.441796875 0.9145833333333333 0.09921875 0.16770833333333332
0 0.20546875 0.8276041666666667 0.08828125 0.14479166666666668