0 0.27109375 0.3927083333333333 0.1328125 0.17291666666666666
0 0.58203125 0.5963541666666666 0.1203125 0.184375
0 0.25703125 0.20729166666666668 0.10859375 0.14375
0 0.27109375 0.3927083333333333 0.1328125 0.17291666666666666
0 0.58203125 0.5963541666666666 0.1203125 0.184375
0 0.25703125 0.20729166666666668 0.10859375 0.14375
0 0.27109375 0.3927083333333333 0.1328125 0.17291666666666666
0 0.58203125 0.5963541666666666 0.1203125 0.184375
0 0.25703125 0.20729166666666668 0.10859375 0.14375
0 0.27109375 0.3927083333333333 0.1328125 0.17291666666666666
0 0.58203125 0.5963541666666666 0.1203125 0.184375
0 0.25703125 0.20729166666666668 0.10859375 0.14375
0 0.93046875 0.7984375 0.1390625 0.19479166666666667
0 0.524609375 0.7755208333333333 0.10625 0.15208333333333332
0 0.359375 0.9067708333333333 0.0984375 0.18645833333333334
0 0.4484375 0.9463541666666667 0.1 0.10729166666666666
0 0.222265625 0.9104166666666667 0.14453125 0.17916666666666667
0 0.685546875 0.7901041666666667 0.10703125 0.20104166666666667
0 0.55859375 0.9026041666666667 0.071875 0.12916666666666668
0 0.414453125 0.8411458333333334 0.08046875 0.15520833333333334
0 0.79921875 0.7916666666666666 0.12109375 0.16979166666666667