0 0.672265625 0.15572916666666667 0.07890625 0.16979166666666667
0 0.456640625 0.6140625 0.09765625 0.115625
0 0.753125 0.16197916666666667 0.09765625 0.13854166666666667
0 0.66328125 0.43802083333333336 0.1015625 0.14479166666666668
0 0.784375 0.5473958333333333 0.15390625 0.1375
0 0.561328125 0.653125 0.09453125 0.125
0 0.738671875 0.40729166666666666 0.0828125 0.165625
0 0.448828125 0.5041666666666667 0.0859375 0.14166666666666666
0 0.58203125 0.528125 0.1140625 0.13854166666666667
0 0.8 0.4473958333333333 0.08671875 0.10625
0 0.348828125 0.48020833333333335 0.08984375 0.13125
0 0.340234375 0.6171875 0.125 0.13958333333333334
0 0.140625 0.5713541666666667 0.18203125 0.14479166666666668
0 0.2546875 0.46197916666666666 0.096875 0.15