0 0.639453125 0.13020833333333334 0.0921875 0.178125
0 0.639453125 0.45989583333333334 0.10625 0.14479166666666668
0 0.541796875 0.4979166666666667 0.10234375 0.16458333333333333
0 0.527734375 0.6291666666666667 0.09921875 0.125
0 0.71953125 0.10833333333333334 0.109375 0.15520833333333334
0 0.73671875 0.42239583333333336 0.14765625 0.196875
0 0.271875 0.4895833333333333 0.115625 0.140625
0 0.162109375 0.5130208333333334 0.14453125 0.15104166666666666
0 0.459765625 0.534375 0.090625 0.146875
0 0.64140625 0.5708333333333333 0.1015625 0.14791666666666667
0 0.737109375 0.6010416666666667 0.13125 0.16354166666666667
0 0.29375 0.6364583333333333 0.146875 0.15625
0 0.361328125 0.49375 0.11640625 0.14895833333333333
0 0.84296875 0.46875 0.1140625 0.13229166666666667