0 0.66796875 0.6979166666666666 0.15234375 0.20416666666666666
0 0.746875 0.7864583333333334 0.128125 0.16875
0 0.76171875 0.6661458333333333 0.1375 0.17395833333333333
0 0.854296875 0.4786458333333333 0.11796875 0.16770833333333332
0 0.796875 0.4171875 0.15703125 0.21979166666666666
0 0.163671875 0.11770833333333333 0.15 0.19583333333333333
0 0.343359375 0.3765625 0.11796875 0.153125
0 0.358984375 0.228125 0.1515625 0.20729166666666668
0 0.2734375 0.1703125 0.14609375 0.196875
0 0.89921875 0.5421875 0.1265625 0.171875
0 0.141015625 0.2557291666666667 0.17734375 0.21875
0 0.621484375 0.49270833333333336 0.15625 0.20833333333333334
0 0.515234375 0.5677083333333334 0.13671875 0.18229166666666666
0 0.162109375 0.3770833333333333 0.17734375 0.22708333333333333
0 0.866015625 0.7432291666666667 0.1765625 0.22916666666666666
0 0.4234375 0.26458333333333334 0.12890625 0.178125
0 0.526171875 0.34791666666666665 0.1328125 0.18125