0 0.599609375 0.1078125 0.10625 0.18541666666666667
0 0.68046875 0.08697916666666666 0.11796875 0.1625
0 0.49375 0.5005208333333333 0.1015625 0.14791666666666667
0 0.6125 0.36666666666666664 0.09765625 0.16666666666666666
0 0.6828125 0.371875 0.09609375 0.11770833333333333
0 0.69296875 0.46510416666666665 0.15390625 0.15
0 0.553125 0.41822916666666665 0.103125 0.1625
0 0.167578125 0.6244791666666667 0.09609375 0.14791666666666667
0 0.26015625 0.5682291666666667 0.14921875 0.17604166666666668
0 0.8609375 0.4557291666666667 0.18984375 0.2125
0 0.81640625 0.2328125 0.1546875 0.16354166666666667
0 0.109765625 0.7255208333333333 0.1484375 0.15833333333333333
0 0.357421875 0.6723958333333333 0.134375 0.153125
0 0.357421875 0.55 0.1 0.15625
0 0.474609375 0.6541666666666667 0.11875 0.17291666666666666
0 0.262890625 0.7416666666666667 0.13359375 0.20625