0 0.290625 0.33645833333333336 0.1140625 0.146875
0 0.566796875 0.6151041666666667 0.09921875 0.16354166666666667
0 0.764453125 0.8661458333333333 0.09375 0.14375
0 0.30390625 0.17083333333333334 0.09296875 0.12291666666666666
0 0.290625 0.33645833333333336 0.1140625 0.146875
0 0.566796875 0.6151041666666667 0.09921875 0.16354166666666667
0 0.764453125 0.8661458333333333 0.09375 0.14375
0 0.30390625 0.17083333333333334 0.09296875 0.12291666666666666
0 0.290625 0.33645833333333336 0.1140625 0.146875
0 0.566796875 0.6151041666666667 0.09921875 0.16354166666666667
0 0.764453125 0.8661458333333333 0.09375 0.14375
0 0.30390625 0.17083333333333334 0.09296875 0.12291666666666666
0 0.290625 0.33645833333333336 0.1140625 0.146875
0 0.566796875 0.6151041666666667 0.09921875 0.16354166666666667
0 0.764453125 0.8661458333333333 0.09375 0.14375
0 0.30390625 0.17083333333333334 0.09296875 0.12291666666666666
0 0.88046875 0.9020833333333333 0.11796875 0.16979166666666667
0 0.484765625 0.7770833333333333 0.0890625 0.13229166666666667
0 0.30234375 0.8729166666666667 0.07265625 0.190625
0 0.48671875 0.9078125 0.0625 0.1125
0 0.384375 0.9359375 0.08671875 0.11041666666666666
0 0.16796875 0.8354166666666667 0.125 0.15833333333333333
0 0.640625 0.8322916666666667 0.0828125 0.184375
0 0.368359375 0.8067708333333333 0.06640625 0.14375