0 0.71484375 0.403125 0.128125 0.16354166666666667
0 0.8015625 0.42604166666666665 0.08203125 0.140625
0 0.691796875 0.5375 0.11640625 0.14375
0 0.193359375 0.2515625 0.1359375 0.14375
0 0.356640625 0.5067708333333333 0.12890625 0.14895833333333333
0 0.523046875 0.45260416666666664 0.109375 0.16145833333333334
0 0.305078125 0.3255208333333333 0.12421875 0.17395833333333333
0 0.48203125 0.6026041666666667 0.1125 0.178125
0 0.71484375 0.403125 0.128125 0.16354166666666667
0 0.8015625 0.42604166666666665 0.08203125 0.140625
0 0.691796875 0.5375 0.11640625 0.14375
0 0.193359375 0.2515625 0.1359375 0.14375
0 0.356640625 0.5067708333333333 0.12890625 0.14895833333333333
0 0.523046875 0.45260416666666664 0.109375 0.16145833333333334
0 0.305078125 0.3255208333333333 0.12421875 0.17395833333333333
0 0.48203125 0.6026041666666667 0.1125 0.178125
0 0.42578125 0.3578125 0.1390625 0.16770833333333332
0 0.08984375 0.2203125 0.1125 0.15
0 0.1671875 0.3171875 0.16015625 0.13229166666666667