0 0.619921875 0.11822916666666666 0.1 0.18229166666666666
0 0.561328125 0.48072916666666665 0.090625 0.146875
0 0.5828125 0.5953125 0.10859375 0.15520833333333334
0 0.648828125 0.6364583333333333 0.10625 0.16979166666666667
0 0.649609375 0.46875 0.1515625 0.1625
0 0.737109375 0.3921875 0.1203125 0.1875
0 0.689453125 0.10104166666666667 0.1109375 0.153125
0 0.17734375 0.5442708333333334 0.1890625 0.153125
0 0.922265625 0.40677083333333336 0.1421875 0.16770833333333332
0 0.3078125 0.5380208333333333 0.11796875 0.16041666666666668
0 0.22421875 0.5869791666666667 0.1265625 0.16041666666666668
0 0.40859375 0.6401041666666667 0.12109375 0.16354166666666667
0 0.433984375 0.521875 0.11328125 0.13333333333333333