0 0.698828125 0.18125 0.07421875 0.16666666666666666
0 0.780859375 0.20208333333333334 0.09453125 0.134375
0 0.49375 0.4979166666666667 0.0796875 0.12395833333333334
0 0.641015625 0.4296875 0.06953125 0.14895833333333333
0 0.571875 0.44895833333333335 0.07734375 0.14166666666666666
0 0.15625 0.4625 0.07265625 0.128125
0 0.075 0.5244791666666667 0.13203125 0.11458333333333333
0 0.668359375 0.6005208333333333 0.0984375 0.14895833333333333
0 0.364453125 0.49375 0.071875 0.11666666666666667
0 0.2453125 0.46875 0.12578125 0.14375
0 0.4125 0.6276041666666666 0.08125 0.15208333333333332
0 0.69765625 0.5 0.08203125 0.09583333333333334
0 0.319921875 0.5578125 0.08984375 0.11979166666666667
0 0.81484375 0.5458333333333333 0.140625 0.15625
0 0.798828125 0.41770833333333335 0.13984375 0.13541666666666666