0 0.662109375 0.29270833333333335 0.1109375 0.15208333333333332
0 0.74921875 0.26197916666666665 0.0859375 0.14166666666666666
0 0.688671875 0.4588541666666667 0.1234375 0.19791666666666666
0 0.53828125 0.4453125 0.10546875 0.16145833333333334
0 0.4484375 0.42291666666666666 0.09296875 0.203125
0 0.36640625 0.44166666666666665 0.109375 0.1875
0 0.287890625 0.47708333333333336 0.09453125 0.15104166666666666
0 0.206640625 0.5453125 0.121875 0.140625
0 0.1859375 0.6822916666666666 0.18125 0.12916666666666668
0 0.058984375 0.5989583333333334 0.1109375 0.09270833333333334
0 0.0921875 0.4296875 0.0984375 0.13229166666666667
0 0.198828125 0.415625 0.09921875 0.1375