0 0.761328125 0.4942708333333333 0.1609375 0.190625
0 0.590234375 0.4270833333333333 0.1015625 0.18958333333333333
0 0.1734375 0.27760416666666665 0.16484375 0.171875
0 0.1875 0.08229166666666667 0.11640625 0.15729166666666666
0 0.241015625 0.41822916666666665 0.153125 0.14895833333333333
0 0.658984375 0.46979166666666666 0.10859375 0.20625
0 0.837109375 0.59375 0.14765625 0.178125
0 0.804296875 0.30052083333333335 0.14296875 0.1875
0 0.198828125 0.5333333333333333 0.184375 0.19270833333333334
0 0.06640625 0.50625 0.1328125 0.18958333333333333
0 0.34375 0.35 0.140625 0.20416666666666666
0 0.459375 0.415625 0.13359375 0.19479166666666667
0 0.733203125 0.6505208333333333 0.15 0.16875