0 0.761328125 0.22604166666666667 0.0953125 0.15729166666666666
0 0.3765625 0.4354166666666667 0.0890625 0.16354166666666667
0 0.44296875 0.515625 0.09453125 0.10729166666666666
0 0.50390625 0.45 0.08046875 0.16041666666666668
0 0.452734375 0.6348958333333333 0.11015625 0.128125
0 0.5921875 0.4479166666666667 0.09765625 0.19791666666666666
0 0.687890625 0.3885416666666667 0.1078125 0.14479166666666668
0 0.855078125 0.4505208333333333 0.1140625 0.14583333333333334
0 0.763671875 0.459375 0.07421875 0.18020833333333333
0 0.0515625 0.17291666666666666 0.0765625 0.15520833333333334
0 0.284765625 0.5869791666666667 0.13125 0.14270833333333333
0 0.126171875 0.20989583333333334 0.0828125 0.10416666666666667
0 0.13984375 0.378125 0.14296875 0.175
0 0.2609375 0.4114583333333333 0.13515625 0.15833333333333333
0 0.881640625 0.6041666666666666 0.13125 0.115625