0 0.756640625 0.26666666666666666 0.1046875 0.184375
0 0.83046875 0.315625 0.1171875 0.16145833333333334
0 0.49453125 0.4953125 0.10078125 0.146875
0 0.65 0.48385416666666664 0.09609375 0.165625
0 0.70390625 0.5447916666666667 0.0953125 0.11666666666666667
0 0.579296875 0.47760416666666666 0.1015625 0.1625
0 0.176953125 0.3375 0.0953125 0.14791666666666667
0 0.086328125 0.3671875 0.14765625 0.15625
0 0.6421875 0.6567708333333333 0.1234375 0.17708333333333334
0 0.37109375 0.44427083333333334 0.09140625 0.13645833333333332
0 0.80078125 0.5484375 0.12578125 0.14166666666666666
0 0.791796875 0.7125 0.159375 0.18020833333333333
0 0.326171875 0.5291666666666667 0.11953125 0.13645833333333332
0 0.261328125 0.3765625 0.14765625 0.18229166666666666
0 0.38984375 0.5901041666666667 0.1078125 0.17395833333333333