0 0.567578125 0.07864583333333333 0.15078125 0.15729166666666666
0 0.609375 0.36666666666666664 0.1515625 0.21041666666666667
0 0.4828125 0.42083333333333334 0.1015625 0.13854166666666667
0 0.35859375 0.7390625 0.15234375 0.20104166666666667
0 0.8921875 0.30572916666666666 0.215625 0.278125
0 0.74296875 0.40208333333333335 0.17578125 0.228125
0 0.68125 0.2484375 0.14296875 0.18645833333333334
0 0.765625 0.14375 0.14765625 0.19166666666666668
0 0.26953125 0.6666666666666666 0.13828125 0.18020833333333333
0 0.34609375 0.5875 0.13671875 0.190625
0 0.501171875 0.5203125 0.1171875 0.159375
0 0.421484375 0.5427083333333333 0.11640625 0.16458333333333333
0 0.202734375 0.8927083333333333 0.16796875 0.19895833333333332