0 0.67109375 0.3619791666666667 0.1328125 0.15104166666666666
0 0.57109375 0.42916666666666664 0.11953125 0.16875
0 0.246484375 0.5901041666666667 0.121875 0.165625
0 0.335546875 0.48125 0.1171875 0.14166666666666666
0 0.71953125 0.45989583333333334 0.1515625 0.146875
0 0.141796875 0.58125 0.11875 0.165625
0 0.606640625 0.6041666666666666 0.14453125 0.21354166666666666
0 0.464453125 0.46770833333333334 0.103125 0.20625
0 0.366015625 0.58125 0.1421875 0.140625
0 0.7671875 0.5645833333333333 0.15078125 0.16666666666666666
0 0.106640625 0.709375 0.13984375 0.14270833333333333
0 0.896875 0.28020833333333334 0.1140625 0.16666666666666666
0 0.7953125 0.3296875 0.1421875 0.165625
0 0.6859375 0.12760416666666666 0.11640625 0.17708333333333334
0 0.765234375 0.20208333333333334 0.14609375 0.16041666666666668