0 0.55390625 0.3723958333333333 0.11484375 0.184375
0 0.636328125 0.34010416666666665 0.10234375 0.18645833333333334
0 0.490625 0.1015625 0.128125 0.203125
0 0.231640625 0.7989583333333333 0.153125 0.21666666666666667
0 0.582421875 0.6885416666666667 0.12421875 0.19375
0 0.978125 0.5098958333333333 0.04375 0.17395833333333333
0 0.894921875 0.3546875 0.1375 0.16979166666666667
0 0.0609375 0.30885416666666665 0.07421875 0.11666666666666667
0 0.107421875 0.6510416666666666 0.10546875 0.15729166666666666
0 0.098828125 0.5151041666666667 0.06796875 0.11458333333333333
0 0.195703125 0.4635416666666667 0.1765625 0.22604166666666667
0 0.19609375 0.609375 0.11640625 0.13958333333333334
0 0.9390625 0.5447916666666667 0.1109375 0.15729166666666666
0 0.132421875 0.26197916666666665 0.13828125 0.17604166666666668
0 0.29140625 0.38645833333333335 0.09609375 0.14479166666666668
0 0.022265625 0.35 0.04453125 0.18333333333333332