0 0.65546875 0.1078125 0.12421875 0.184375
0 0.48828125 0.45260416666666664 0.1109375 0.18020833333333333
0 0.498828125 0.6489583333333333 0.13125 0.16354166666666667
0 0.568359375 0.40260416666666665 0.1359375 0.221875
0 0.637890625 0.296875 0.1328125 0.17708333333333334
0 0.809375 0.2625 0.13828125 0.18125
0 0.728515625 0.31979166666666664 0.11015625 0.196875
0 0.3296875 0.6963541666666667 0.15390625 0.18541666666666667
0 0.0703125 0.43697916666666664 0.1 0.13020833333333334
0 0.88359375 0.39010416666666664 0.14765625 0.16145833333333334
0 0.353515625 0.5260416666666666 0.1109375 0.16041666666666668
0 0.24609375 0.5510416666666667 0.146875 0.178125
0 0.43515625 0.5645833333333333 0.12890625 0.15625
0 0.132421875 0.5848958333333333 0.14765625 0.20520833333333333