0 0.722265625 0.2109375 0.08671875 0.175
0 0.766015625 0.5494791666666666 0.13828125 0.18645833333333334
0 0.64140625 0.5229166666666667 0.1015625 0.13958333333333334
0 0.6203125 0.61875 0.09375 0.12395833333333334
0 0.540234375 0.5166666666666667 0.096875 0.159375
0 0.471484375 0.4979166666666667 0.0640625 0.121875
0 0.49453125 0.6338541666666667 0.09609375 0.11979166666666667
0 0.862109375 0.6083333333333333 0.1171875 0.14375
0 0.700390625 0.6895833333333333 0.109375 0.13854166666666667
0 0.8046875 0.2234375 0.10546875 0.15
0 0.3046875 0.4317708333333333 0.12109375 0.15104166666666666
0 0.39921875 0.4578125 0.096875 0.1625
0 0.296484375 0.5651041666666666 0.13203125 0.13854166666666667
0 0.18984375 0.3625 0.1625 0.153125
0 0.161328125 0.48541666666666666 0.11171875 0.12083333333333333