0 0.8265625 0.3625 0.1375 0.203125
0 0.640625 0.5630208333333333 0.13828125 0.20520833333333333
0 0.543359375 0.44166666666666665 0.09453125 0.13229166666666667
0 0.682421875 0.7354166666666667 0.1703125 0.20833333333333334
0 0.752734375 0.5890625 0.1375 0.17291666666666666
0 0.862890625 0.6364583333333333 0.14296875 0.17604166666666668
0 0.487109375 0.5114583333333333 0.10859375 0.153125
0 0.79375 0.8401041666666667 0.18984375 0.234375
0 0.435546875 0.42916666666666664 0.1140625 0.190625
0 0.263671875 0.2635416666666667 0.140625 0.15625
0 0.318359375 0.38229166666666664 0.13125 0.17291666666666666
0 0.235546875 0.45729166666666665 0.16875 0.18958333333333333