0 0.609375 0.509375 0.1375 0.18645833333333334
0 0.661328125 0.5859375 0.13125 0.17916666666666667
0 0.964453125 0.5947916666666667 0.07109375 0.20833333333333334
0 0.765234375 0.9015625 0.15078125 0.196875
0 0.66953125 0.9682291666666667 0.1640625 0.06354166666666666
0 0.35546875 0.08802083333333334 0.1125 0.15
0 0.178515625 0.6703125 0.1640625 0.21979166666666666
0 0.767578125 0.30833333333333335 0.15390625 0.20833333333333334
0 0.2984375 0.18125 0.15 0.19895833333333332
0 0.1875 0.31875 0.17265625 0.23125
0 0.22109375 0.1203125 0.1296875 0.17604166666666668
0 0.41796875 0.6739583333333333 0.16875 0.22708333333333333
0 0.3078125 0.03958333333333333 0.1234375 0.07916666666666666