0 0.630859375 0.09010416666666667 0.13984375 0.18020833333333333
0 0.6265625 0.396875 0.140625 0.20625
0 0.494140625 0.41770833333333335 0.09609375 0.13333333333333333
0 0.326953125 0.6989583333333333 0.146875 0.18958333333333333
0 0.90390625 0.4088541666666667 0.1921875 0.25729166666666664
0 0.75234375 0.465625 0.171875 0.2125
0 0.713671875 0.2989583333333333 0.1390625 0.17604166666666668
0 0.81171875 0.21770833333333334 0.14375 0.178125
0 0.249609375 0.6046875 0.13359375 0.16979166666666667
0 0.336328125 0.546875 0.1265625 0.1875
0 0.4984375 0.5203125 0.1109375 0.15520833333333334
0 0.416796875 0.521875 0.10703125 0.1625
0 0.15234375 0.8098958333333334 0.1734375 0.17291666666666666