0 0.609765625 0.49635416666666665 0.134375 0.18854166666666666
0 0.664453125 0.5651041666666666 0.12578125 0.18333333333333332
0 0.791015625 0.8713541666666667 0.14921875 0.2
0 0.705078125 0.9552083333333333 0.16171875 0.08958333333333333
0 0.75234375 0.2796875 0.15 0.21041666666666667
0 0.1765625 0.353125 0.1703125 0.23020833333333332
0 0.32421875 0.09375 0.1171875 0.15833333333333333
0 0.287109375 0.209375 0.1453125 0.1875
0 0.2 0.1265625 0.128125 0.171875
0 0.28203125 0.05677083333333333 0.103125 0.11354166666666667
0 0.42109375 0.690625 0.14296875 0.19895833333333332
0 0.971484375 0.546875 0.05703125 0.19583333333333333
0 0.074609375 0.48489583333333336 0.14921875 0.23229166666666667