0 0.582421875 0.21822916666666667 0.1453125 0.19166666666666668
0 0.651171875 0.14427083333333332 0.1046875 0.14895833333333333
0 0.64375 0.3390625 0.13046875 0.17083333333333334
0 0.160546875 0.6536458333333334 0.14453125 0.18125
0 0.412109375 0.6505208333333333 0.14140625 0.18125
0 0.4875 0.44583333333333336 0.13046875 0.17916666666666667
0 0.18984375 0.7359375 0.1578125 0.184375
0 0.274609375 0.5869791666666667 0.14609375 0.196875
0 0.5484375 0.5838541666666667 0.1390625 0.19375
0 0.582421875 0.21822916666666667 0.1453125 0.19166666666666668
0 0.651171875 0.14427083333333332 0.1046875 0.14895833333333333
0 0.64375 0.3390625 0.13046875 0.17083333333333334
0 0.160546875 0.6536458333333334 0.14453125 0.18125
0 0.412109375 0.6505208333333333 0.14140625 0.18125
0 0.4875 0.44583333333333336 0.13046875 0.17916666666666667
0 0.18984375 0.7359375 0.1578125 0.184375
0 0.274609375 0.5869791666666667 0.14609375 0.196875
0 0.5484375 0.5838541666666667 0.1390625 0.19375
0 0.370703125 0.484375 0.1546875 0.20104166666666667
0 0.072265625 0.7395833333333334 0.121875 0.159375