0 0.781640625 0.3015625 0.11640625 0.18229166666666666
0 0.769140625 0.5265625 0.11640625 0.13020833333333334
0 0.773046875 0.771875 0.13203125 0.15520833333333334
0 0.782421875 0.675 0.12890625 0.15208333333333332
0 0.716015625 0.5848958333333333 0.07890625 0.09895833333333333
0 0.681640625 0.69375 0.13515625 0.159375
0 0.851953125 0.3572916666666667 0.1046875 0.13958333333333334
0 0.3109375 0.37916666666666665 0.134375 0.171875
0 0.47734375 0.35625 0.10859375 0.159375
0 0.479296875 0.4828125 0.09609375 0.14270833333333333
0 0.390625 0.4161458333333333 0.1125 0.146875
0 0.556640625 0.39479166666666665 0.121875 0.17395833333333333
0 0.61484375 0.5104166666666666 0.1140625 0.171875
0 0.183984375 0.40572916666666664 0.11875 0.125
0 0.201953125 0.5083333333333333 0.1421875 0.171875
0 0.118359375 0.30833333333333335 0.1671875 0.18229166666666666