0 0.56875 0.4947916666666667 0.09765625 0.13854166666666667
0 0.665234375 0.509375 0.07734375 0.08958333333333333
0 0.669921875 0.4510416666666667 0.10546875 0.125
0 0.708203125 0.5963541666666666 0.115625 0.13854166666666667
0 0.246484375 0.40989583333333335 0.1421875 0.1625
0 0.619140625 0.6505208333333333 0.11796875 0.14895833333333333
0 0.886328125 0.7411458333333333 0.13671875 0.16770833333333332
0 0.717578125 0.696875 0.13125 0.15520833333333334
0 0.795703125 0.6489583333333333 0.10625 0.14791666666666667
0 0.5125 0.35625 0.11484375 0.15833333333333333
0 0.080078125 0.4348958333333333 0.128125 0.14375
0 0.75546875 0.26927083333333335 0.1078125 0.18020833333333333
0 0.43125 0.346875 0.0953125 0.13958333333333334
0 0.448046875 0.4557291666666667 0.08125 0.11875
0 0.346484375 0.396875 0.10625 0.15104166666666666
0 0.81640625 0.28854166666666664 0.065625 0.10729166666666666
0 0.152734375 0.5166666666666667 0.1515625 0.14375