0 0.630859375 0.29791666666666666 0.14296875 0.18020833333333333
0 0.587890625 0.09166666666666666 0.16484375 0.18333333333333332
0 0.551171875 0.4036458333333333 0.1375 0.1875
0 0.63125 0.5479166666666667 0.13984375 0.190625
0 0.41015625 0.6494791666666667 0.15546875 0.196875
0 0.2796875 0.690625 0.13828125 0.18541666666666667
0 0.471875 0.49166666666666664 0.1234375 0.18229166666666666
0 0.339453125 0.5494791666666666 0.12890625 0.165625
0 0.773046875 0.25364583333333335 0.1421875 0.1875
0 0.81953125 0.12083333333333333 0.1734375 0.209375
0 0.70625 0.378125 0.15625 0.18541666666666667
0 0.18125 0.7265625 0.14453125 0.196875
0 0.771484375 0.4473958333333333 0.17109375 0.20729166666666668
0 0.07890625 0.7317708333333334 0.1140625 0.13854166666666667
0 0.188671875 0.8734375 0.1890625 0.21875