0 0.737109375 0.17135416666666667 0.0921875 0.15625
0 0.673828125 0.3953125 0.08203125 0.10833333333333334
0 0.915625 0.37864583333333335 0.15234375 0.15833333333333333
0 0.78984375 0.40572916666666664 0.1171875 0.153125
0 0.4328125 0.44479166666666664 0.10234375 0.153125
0 0.26640625 0.5651041666666666 0.14453125 0.11979166666666667
0 0.140234375 0.5270833333333333 0.11484375 0.121875
0 0.52109375 0.43072916666666666 0.0765625 0.19583333333333333
0 0.675390625 0.475 0.1640625 0.12291666666666666
0 0.414453125 0.565625 0.125 0.14166666666666666
0 0.0984375 0.6395833333333333 0.1640625 0.13854166666666667
0 0.3265625 0.4296875 0.10390625 0.16041666666666668
0 0.2109375 0.47552083333333334 0.13984375 0.11458333333333333
0 0.876953125 0.5557291666666667 0.1625 0.15208333333333332