0 0.3890625 0.43125 0.09296875 0.140625
0 0.552734375 0.440625 0.1 0.14166666666666666
0 0.63671875 0.37447916666666664 0.07890625 0.09270833333333334
0 0.613671875 0.32447916666666665 0.10703125 0.12916666666666668
0 0.709765625 0.40989583333333335 0.11796875 0.14270833333333333
0 0.256640625 0.6307291666666667 0.14453125 0.16875
0 0.665234375 0.528125 0.12109375 0.15416666666666667
0 0.6828125 0.08541666666666667 0.11484375 0.134375
0 0.916796875 0.38177083333333334 0.13984375 0.17291666666666666
0 0.7625 0.4828125 0.13359375 0.16041666666666668
0 0.803125 0.38177083333333334 0.109375 0.15208333333333332
0 0.2484375 0.7885416666666667 0.1421875 0.16666666666666666
0 0.4453125 0.37552083333333336 0.11796875 0.1625
0 0.13515625 0.7848958333333333 0.13046875 0.14895833333333333
0 0.59921875 0.1109375 0.1125 0.18229166666666666
0 0.34453125 0.5666666666666667 0.11953125 0.15729166666666666
0 0.44921875 0.4953125 0.08125 0.128125