0 0.70625 0.17552083333333332 0.078125 0.15625
0 0.755078125 0.38385416666666666 0.1 0.08541666666666667
0 0.83125 0.6078125 0.11171875 0.10625
0 0.811328125 0.5140625 0.10859375 0.10520833333333333
0 0.80078125 0.1828125 0.0625 0.109375
0 0.73046875 0.44895833333333335 0.06328125 0.071875
0 0.721484375 0.5880208333333333 0.11328125 0.11041666666666666
0 0.23515625 0.5369791666666667 0.121875 0.090625
0 0.34765625 0.5010416666666667 0.096875 0.128125
0 0.4921875 0.3765625 0.0765625 0.13854166666666667
0 0.566796875 0.3572916666666667 0.0875 0.14895833333333333
0 0.11328125 0.4973958333333333 0.134375 0.14375
0 0.661328125 0.44375 0.0859375 0.16354166666666667
0 0.2375 0.6546875 0.11796875 0.14791666666666667
0 0.43828125 0.5 0.08125 0.12395833333333334
0 0.550390625 0.490625 0.07421875 0.11979166666666667