0 0.5484375 0.41875 0.103125 0.14375
0 0.578125 0.10260416666666666 0.11640625 0.184375
0 0.652734375 0.0609375 0.0734375 0.11041666666666666
0 0.65234375 0.5229166666666667 0.11953125 0.159375
0 0.23125 0.7364583333333333 0.1546875 0.1625
0 0.348046875 0.43854166666666666 0.1140625 0.1625
0 0.88046875 0.39166666666666666 0.12578125 0.165625
0 0.441015625 0.4979166666666667 0.10703125 0.13333333333333333
0 0.613671875 0.321875 0.09453125 0.11145833333333334
0 0.62421875 0.3734375 0.059375 0.06458333333333334
0 0.688671875 0.4322916666666667 0.0859375 0.10833333333333334
0 0.744921875 0.49322916666666666 0.11484375 0.15
0 0.320703125 0.5953125 0.14140625 0.178125
0 0.4390625 0.4036458333333333 0.121875 0.1625
0 0.75703125 0.3609375 0.11953125 0.134375