0 0.823828125 0.35 0.1328125 0.19270833333333334
0 0.2078125 0.03125 0.096875 0.0625
0 0.63828125 0.478125 0.10703125 0.14479166666666668
0 0.61796875 0.7635416666666667 0.11953125 0.16041666666666668
0 0.762109375 0.5067708333333333 0.16171875 0.18541666666666667
0 0.84453125 0.6677083333333333 0.13984375 0.17395833333333333
0 0.21875 0.49166666666666664 0.12578125 0.15416666666666667
0 0.552734375 0.46875 0.12578125 0.16875
0 0.735546875 0.5953125 0.13046875 0.159375
0 0.08671875 0.36302083333333335 0.1671875 0.178125
0 0.270703125 0.396875 0.13828125 0.159375
0 0.71640625 0.7348958333333333 0.128125 0.16041666666666668
0 0.630859375 0.565625 0.11796875 0.134375
0 0.4625 0.46927083333333336 0.09921875 0.15
0 0.35078125 0.5005208333333333 0.1296875 0.14895833333333333
0 0.3859375 0.378125 0.109375 0.14479166666666668