0 0.793359375 0.2911458333333333 0.11328125 0.17395833333333333
0 0.33359375 0.3875 0.1359375 0.203125
0 0.444140625 0.4083333333333333 0.10625 0.16666666666666666
0 0.568359375 0.5635416666666667 0.10234375 0.12083333333333333
0 0.523828125 0.46041666666666664 0.09453125 0.146875
0 0.65234375 0.44947916666666665 0.1328125 0.16770833333333332
0 0.577734375 0.6614583333333334 0.14453125 0.1625
0 0.758203125 0.496875 0.125 0.16875
0 0.198046875 0.334375 0.14296875 0.14166666666666666
0 0.42890625 0.5739583333333333 0.15078125 0.17604166666666668
0 0.212890625 0.44427083333333334 0.153125 0.12916666666666668
0 0.8296875 0.55 0.10703125 0.17916666666666667
0 0.9078125 0.5203125 0.0828125 0.14583333333333334