0 0.541796875 0.0875 0.12578125 0.175
0 0.61640625 0.059375 0.109375 0.11875
0 0.380859375 0.4635416666666667 0.103125 0.146875
0 0.380078125 0.5703125 0.1171875 0.15520833333333334
0 0.5421875 0.4276041666666667 0.109375 0.15
0 0.286328125 0.8822916666666667 0.16484375 0.19895833333333332
0 0.710546875 0.3338541666666667 0.134375 0.171875
0 0.613671875 0.33958333333333335 0.08203125 0.103125
0 0.4671875 0.5 0.09375 0.12604166666666666
0 0.2296875 0.6958333333333333 0.16796875 0.19166666666666668
0 0.130859375 0.8130208333333333 0.134375 0.159375
0 0.583984375 0.29739583333333336 0.1125 0.14270833333333333
0 0.6796875 0.48489583333333336 0.12890625 0.171875
0 0.75546875 0.4166666666666667 0.12734375 0.16041666666666668
0 0.768359375 0.28072916666666664 0.1171875 0.15104166666666666
0 0.22265625 0.809375 0.134375 0.15208333333333332
0 0.88125 0.2890625 0.14921875 0.18854166666666666
0 0.433203125 0.4125 0.1203125 0.159375