0 0.26328125 0.43072916666666666 0.14140625 0.18541666666666667
0 0.590234375 0.5817708333333333 0.13125 0.19479166666666667
0 0.75703125 0.7958333333333333 0.13203125 0.20729166666666668
0 0.836328125 0.7395833333333334 0.121875 0.17395833333333333
0 0.95 0.715625 0.1 0.20625
0 0.23046875 0.25 0.115625 0.15416666666666667
0 0.619140625 0.7567708333333333 0.13359375 0.19583333333333333
0 0.2765625 0.95 0.140625 0.1
0 0.637109375 0.8776041666666666 0.0796875 0.12708333333333333
0 0.26328125 0.43072916666666666 0.14140625 0.18541666666666667
0 0.590234375 0.5817708333333333 0.13125 0.19479166666666667
0 0.75703125 0.7958333333333333 0.13203125 0.20729166666666668
0 0.836328125 0.7395833333333334 0.121875 0.17395833333333333
0 0.95 0.715625 0.1 0.20625
0 0.23046875 0.25 0.115625 0.15416666666666667
0 0.619140625 0.7567708333333333 0.13359375 0.19583333333333333
0 0.2765625 0.95 0.140625 0.1
0 0.637109375 0.8776041666666666 0.0796875 0.12708333333333333
0 0.390234375 0.9234375 0.10234375 0.153125
0 0.43984375 0.853125 0.1 0.14895833333333333
0 0.501171875 0.9385416666666667 0.11640625 0.12291666666666666