0 0.599609375 0.45260416666666664 0.11796875 0.19479166666666667
0 0.684765625 0.4828125 0.11484375 0.19791666666666666
0 0.880859375 0.7072916666666667 0.12734375 0.17708333333333334
0 0.475 0.7161458333333334 0.1046875 0.175
0 0.6734375 0.17760416666666667 0.11875 0.190625
0 0.22890625 0.03125 0.0796875 0.0625
0 0.81015625 0.8796875 0.11328125 0.15520833333333334
0 0.17109375 0.1890625 0.1453125 0.16458333333333333
0 0.15234375 0.5265625 0.1453125 0.20104166666666667
0 0.9625 0.2859375 0.075 0.19479166666666667
0 0.205078125 0.3421875 0.1234375 0.15833333333333333
0 0.348046875 0.31979166666666664 0.08125 0.13020833333333334
0 0.42890625 0.2484375 0.13828125 0.22395833333333334
0 0.0890625 0.140625 0.0734375 0.11145833333333334
0 0.118359375 0.30885416666666665 0.103125 0.15833333333333333
0 0.148046875 0.046875 0.12109375 0.09375
0 0.605859375 0.24166666666666667 0.11796875 0.16041666666666668
0 0.894140625 0.9171875 0.08515625 0.13958333333333334
0 0.599609375 0.45260416666666664 0.11796875 0.19479166666666667
0 0.684765625 0.4828125 0.11484375 0.19791666666666666
0 0.880859375 0.7072916666666667 0.12734375 0.17708333333333334
0 0.475 0.7161458333333334 0.1046875 0.175
0 0.6734375 0.17760416666666667 0.11875 0.190625
0 0.22890625 0.03125 0.0796875 0.0625
0 0.81015625 0.8796875 0.11328125 0.15520833333333334
0 0.17109375 0.1890625 0.1453125 0.16458333333333333
0 0.15234375 0.5265625 0.1453125 0.20104166666666667
0 0.9625 0.2859375 0.075 0.19479166666666667
0 0.205078125 0.3421875 0.1234375 0.15833333333333333
0 0.348046875 0.31979166666666664 0.08125 0.13020833333333334
0 0.05546875 0.75625 0.1109375 0.175
0 0.42890625 0.2484375 0.13828125 0.22395833333333334
0 0.0890625 0.140625 0.0734375 0.11145833333333334
0 0.118359375 0.30885416666666665 0.103125 0.15833333333333333
0 0.148046875 0.046875 0.12109375 0.09375
0 0.605859375 0.24166666666666667 0.11796875 0.16041666666666668
0 0.894140625 0.9171875 0.08515625 0.13958333333333334