0 0.759375 0.27239583333333334 0.10625 0.18541666666666667
0 0.558984375 0.5296875 0.0953125 0.15104166666666666
0 0.52578125 0.6458333333333334 0.11328125 0.16041666666666668
0 0.56640625 0.7244791666666667 0.11171875 0.17395833333333333
0 0.6375 0.5854166666666667 0.15546875 0.171875
0 0.741796875 0.5875 0.1265625 0.19270833333333334
0 0.825 0.3104166666666667 0.115625 0.15833333333333333
0 0.2140625 0.29583333333333334 0.190625 0.16770833333333332
0 0.890234375 0.721875 0.14609375 0.17604166666666668
0 0.2296875 0.3854166666666667 0.1515625 0.15
0 0.38515625 0.5755208333333334 0.11328125 0.17395833333333333
0 0.324609375 0.3880208333333333 0.12265625 0.16666666666666666
0 0.445703125 0.4822916666666667 0.11796875 0.16041666666666668