0 0.84375 0.5114583333333333 0.14765625 0.19895833333333332
0 0.346875 0.46927083333333336 0.11640625 0.153125
0 0.395703125 0.39895833333333336 0.11796875 0.15625
0 0.504296875 0.446875 0.103125 0.1375
0 0.542578125 0.5697916666666667 0.1015625 0.13541666666666666
0 0.61953125 0.5520833333333334 0.11640625 0.15520833333333334
0 0.684765625 0.6286458333333333 0.11328125 0.15104166666666666
0 0.603125 0.8520833333333333 0.12890625 0.171875
0 0.78515625 0.6802083333333333 0.15546875 0.20625
0 0.20234375 0.2671875 0.1515625 0.19791666666666666
0 0.729296875 0.7770833333333333 0.1375 0.18020833333333333
0 0.835546875 0.865625 0.14375 0.1875
0 0.62734375 0.7171875 0.1109375 0.146875
0 0.428125 0.5255208333333333 0.11640625 0.15520833333333334
0 0.666015625 0.8604166666666667 0.13125 0.17395833333333333