0 0.6984375 0.36041666666666666 0.10859375 0.14791666666666667
0 0.789453125 0.3619791666666667 0.0828125 0.13854166666666667
0 0.693359375 0.5265625 0.11953125 0.19375
0 0.38359375 0.39479166666666665 0.10546875 0.184375
0 0.451171875 0.46145833333333336 0.090625 0.19375
0 0.06015625 0.2734375 0.09453125 0.17395833333333333
0 0.528515625 0.46510416666666665 0.0859375 0.18854166666666666
0 0.126171875 0.5151041666666667 0.178125 0.13645833333333332
0 0.163671875 0.2609375 0.13515625 0.115625
0 0.150390625 0.40677083333333336 0.1296875 0.13229166666666667
0 0.272265625 0.40677083333333336 0.1328125 0.1875