0 0.601953125 0.1140625 0.1203125 0.22708333333333333
0 0.694140625 0.08541666666666667 0.11328125 0.17083333333333334
0 0.4203125 0.4375 0.0953125 0.16145833333333334
0 0.5390625 0.34479166666666666 0.1140625 0.18125
0 0.470703125 0.3963541666666667 0.0953125 0.16041666666666668
0 0.653515625 0.29322916666666665 0.1359375 0.175
0 0.76171875 0.32447916666666665 0.13125 0.175
0 0.672265625 0.44375 0.14375 0.171875
0 0.152734375 0.6697916666666667 0.1578125 0.15833333333333333
0 0.19765625 0.7885416666666667 0.15859375 0.17083333333333334
0 0.544140625 0.48802083333333335 0.103125 0.14270833333333333
0 0.88984375 0.23802083333333332 0.14609375 0.1375
0 0.23046875 0.6192708333333333 0.1484375 0.17083333333333334
0 0.34765625 0.5317708333333333 0.134375 0.165625