0 0.80546875 0.42604166666666665 0.134375 0.184375
0 0.856640625 0.5125 0.13359375 0.178125
0 0.24375 0.296875 0.15 0.2
0 0.27421875 0.153125 0.16328125 0.21354166666666666
0 0.8234375 0.7536458333333333 0.15546875 0.20104166666666667
0 0.40859375 0.38229166666666664 0.1390625 0.18854166666666666
0 0.344140625 0.4588541666666667 0.13828125 0.18229166666666666
0 0.58515625 0.5489583333333333 0.13828125 0.18645833333333334
0 0.66015625 0.6015625 0.15078125 0.20208333333333334
0 0.71875 0.7109375 0.13515625 0.175
0 0.410546875 0.56875 0.12578125 0.16770833333333332
0 0.496484375 0.49270833333333336 0.1171875 0.15833333333333333
0 0.65234375 0.7776041666666667 0.1640625 0.21354166666666666
0 0.341015625 0.2859375 0.15 0.19791666666666666