0 0.67734375 0.31145833333333334 0.1171875 0.14791666666666667
0 0.690234375 0.44375 0.10703125 0.12916666666666668
0 0.67734375 0.31145833333333334 0.1171875 0.14791666666666667
0 0.690234375 0.44375 0.10703125 0.12916666666666668
0 0.506640625 0.6052083333333333 0.09921875 0.165625
0 0.76875 0.25416666666666665 0.0875 0.12395833333333334
0 0.252734375 0.45364583333333336 0.1296875 0.14375
0 0.280078125 0.8276041666666667 0.12890625 0.19479166666666667
0 0.44765625 0.7734375 0.125 0.16041666666666668
0 0.119921875 0.4796875 0.15859375 0.15625
0 0.124609375 0.3765625 0.14296875 0.12395833333333334
0 0.3875 0.4515625 0.10703125 0.121875
0 0.51015625 0.44479166666666664 0.08828125 0.153125
0 0.36796875 0.5703125 0.11953125 0.13645833333333332