0 0.54140625 0.09166666666666666 0.121875 0.18333333333333332
0 0.61796875 0.06770833333333333 0.128125 0.13541666666666666
0 0.49375 0.5026041666666666 0.11171875 0.15520833333333334
0 0.59140625 0.340625 0.11171875 0.16979166666666667
0 0.661328125 0.32760416666666664 0.1015625 0.12916666666666668
0 0.684375 0.4166666666666667 0.15546875 0.17395833333333333
0 0.540625 0.40625 0.115625 0.16875
0 0.19140625 0.7067708333333333 0.10703125 0.15416666666666667
0 0.27421875 0.628125 0.15625 0.19479166666666667
0 0.84765625 0.3645833333333333 0.19609375 0.2375
0 0.77265625 0.15729166666666666 0.15859375 0.18645833333333334
0 0.148828125 0.8208333333333333 0.15234375 0.18020833333333333
0 0.384765625 0.7057291666666666 0.13984375 0.17083333333333334
0 0.3671875 0.5854166666666667 0.11171875 0.1625
0 0.497265625 0.6578125 0.13046875 0.18229166666666666
0 0.301953125 0.7973958333333333 0.1484375 0.21458333333333332