0 0.19140625 0.6333333333333333 0.12734375 0.17395833333333333
0 0.102734375 0.7302083333333333 0.15390625 0.16875
0 0.48359375 0.3890625 0.11640625 0.175
0 0.572265625 0.3572916666666667 0.1484375 0.21458333333333332
0 0.582421875 0.50625 0.11796875 0.17708333333333334
0 0.706640625 0.3854166666666667 0.1421875 0.19479166666666667
0 0.803125 0.33229166666666665 0.1234375 0.15625
0 0.7265625 0.2598958333333333 0.1375 0.15416666666666667
0 0.817578125 0.15 0.17109375 0.228125
0 0.683203125 0.06197916666666667 0.08203125 0.12395833333333334
0 0.6390625 0.0796875 0.103125 0.159375
0 0.5734375 0.109375 0.1390625 0.21875
0 0.272265625 0.48802083333333335 0.1328125 0.17708333333333334
0 0.139453125 0.8651041666666667 0.14765625 0.19583333333333333
0 0.38671875 0.4765625 0.12421875 0.18958333333333333
0 0.397265625 0.6078125 0.1140625 0.14270833333333333
0 0.2875 0.6036458333333333 0.12109375 0.16666666666666666