0 0.81328125 0.44583333333333336 0.134375 0.18125
0 0.8609375 0.5338541666666666 0.11171875 0.14895833333333333
0 0.495703125 0.3375 0.10859375 0.146875
0 0.41796875 0.36354166666666665 0.11953125 0.159375
0 0.56328125 0.5354166666666667 0.11328125 0.15208333333333332
0 0.562890625 0.3796875 0.11953125 0.16041666666666668
0 0.166015625 0.321875 0.1625 0.21354166666666666
0 0.675 0.728125 0.1359375 0.18020833333333333
0 0.645703125 0.6046875 0.08203125 0.10833333333333334
0 0.48984375 0.4588541666666667 0.096875 0.12916666666666668
0 0.28828125 0.20260416666666667 0.16171875 0.21145833333333333
0 0.177734375 0.10572916666666667 0.13125 0.171875
0 0.66875 0.5557291666666667 0.11328125 0.15
0 0.558984375 0.728125 0.13203125 0.17604166666666668
0 0.626171875 0.8072916666666666 0.12734375 0.16875
0 0.728515625 0.7890625 0.11875 0.15729166666666666
0 0.204296875 0.22239583333333332 0.12890625 0.16770833333333332
0 0.75390625 0.915625 0.15 0.16875