0 0.705859375 0.20677083333333332 0.0796875 0.15729166666666666
0 0.409375 0.4625 0.07734375 0.1375
0 0.66640625 0.4822916666666667 0.08515625 0.13854166666666667
0 0.75703125 0.39010416666666664 0.1015625 0.0875
0 0.476171875 0.48802083333333335 0.075 0.11875
0 0.8296875 0.615625 0.1125 0.109375
0 0.8109375 0.5213541666666667 0.109375 0.10833333333333334
0 0.8046875 0.18645833333333334 0.0640625 0.11145833333333334
0 0.730859375 0.4546875 0.0640625 0.07395833333333333
0 0.5734375 0.4765625 0.05859375 0.09479166666666666
0 0.23203125 0.42552083333333335 0.14765625 0.13125
0 0.5140625 0.4109375 0.07109375 0.10416666666666667
0 0.5828125 0.384375 0.1 0.11979166666666667
0 0.71953125 0.5916666666666667 0.11484375 0.11354166666666667
0 0.253515625 0.5239583333333333 0.10546875 0.0875
0 0.32890625 0.6104166666666667 0.1015625 0.13645833333333332
0 0.073046875 0.5739583333333333 0.14609375 0.12291666666666666