0 0.5734375 0.08177083333333333 0.1390625 0.16354166666666667
0 0.373828125 0.5536458333333333 0.13671875 0.19270833333333334
0 0.284375 0.6223958333333334 0.1546875 0.20208333333333334
0 0.46328125 0.5598958333333334 0.11796875 0.153125
0 0.4796875 0.4578125 0.128125 0.18333333333333332
0 0.16484375 0.6953125 0.1640625 0.21979166666666666
0 0.526953125 0.6442708333333333 0.13828125 0.18020833333333333
0 0.780078125 0.17395833333333333 0.15859375 0.19375
0 0.546875 0.38229166666666664 0.1578125 0.22604166666666667
0 0.865625 0.28020833333333334 0.1640625 0.20625
0 0.391796875 0.7494791666666667 0.17890625 0.23541666666666666
0 0.692578125 0.271875 0.14140625 0.190625
0 0.593359375 0.2557291666666667 0.14375 0.19166666666666668