0 0.351953125 0.24427083333333333 0.14375 0.18854166666666666
0 0.529296875 0.640625 0.13359375 0.196875
0 0.409765625 0.06666666666666667 0.11796875 0.13333333333333333
0 0.351953125 0.24427083333333333 0.14375 0.18854166666666666
0 0.529296875 0.640625 0.13359375 0.196875
0 0.409765625 0.06666666666666667 0.11796875 0.13333333333333333
0 0.351953125 0.24427083333333333 0.14375 0.18854166666666666
0 0.529296875 0.640625 0.13359375 0.196875
0 0.409765625 0.06666666666666667 0.11796875 0.13333333333333333
0 0.351953125 0.24427083333333333 0.14375 0.18854166666666666
0 0.529296875 0.640625 0.13359375 0.196875
0 0.409765625 0.06666666666666667 0.11796875 0.13333333333333333
0 0.1375 0.7255208333333333 0.09765625 0.190625
0 0.213671875 0.703125 0.1140625 0.16666666666666666
0 0.345703125 0.7447916666666666 0.1109375 0.18229166666666666
0 0.058984375 0.653125 0.11796875 0.19791666666666666
0 0.20078125 0.8223958333333333 0.12109375 0.1375
0 0.365234375 0.865625 0.0875 0.17291666666666666
0 0.575 0.909375 0.1359375 0.18125
0 0.48359375 0.8130208333333333 0.10859375 0.175
0 0.71640625 0.959375 0.15625 0.08125