0 0.514453125 0.09166666666666666 0.13046875 0.18333333333333332
0 0.2734375 0.80625 0.1546875 0.18541666666666667
0 0.341796875 0.4817708333333333 0.12421875 0.16979166666666667
0 0.583203125 0.2942708333333333 0.09765625 0.12291666666666666
0 0.601953125 0.3416666666666667 0.059375 0.07291666666666667
0 0.671484375 0.375 0.08984375 0.11666666666666667
0 0.738671875 0.42604166666666665 0.12109375 0.16041666666666668
0 0.425390625 0.42239583333333336 0.1296875 0.17291666666666666
0 0.7296875 0.29270833333333335 0.12109375 0.15
0 0.665234375 0.496875 0.13515625 0.184375
0 0.516796875 0.39010416666666664 0.1234375 0.165625
0 0.441015625 0.5421875 0.11796875 0.153125
0 0.33671875 0.625 0.13125 0.1625
0 0.8109375 0.315625 0.1375 0.17395833333333333
0 0.56953125 0.053125 0.096875 0.10625