0 0.523828125 0.3572916666666667 0.134375 0.18854166666666666
0 0.58828125 0.3015625 0.12578125 0.18333333333333332
0 0.840234375 0.21354166666666666 0.14921875 0.2
0 0.92421875 0.36041666666666666 0.1515625 0.22083333333333333
0 0.075390625 0.3880208333333333 0.15078125 0.196875
0 0.4 0.11770833333333333 0.15 0.21041666666666667
0 0.315234375 0.8817708333333333 0.1703125 0.23020833333333332
0 0.163671875 0.6265625 0.1171875 0.15833333333333333
0 0.249609375 0.7098958333333333 0.1453125 0.1875
0 0.625 0.6703125 0.14296875 0.19375
0 0.158203125 0.7895833333333333 0.128125 0.171875
0 0.3984375 0.9572916666666667 0.1953125 0.08541666666666667
0 0.1015625 0.675 0.1140625 0.16354166666666667