0 0.56015625 0.434375 0.090625 0.13125
0 0.63828125 0.1328125 0.09765625 0.17395833333333333
0 0.714453125 0.11666666666666667 0.06328125 0.103125
0 0.31171875 0.51875 0.11015625 0.12708333333333333
0 0.64765625 0.5661458333333333 0.10703125 0.14270833333333333
0 0.431640625 0.3536458333333333 0.10625 0.16041666666666668
0 0.199609375 0.6567708333333333 0.14765625 0.13229166666666667
0 0.3609375 0.39739583333333334 0.1 0.14895833333333333
0 0.883203125 0.5020833333333333 0.11328125 0.146875
0 0.44375 0.478125 0.09765625 0.11666666666666667
0 0.73984375 0.5609375 0.10078125 0.1125
0 0.638671875 0.3572916666666667 0.08828125 0.09479166666666666
0 0.645703125 0.4192708333333333 0.05625 0.053125
0 0.759375 0.24739583333333334 0.1265625 0.15104166666666666
0 0.691796875 0.48072916666666665 0.078125 0.09479166666666666
0 0.797265625 0.45625 0.1171875 0.13125