0 0.279296875 0.36666666666666664 0.125 0.1625
0 0.575390625 0.6057291666666667 0.1109375 0.17604166666666668
0 0.791796875 0.8276041666666667 0.1046875 0.15520833333333334
0 0.278515625 0.19635416666666666 0.1015625 0.134375
0 0.279296875 0.36666666666666664 0.125 0.1625
0 0.575390625 0.6057291666666667 0.1109375 0.17604166666666668
0 0.791796875 0.8276041666666667 0.1046875 0.15520833333333334
0 0.278515625 0.19635416666666666 0.1015625 0.134375
0 0.279296875 0.36666666666666664 0.125 0.1625
0 0.575390625 0.6057291666666667 0.1109375 0.17604166666666668
0 0.791796875 0.8276041666666667 0.1046875 0.15520833333333334
0 0.278515625 0.19635416666666666 0.1015625 0.134375
0 0.279296875 0.36666666666666664 0.125 0.1625
0 0.575390625 0.6057291666666667 0.1109375 0.17604166666666668
0 0.791796875 0.8276041666666667 0.1046875 0.15520833333333334
0 0.278515625 0.19635416666666666 0.1015625 0.134375
0 0.91015625 0.846875 0.1296875 0.184375
0 0.506640625 0.7776041666666667 0.0984375 0.14375
0 0.3328125 0.8984375 0.08671875 0.19895833333333332
0 0.419140625 0.9442708333333333 0.09453125 0.11145833333333334
0 0.19609375 0.8802083333333334 0.1359375 0.17395833333333333
0 0.666015625 0.8109375 0.096875 0.19375
0 0.53203125 0.9078125 0.06484375 0.125
0 0.39296875 0.8265625 0.0796875 0.15416666666666667