0 0.3421875 0.5744791666666667 0.13046875 0.17708333333333334
0 0.6 0.4635416666666667 0.1296875 0.18020833333333333
0 0.633203125 0.60625 0.125 0.16979166666666667
0 0.567578125 0.21145833333333333 0.14609375 0.19375
0 0.6328125 0.13177083333333334 0.10703125 0.14791666666666667
0 0.162890625 0.7348958333333333 0.13828125 0.178125
0 0.230078125 0.6276041666666666 0.11953125 0.15833333333333333
0 0.441015625 0.4661458333333333 0.1140625 0.15520833333333334
0 0.525 0.6192708333333333 0.1484375 0.2
0 0.6359375 0.334375 0.14296875 0.19375
0 0.270703125 0.6916666666666667 0.14296875 0.18333333333333332