0 0.7875 0.27760416666666665 0.11015625 0.17083333333333334
0 0.830859375 0.5348958333333333 0.10390625 0.17604166666666668
0 0.917578125 0.5234375 0.109375 0.17291666666666666
0 0.530078125 0.6713541666666667 0.15078125 0.196875
0 0.36796875 0.5765625 0.12265625 0.19270833333333334
0 0.354296875 0.4 0.09296875 0.1375
0 0.202734375 0.3421875 0.14765625 0.19895833333333332
0 0.080859375 0.31302083333333336 0.1375 0.14479166666666668
0 0.44921875 0.4109375 0.103125 0.17291666666666666
0 0.5453125 0.5208333333333334 0.09765625 0.13645833333333332
0 0.62265625 0.4578125 0.1046875 0.184375
0 0.73203125 0.48385416666666664 0.1296875 0.175