0 0.83203125 0.47552083333333334 0.140625 0.19270833333333334
0 0.524609375 0.46197916666666666 0.13046875 0.18333333333333332
0 0.701953125 0.5520833333333334 0.14375 0.19270833333333334
0 0.81171875 0.7317708333333334 0.14921875 0.19791666666666666
0 0.604296875 0.5234375 0.14296875 0.20208333333333334
0 0.796484375 0.8739583333333333 0.1640625 0.20625
0 0.20078125 0.3260416666666667 0.21796875 0.2708333333333333
0 0.429296875 0.42239583333333336 0.1265625 0.16875
0 0.3625 0.240625 0.14609375 0.19479166666666667
0 0.269140625 0.165625 0.16875 0.22395833333333334
0 0.184375 0.084375 0.1484375 0.16875
0 0.367578125 0.5234375 0.1359375 0.18020833333333333
0 0.708984375 0.6859375 0.1390625 0.19270833333333334