0 0.555859375 0.37447916666666664 0.1140625 0.18333333333333332
0 0.49609375 0.1015625 0.1265625 0.203125
0 0.580078125 0.690625 0.12265625 0.19270833333333334
0 0.898046875 0.3640625 0.1359375 0.16770833333333332
0 0.109375 0.6432291666666666 0.1046875 0.15625
0 0.080078125 0.5005208333333333 0.06640625 0.11354166666666667
0 0.9328125 0.5484375 0.11015625 0.15625
0 0.2046875 0.6145833333333334 0.11171875 0.146875
0 0.625 0.35572916666666665 0.0828125 0.13125
0 0.103125 0.2755208333333333 0.12890625 0.19895833333333332
0 0.236328125 0.809375 0.1734375 0.23958333333333334
0 0.034765625 0.34791666666666665 0.06953125 0.2
0 0.1953125 0.28541666666666665 0.09140625 0.128125
0 0.209375 0.47760416666666666 0.15234375 0.18854166666666666
0 0.127734375 0.48333333333333334 0.0515625 0.08020833333333334