0 0.602734375 0.4671875 0.12734375 0.2
0 0.6859375 0.5088541666666667 0.125 0.20208333333333334
0 0.858203125 0.7484375 0.134375 0.18541666666666667
0 0.458203125 0.7114583333333333 0.11328125 0.17916666666666667
0 0.865625 0.9520833333333333 0.08125 0.09583333333333334
0 0.697265625 0.2046875 0.128125 0.19583333333333333
0 0.269140625 0.015104166666666667 0.08359375 0.030208333333333334
0 0.778515625 0.925 0.11953125 0.15
0 0.200390625 0.146875 0.15 0.17708333333333334
0 0.22265625 0.30416666666666664 0.12265625 0.15520833333333334
0 0.1421875 0.25625 0.11328125 0.14791666666666667
0 0.152734375 0.47604166666666664 0.15390625 0.21041666666666667
0 0.066015625 0.7192708333333333 0.13203125 0.184375
0 0.121875 0.10208333333333333 0.0921875 0.15625
0 0.967578125 0.35520833333333335 0.06484375 0.20208333333333334
0 0.37421875 0.3411458333333333 0.1046875 0.15729166666666666
0 0.407421875 0.25729166666666664 0.08515625 0.10104166666666667
0 0.616015625 0.2625 0.109375 0.13541666666666666