0 0.0953125 0.5776041666666667 0.09765625 0.15
0 0.5453125 0.3671875 0.121875 0.1875
0 0.618359375 0.3296875 0.1109375 0.18645833333333334
0 0.453125 0.10416666666666667 0.140625 0.203125
0 0.87890625 0.31354166666666666 0.14140625 0.19166666666666668
0 0.934375 0.484375 0.13125 0.21458333333333332
0 0.200390625 0.6583333333333333 0.11484375 0.14895833333333333
0 0.127734375 0.6916666666666667 0.11875 0.159375
0 0.101953125 0.27291666666666664 0.14921875 0.18125
0 0.029296875 0.31614583333333335 0.05859375 0.12604166666666666
0 0.394921875 0.9729166666666667 0.15078125 0.05416666666666667
0 0.157421875 0.5333333333333333 0.10703125 0.140625
0 0.262890625 0.8338541666666667 0.171875 0.24583333333333332
0 0.5140625 0.940625 0.115625 0.11875