0 0.59375 0.4239583333333333 0.09375 0.16979166666666667
0 0.666796875 0.44635416666666666 0.07890625 0.17708333333333334
0 0.891015625 0.628125 0.11875 0.1625
0 0.873046875 0.8140625 0.121875 0.18854166666666666
0 0.264453125 0.04375 0.13203125 0.0875
0 0.636328125 0.14166666666666666 0.10390625 0.19270833333333334
0 0.165625 0.5885416666666666 0.13125 0.19375
0 0.19609375 0.26510416666666664 0.09140625 0.13125
0 0.21328125 0.390625 0.1265625 0.1375
0 0.0984375 0.37916666666666665 0.1015625 0.13958333333333334
0 0.13828125 0.2453125 0.06484375 0.14583333333333334
0 0.11640625 0.8177083333333334 0.159375 0.20833333333333334
0 0.503125 0.7177083333333333 0.10234375 0.178125
0 0.95703125 0.1984375 0.0859375 0.16979166666666667