0 0.702734375 0.3645833333333333 0.1171875 0.14791666666666667
0 0.791015625 0.37083333333333335 0.0703125 0.13229166666666667
0 0.687890625 0.5078125 0.10703125 0.12916666666666668
0 0.1703125 0.31145833333333334 0.12734375 0.12395833333333334
0 0.07890625 0.3203125 0.13203125 0.13854166666666667
0 0.3625 0.5421875 0.11953125 0.13125
0 0.51796875 0.4484375 0.096875 0.14895833333333333
0 0.49375 0.6072916666666667 0.09140625 0.16354166666666667
0 0.408203125 0.37864583333333335 0.12109375 0.15208333333333332
0 0.28125 0.4 0.1140625 0.134375
0 0.145703125 0.3703125 0.15546875 0.103125