0 0.51953125 0.09010416666666667 0.1265625 0.18020833333333333
0 0.58828125 0.06041666666666667 0.1328125 0.12083333333333333
0 0.255078125 0.6427083333333333 0.16171875 0.2125
0 0.180859375 0.7322916666666667 0.11875 0.1625
0 0.462109375 0.5270833333333333 0.11328125 0.1625
0 0.553125 0.4552083333333333 0.11015625 0.15729166666666666
0 0.4125 0.5838541666666667 0.10625 0.146875
0 0.599609375 0.5583333333333333 0.12578125 0.171875
0 0.68515625 0.5583333333333333 0.128125 0.18125
0 0.84921875 0.2598958333333333 0.1796875 0.23229166666666667
0 0.328125 0.5859375 0.1296875 0.18229166666666666
0 0.522265625 0.6359375 0.125 0.17083333333333334
0 0.280078125 0.7421875 0.14140625 0.16458333333333333
0 0.380078125 0.7317708333333334 0.1453125 0.19375
0 0.633984375 0.40520833333333334 0.1609375 0.19895833333333332
0 0.698046875 0.2947916666666667 0.14453125 0.20208333333333334