0 0.57109375 0.09270833333333334 0.1203125 0.18333333333333332
0 0.407421875 0.5260416666666666 0.11171875 0.16458333333333333
0 0.6390625 0.3765625 0.11875 0.16979166666666667
0 0.684375 0.2375 0.11640625 0.134375
0 0.47421875 0.5041666666666667 0.103125 0.146875
0 0.83046875 0.3885416666666667 0.13359375 0.159375
0 0.7796875 0.3177083333333333 0.13046875 0.15625
0 0.651953125 0.046875 0.09140625 0.09375
0 0.408984375 0.7026041666666667 0.134375 0.19479166666666667
0 0.685546875 0.3109375 0.0796875 0.10104166666666667
0 0.504296875 0.3182291666666667 0.115625 0.16666666666666666
0 0.71953125 0.43802083333333336 0.1421875 0.16770833333333332
0 0.559765625 0.4427083333333333 0.08203125 0.11666666666666667
0 0.23828125 0.6078125 0.17109375 0.19895833333333332
0 0.141796875 0.7729166666666667 0.17265625 0.19479166666666667
0 0.34140625 0.628125 0.1046875 0.13229166666666667
0 0.480078125 0.41302083333333334 0.0953125 0.13125