0 0.55625 0.446875 0.0953125 0.13541666666666666
0 0.64375 0.39114583333333336 0.0765625 0.0875
0 0.625 0.3385416666666667 0.10390625 0.121875
0 0.71484375 0.434375 0.1140625 0.13541666666666666
0 0.762890625 0.5130208333333334 0.12890625 0.15208333333333332
0 0.61875 0.12135416666666667 0.1046875 0.178125
0 0.688671875 0.10260416666666666 0.0671875 0.10625
0 0.1484375 0.7651041666666667 0.1453125 0.14166666666666666
0 0.803125 0.4203125 0.10078125 0.13020833333333334
0 0.91328125 0.4401041666666667 0.12578125 0.153125
0 0.31328125 0.5359375 0.1140625 0.134375
0 0.64921875 0.5557291666666667 0.11171875 0.14895833333333333
0 0.42421875 0.3609375 0.11171875 0.165625
0 0.208984375 0.684375 0.15078125 0.14375
0 0.44453125 0.5026041666666666 0.075 0.10104166666666667
0 0.355859375 0.4109375 0.10546875 0.15416666666666667