0 0.791015625 0.35625 0.125 0.18854166666666666
0 0.55234375 0.546875 0.10859375 0.15625
0 0.50078125 0.6489583333333333 0.125 0.17083333333333334
0 0.5265625 0.7380208333333333 0.1265625 0.18125
0 0.61953125 0.6244791666666667 0.1609375 0.19583333333333333
0 0.72109375 0.6578125 0.1421875 0.20208333333333334
0 0.84765625 0.41354166666666664 0.1265625 0.17083333333333334
0 0.39140625 0.5770833333333333 0.14140625 0.18333333333333332
0 0.462890625 0.4875 0.11484375 0.16666666666666666
0 0.784765625 0.8453125 0.1609375 0.19270833333333334
0 0.22265625 0.32916666666666666 0.15234375 0.18229166666666666
0 0.121484375 0.3109375 0.16796875 0.20520833333333333
0 0.390234375 0.4088541666666667 0.12578125 0.17083333333333334
0 0.273828125 0.2375 0.16640625 0.190625