0 0.609375 0.4890625 0.13203125 0.18854166666666666
0 0.66796875 0.5541666666666667 0.12265625 0.184375
0 0.805078125 0.8510416666666667 0.14765625 0.19895833333333332
0 0.725 0.9473958333333333 0.159375 0.10520833333333333
0 0.744140625 0.2625 0.146875 0.21145833333333333
0 0.171875 0.3765625 0.16796875 0.23020833333333332
0 0.308984375 0.10677083333333333 0.115625 0.15729166666666666
0 0.26796875 0.2203125 0.1453125 0.184375
0 0.180078125 0.16666666666666666 0.1265625 0.16979166666666667
0 0.264453125 0.0640625 0.10078125 0.128125
0 0.07421875 0.5484375 0.1484375 0.259375
0 0.428515625 0.6958333333333333 0.140625 0.2
0 0.975 0.5145833333333333 0.05 0.19583333333333333