0 0.65859375 0.70625 0.15546875 0.19166666666666668
0 0.503125 0.6744791666666666 0.171875 0.234375
0 0.630078125 0.8385416666666666 0.1609375 0.20520833333333333
0 0.874609375 0.7817708333333333 0.13515625 0.184375
0 0.831640625 0.46822916666666664 0.13984375 0.19270833333333334
0 0.78828125 0.703125 0.14609375 0.19583333333333333
0 0.663671875 0.56875 0.13984375 0.18854166666666666
0 0.57890625 0.540625 0.12578125 0.17083333333333334
0 0.503125 0.43333333333333335 0.14453125 0.2125
0 0.290625 0.2796875 0.13515625 0.18645833333333334
0 0.33515625 0.40208333333333335 0.125 0.16458333333333333
0 0.399609375 0.3307291666666667 0.1234375 0.16145833333333334