0 0.598828125 0.4505208333333333 0.11640625 0.19375
0 0.685546875 0.4786458333333333 0.1125 0.19791666666666666
0 0.878515625 0.6885416666666667 0.12578125 0.17604166666666668
0 0.477734375 0.7166666666666667 0.103125 0.17395833333333333
0 0.90703125 0.9151041666666667 0.07109375 0.14583333333333334
0 0.668359375 0.17395833333333333 0.1171875 0.18958333333333333
0 0.22265625 0.033854166666666664 0.078125 0.06770833333333333
0 0.1375 0.06302083333333333 0.1078125 0.12604166666666666
0 0.816015625 0.875 0.1125 0.15416666666666667
0 0.170703125 0.19947916666666668 0.14453125 0.1625
0 0.111328125 0.3151041666666667 0.10703125 0.13958333333333334
0 0.153125 0.5328125 0.14453125 0.19895833333333332
0 0.101171875 0.16875 0.0828125 0.153125
0 0.961328125 0.27447916666666666 0.07734375 0.19270833333333334
0 0.20078125 0.34791666666666665 0.12265625 0.15729166666666666
0 0.609765625 0.24427083333333333 0.128125 0.159375
0 0.4296875 0.3098958333333333 0.13515625 0.19375
0 0.34609375 0.32395833333333335 0.08046875 0.12916666666666668
0 0.0734375 0.7890625 0.146875 0.171875