0 0.80078125 0.26197916666666665 0.115625 0.178125
0 0.13671875 0.090625 0.0875 0.11145833333333334
0 0.15390625 0.509375 0.171875 0.16041666666666668
0 0.4109375 0.43333333333333335 0.10078125 0.13020833333333334
0 0.3015625 0.4671875 0.0984375 0.10729166666666666
0 0.375 0.5661458333333333 0.090625 0.13125
0 0.284765625 0.5526041666666667 0.11171875 0.11458333333333333
0 0.5703125 0.475 0.09453125 0.17395833333333333
0 0.631640625 0.44114583333333335 0.0953125 0.13125
0 0.746875 0.684375 0.13984375 0.14583333333333334
0 0.67890625 0.7161458333333334 0.1375 0.16666666666666666
0 0.72109375 0.5375 0.13046875 0.13333333333333333
0 0.637109375 0.5625 0.109375 0.14791666666666667
0 0.498828125 0.5166666666666667 0.0875 0.13645833333333332
0 0.78828125 0.42135416666666664 0.13515625 0.16770833333333332
0 0.89375 0.5875 0.15859375 0.11979166666666667