0 0.546484375 0.37395833333333334 0.1328125 0.20208333333333334
0 0.624609375 0.31614583333333335 0.13046875 0.20416666666666666
0 0.873046875 0.29375 0.13828125 0.18958333333333333
0 0.594140625 0.6791666666666667 0.11796875 0.18125
0 0.983203125 0.4328125 0.03359375 0.146875
0 0.45703125 0.10833333333333334 0.1328125 0.19791666666666666
0 0.04921875 0.3953125 0.08671875 0.11979166666666667
0 0.016796875 0.4578125 0.03359375 0.19479166666666667
0 0.92734375 0.49270833333333336 0.12265625 0.16666666666666666
0 0.10546875 0.5786458333333333 0.15234375 0.18333333333333332
0 0.205859375 0.6604166666666667 0.125 0.159375
0 0.140625 0.7072916666666667 0.115625 0.15208333333333332
0 0.323046875 0.4234375 0.08671875 0.11770833333333333
0 0.262890625 0.8385416666666666 0.1578125 0.215625
0 0.036328125 0.63125 0.07265625 0.15625
0 0.433984375 0.2546875 0.1421875 0.19583333333333333
0 0.31484375 0.515625 0.1390625 0.18229166666666666