0 0.684375 0.11302083333333333 0.121875 0.18333333333333332
0 0.040234375 0.365625 0.08046875 0.11666666666666667
0 0.401171875 0.6588541666666666 0.11171875 0.11979166666666667
0 0.380859375 0.5666666666666667 0.10625 0.13333333333333333
0 0.46796875 0.46822916666666664 0.09375 0.115625
0 0.564453125 0.4895833333333333 0.0890625 0.11875
0 0.594921875 0.390625 0.10234375 0.13541666666666666
0 0.678125 0.35520833333333335 0.1 0.13020833333333334
0 0.77890625 0.5635416666666667 0.11328125 0.15104166666666666
0 0.762890625 0.26666666666666666 0.140625 0.17395833333333333
0 0.196875 0.7197916666666667 0.153125 0.14583333333333334
0 0.795703125 0.37916666666666665 0.13125 0.14270833333333333
0 0.9078125 0.30520833333333336 0.14609375 0.13645833333333332
0 0.7046875 0.4671875 0.1015625 0.12291666666666666
0 0.47890625 0.596875 0.10078125 0.1375
0 0.8171875 0.49635416666666665 0.121875 0.14270833333333333