0 0.652734375 0.275 0.12890625 0.165625
0 0.682421875 0.4046875 0.1171875 0.14583333333333334
0 0.14140625 0.48072916666666665 0.13671875 0.14583333333333334
0 0.502734375 0.4427083333333333 0.11015625 0.1625
0 0.523046875 0.6098958333333333 0.1140625 0.17916666666666667
0 0.652734375 0.275 0.12890625 0.165625
0 0.682421875 0.4046875 0.1171875 0.14583333333333334
0 0.14140625 0.48072916666666665 0.13671875 0.14583333333333334
0 0.502734375 0.4427083333333333 0.11015625 0.1625
0 0.521875 0.6109375 0.1140625 0.17916666666666667
0 0.1328125 0.5479166666666667 0.1609375 0.13541666666666666
0 0.394140625 0.4328125 0.1078125 0.16041666666666668
0 0.37578125 0.6067708333333334 0.11953125 0.15
0 0.737109375 0.20052083333333334 0.0984375 0.13645833333333332
0 0.04140625 0.4817708333333333 0.0828125 0.14270833333333333
0 0.26171875 0.49375 0.1296875 0.18020833333333333
0 0.569140625 0.15989583333333332 0.15546875 0.17395833333333333