0 0.608984375 0.4864583333333333 0.13046875 0.18854166666666666
0 0.6765625 0.5572916666666666 0.121875 0.18541666666666667
0 0.740234375 0.259375 0.14609375 0.21145833333333333
0 0.16015625 0.3734375 0.1671875 0.22916666666666666
0 0.430859375 0.6979166666666666 0.13984375 0.2
0 0.972265625 0.4979166666666667 0.05546875 0.19583333333333333
0 0.816015625 0.8484375 0.14453125 0.18645833333333334
0 0.0390625 0.5291666666666667 0.078125 0.23958333333333334
0 0.184765625 0.15729166666666666 0.1171875 0.16354166666666667
0 0.251171875 0.23645833333333333 0.12578125 0.1625
0 0.43359375 0.03802083333333333 0.1421875 0.07604166666666666
0 0.258203125 0.07083333333333333 0.06953125 0.096875
0 0.287109375 0.10625 0.0765625 0.11458333333333333
0 0.4390625 0.26614583333333336 0.10078125 0.14166666666666666
0 0.351953125 0.18541666666666667 0.159375 0.203125