0 0.687109375 0.17552083333333332 0.08359375 0.16041666666666668
0 0.758984375 0.178125 0.08515625 0.1125
0 0.4078125 0.3932291666666667 0.0734375 0.12291666666666666
0 0.369140625 0.4864583333333333 0.09140625 0.11875
0 0.5625 0.4625 0.08125 0.12083333333333333
0 0.65703125 0.4296875 0.06875 0.07291666666666667
0 0.645703125 0.3729166666666667 0.09296875 0.103125
0 0.754296875 0.5885416666666666 0.10703125 0.11354166666666667
0 0.8125 0.453125 0.0921875 0.13645833333333332
0 0.15234375 0.5817708333333333 0.1328125 0.0875
0 0.7203125 0.490625 0.10234375 0.11354166666666667
0 0.467578125 0.3567708333333333 0.090625 0.12708333333333333
0 0.4609375 0.47708333333333336 0.08203125 0.11666666666666667
0 0.06953125 0.5260416666666666 0.10546875 0.109375
0 0.905859375 0.5453125 0.13046875 0.14895833333333333
0 0.244140625 0.5036458333333333 0.1359375 0.1375
0 0.191015625 0.6921875 0.15078125 0.14270833333333333
0 0.64765625 0.5864583333333333 0.10703125 0.134375