0 0.805078125 0.3848958333333333 0.1421875 0.19583333333333333
0 0.894921875 0.5083333333333333 0.1109375 0.15520833333333334
0 0.639453125 0.546875 0.13203125 0.18125
0 0.528125 0.5916666666666667 0.13046875 0.17916666666666667
0 0.722265625 0.7744791666666667 0.14921875 0.18854166666666666
0 0.78359375 0.6833333333333333 0.1375 0.17604166666666668
0 0.68125 0.6848958333333334 0.1328125 0.18125
0 0.173828125 0.14166666666666666 0.1640625 0.20520833333333333
0 0.89375 0.7442708333333333 0.1375 0.18541666666666667
0 0.5734375 0.446875 0.128125 0.17395833333333333
0 0.26953125 0.20572916666666666 0.1484375 0.2
0 0.4 0.21927083333333333 0.1359375 0.17708333333333334
0 0.4828125 0.3515625 0.12734375 0.17083333333333334
0 0.3859375 0.39114583333333336 0.16484375 0.23125
0 0.339453125 0.28177083333333336 0.1203125 0.15729166666666666
0 0.42421875 0.5161458333333333 0.13046875 0.17604166666666668
0 0.849609375 0.4630208333333333 0.103125 0.14791666666666667
0 0.11484375 0.2203125 0.15 0.18541666666666667