0 0.793359375 0.2911458333333333 0.11328125 0.17395833333333333
0 0.8296875 0.55 0.10703125 0.17916666666666667
0 0.916796875 0.5427083333333333 0.1125 0.17604166666666668
0 0.335546875 0.5729166666666666 0.1265625 0.196875
0 0.35703125 0.3932291666666667 0.0953125 0.13958333333333334
0 0.4515625 0.4088541666666667 0.10703125 0.175
0 0.732421875 0.4942708333333333 0.1328125 0.17916666666666667
0 0.5203125 0.5302083333333333 0.1109375 0.15729166666666666
0 0.604296875 0.4375 0.09453125 0.125
0 0.531640625 0.6588541666666666 0.128125 0.15520833333333334
0 0.188671875 0.29322916666666665 0.17265625 0.21458333333333332