0 0.7234375 0.45 0.1375 0.178125
0 0.806640625 0.4901041666666667 0.09296875 0.146875
0 0.677734375 0.5817708333333333 0.12421875 0.15729166666666666
0 0.178515625 0.2682291666666667 0.14609375 0.14479166666666668
0 0.226171875 0.19114583333333332 0.14140625 0.1625
0 0.13671875 0.1640625 0.14921875 0.17604166666666668
0 0.33515625 0.2875 0.153125 0.20208333333333334
0 0.45 0.3541666666666667 0.121875 0.17395833333333333
0 0.359765625 0.48802083333333335 0.16171875 0.18854166666666666
0 0.49296875 0.6854166666666667 0.12109375 0.17291666666666666
0 0.544140625 0.49166666666666664 0.11796875 0.15208333333333332