0 0.27421875 0.38229166666666664 0.1296875 0.16875
0 0.579296875 0.6 0.11640625 0.18125
0 0.719140625 0.8458333333333333 0.11640625 0.19479166666666667
0 0.80390625 0.8067708333333333 0.109375 0.16041666666666668
0 0.93828125 0.8119791666666667 0.1234375 0.18854166666666666
0 0.26328125 0.196875 0.10546875 0.140625
0 0.5875 0.778125 0.11875 0.18229166666666666
0 0.22109375 0.9276041666666667 0.128125 0.14479166666666668
0 0.591015625 0.9015625 0.06953125 0.11979166666666667
0 0.27421875 0.38229166666666664 0.1296875 0.16875
0 0.579296875 0.6 0.11640625 0.18125
0 0.719140625 0.8458333333333333 0.11640625 0.19479166666666667
0 0.80390625 0.8067708333333333 0.109375 0.16041666666666668
0 0.93828125 0.8119791666666667 0.1234375 0.18854166666666666
0 0.26328125 0.196875 0.10546875 0.140625
0 0.5875 0.778125 0.11875 0.18229166666666666
0 0.22109375 0.9276041666666667 0.128125 0.14479166666666668
0 0.591015625 0.9015625 0.06953125 0.11979166666666667
0 0.340234375 0.9098958333333333 0.08671875 0.17395833333333333
0 0.39921875 0.8364583333333333 0.08828125 0.13958333333333334
0 0.44765625 0.9395833333333333 0.1078125 0.12083333333333333