0 0.2671875 0.4088541666666667 0.13671875 0.17916666666666667
0 0.244921875 0.23333333333333334 0.1171875 0.14270833333333333
0 0.585546875 0.5901041666666667 0.125 0.18958333333333333
0 0.603125 0.7703125 0.13046875 0.18020833333333333
0 0.740625 0.81875 0.12578125 0.203125
0 0.629296875 0.89375 0.08203125 0.13125
0 0.82265625 0.7703125 0.11640625 0.16875
0 0.9453125 0.7588541666666667 0.109375 0.19895833333333332
0 0.52265625 0.9442708333333333 0.1109375 0.11145833333333334
0 0.427734375 0.903125 0.0921875 0.18958333333333333
0 0.487890625 0.8385416666666666 0.09921875 0.14375
0 0.376953125 0.36302083333333335 0.12109375 0.20729166666666668