0 0.3 0.3177083333333333 0.11796875 0.15208333333333332
0 0.5609375 0.6208333333333333 0.103125 0.16770833333333332
0 0.313671875 0.11354166666666667 0.09609375 0.12708333333333333
0 0.3 0.3177083333333333 0.11796875 0.15208333333333332
0 0.5609375 0.6208333333333333 0.103125 0.16770833333333332
0 0.313671875 0.11354166666666667 0.09609375 0.12708333333333333
0 0.3 0.3177083333333333 0.11796875 0.15208333333333332
0 0.5609375 0.6208333333333333 0.103125 0.16770833333333332
0 0.313671875 0.11354166666666667 0.09609375 0.12708333333333333
0 0.3 0.3177083333333333 0.11796875 0.15208333333333332
0 0.5609375 0.6208333333333333 0.103125 0.16770833333333332
0 0.313671875 0.11354166666666667 0.09609375 0.12708333333333333
0 0.207421875 0.8640625 0.0609375 0.17916666666666667
0 0.41015625 0.7963541666666667 0.0796875 0.1625
0 0.095703125 0.8364583333333333 0.13671875 0.15416666666666667
0 0.290234375 0.9296875 0.10625 0.10208333333333333
0 0.456640625 0.903125 0.053125 0.16458333333333333
0 0.66640625 0.8598958333333333 0.11015625 0.15
0 0.658984375 0.9458333333333333 0.11484375 0.10833333333333334
0 0.547265625 0.7979166666666667 0.08125 0.16666666666666666
0 0.794140625 0.9104166666666667 0.12578125 0.17916666666666667
0 0.28203125 0.8119791666666667 0.08359375 0.14166666666666666