0 0.721484375 0.43385416666666665 0.13515625 0.17395833333333333
0 0.805859375 0.46875 0.0890625 0.14479166666666668
0 0.67890625 0.5677083333333334 0.121875 0.153125
0 0.563671875 0.5703125 0.10703125 0.175
0 0.501171875 0.6859375 0.11484375 0.18125
0 0.163671875 0.28854166666666664 0.14609375 0.1375
0 0.214453125 0.21041666666666667 0.13984375 0.15625
0 0.41484375 0.5979166666666667 0.12890625 0.19479166666666667
0 0.32578125 0.34791666666666665 0.153125 0.18541666666666667
0 0.44453125 0.4036458333333333 0.11328125 0.15729166666666666
0 0.123828125 0.190625 0.146875 0.17083333333333334