0 0.66328125 0.09635416666666667 0.128125 0.18854166666666666
0 0.03828125 0.409375 0.0765625 0.12083333333333333
0 0.409765625 0.6671875 0.1140625 0.12708333333333333
0 0.384765625 0.578125 0.109375 0.13854166666666667
0 0.46640625 0.4713541666666667 0.096875 0.12083333333333333
0 0.5890625 0.38177083333333334 0.10625 0.140625
0 0.78203125 0.5369791666666667 0.1171875 0.15625
0 0.75 0.24270833333333333 0.1453125 0.18125
0 0.789453125 0.35572916666666665 0.134375 0.15104166666666666
0 0.896875 0.2677083333333333 0.14765625 0.14583333333333334
0 0.48828125 0.6015625 0.1046875 0.14166666666666666
0 0.818359375 0.46145833333333336 0.125 0.15
0 0.556640625 0.48125 0.09609375 0.13125
0 0.2203125 0.7375 0.1859375 0.17395833333333333
0 0.684765625 0.43385416666666665 0.1078125 0.1375
0 0.6375 0.3145833333333333 0.10625 0.15208333333333332