0 0.411328125 0.34479166666666666 0.115625 0.15416666666666667
0 0.34765625 0.44375 0.12578125 0.17083333333333334
0 0.4515625 0.4625 0.11640625 0.159375
0 0.14296875 0.2515625 0.17421875 0.21354166666666666
0 0.23828125 0.378125 0.12265625 0.15625
0 0.51953125 0.453125 0.1140625 0.16145833333333334
0 0.65546875 0.78125 0.13984375 0.17916666666666667
0 0.56875 0.7828125 0.1453125 0.19375
0 0.853515625 0.46458333333333335 0.16171875 0.22291666666666668
0 0.73828125 0.5364583333333334 0.1359375 0.17916666666666667
0 0.597265625 0.4661458333333333 0.10703125 0.14270833333333333
0 0.2765625 0.30416666666666664 0.1328125 0.17083333333333334
0 0.56328125 0.5645833333333333 0.1078125 0.140625
0 0.796484375 0.7140625 0.17265625 0.221875
0 0.66484375 0.6197916666666666 0.13515625 0.178125