0 0.58125 0.22083333333333333 0.1359375 0.18229166666666666
0 0.650390625 0.14270833333333333 0.11328125 0.159375
0 0.658984375 0.35052083333333334 0.1609375 0.225
0 0.36015625 0.521875 0.146875 0.209375
0 0.444140625 0.5130208333333334 0.13828125 0.20729166666666668
0 0.208984375 0.7234375 0.14453125 0.184375
0 0.15234375 0.6041666666666666 0.18203125 0.2125
0 0.294921875 0.6260416666666667 0.15234375 0.20833333333333334
0 0.06171875 0.7130208333333333 0.1234375 0.19479166666666667
0 0.504296875 0.44895833333333335 0.1328125 0.2
0 0.253125 0.8270833333333333 0.18671875 0.21666666666666667