0 0.605859375 0.4640625 0.1203125 0.18645833333333334
0 0.673828125 0.5322916666666667 0.109375 0.18645833333333334
0 0.845703125 0.7739583333333333 0.140625 0.190625
0 0.787109375 0.91875 0.14921875 0.1625
0 0.709375 0.21041666666666667 0.134375 0.209375
0 0.16171875 0.4578125 0.15859375 0.221875
0 0.15078125 0.26875 0.12109375 0.1625
0 0.455078125 0.7098958333333333 0.1296875 0.196875
0 0.971484375 0.39114583333333336 0.05703125 0.190625
0 0.234765625 0.33229166666666665 0.13125 0.18020833333333333
0 0.273828125 0.027083333333333334 0.15703125 0.05416666666666667
0 0.467578125 0.07708333333333334 0.16171875 0.15416666666666667
0 0.261328125 0.17083333333333334 0.09921875 0.14166666666666666
0 0.20078125 0.10989583333333333 0.10390625 0.14375
0 0.05625 0.5536458333333333 0.1125 0.209375