0 0.714453125 0.20052083333333334 0.0828125 0.17291666666666666
0 0.794921875 0.21458333333333332 0.10234375 0.146875
0 0.243359375 0.39947916666666666 0.13046875 0.16458333333333333
0 0.143359375 0.4046875 0.08984375 0.134375
0 0.322265625 0.4473958333333333 0.0953125 0.13125
0 0.458203125 0.48854166666666665 0.0796875 0.14270833333333333
0 0.38828125 0.5098958333333333 0.08125 0.13125
0 0.725 0.5505208333333333 0.1421875 0.16041666666666668
0 0.56640625 0.6307291666666667 0.09140625 0.13854166666666667
0 0.098046875 0.5947916666666667 0.14765625 0.15625
0 0.2390625 0.5364583333333334 0.13203125 0.15416666666666667
0 0.685546875 0.6921875 0.11171875 0.14166666666666666
0 0.423828125 0.26927083333333335 0.128125 0.221875
0 0.806640625 0.5458333333333333 0.115625 0.18333333333333332
0 0.44765625 0.6203125 0.09921875 0.13541666666666666
0 0.5625 0.5114583333333333 0.07734375 0.13645833333333332