0 0.803515625 0.4119791666666667 0.1328125 0.18541666666666667
0 0.857421875 0.4942708333333333 0.1328125 0.178125
0 0.49609375 0.49322916666666666 0.1171875 0.15833333333333333
0 0.64375 0.5598958333333334 0.1203125 0.16770833333333332
0 0.6765625 0.6432291666666666 0.103125 0.13541666666666666
0 0.621875 0.7026041666666667 0.1515625 0.190625
0 0.580078125 0.51875 0.12265625 0.16875
0 0.2484375 0.18385416666666668 0.11328125 0.15520833333333334
0 0.3328125 0.2609375 0.1578125 0.20520833333333333
0 0.747265625 0.8895833333333333 0.19609375 0.22083333333333333
0 0.834375 0.7239583333333334 0.15703125 0.20104166666666667
0 0.153515625 0.1703125 0.15078125 0.19375
0 0.316015625 0.42552083333333335 0.13984375 0.18125
0 0.39453125 0.36302083333333335 0.11875 0.1625
0 0.3875 0.5505208333333333 0.13671875 0.184375
0 0.212890625 0.3494791666666667 0.15546875 0.20625