0 0.258203125 0.47552083333333334 0.14921875 0.196875
0 0.598046875 0.5640625 0.14140625 0.20208333333333334
0 0.19375 0.28958333333333336 0.12265625 0.1625
0 0.258203125 0.47552083333333334 0.14921875 0.196875
0 0.598046875 0.5640625 0.14140625 0.20208333333333334
0 0.19375 0.28958333333333336 0.12265625 0.1625
0 0.258203125 0.47552083333333334 0.14921875 0.196875
0 0.598046875 0.5640625 0.14140625 0.20208333333333334
0 0.19375 0.28958333333333336 0.12265625 0.1625
0 0.258203125 0.47552083333333334 0.14921875 0.196875
0 0.598046875 0.5640625 0.14140625 0.20208333333333334
0 0.19375 0.28958333333333336 0.12265625 0.1625
0 0.3828125 0.9572916666666667 0.1078125 0.08541666666666667
0 0.533203125 0.8166666666666667 0.11875 0.184375
0 0.275390625 0.978125 0.16640625 0.04375
0 0.4796875 0.9692708333333333 0.1234375 0.06145833333333333
0 0.613671875 0.878125 0.096875 0.171875
0 0.779296875 0.7005208333333334 0.1421875 0.190625
0 0.8078125 0.7859375 0.1375 0.16979166666666667
0 0.652734375 0.7265625 0.121875 0.18958333333333333
0 0.9125 0.66875 0.17109375 0.24270833333333333
0 0.428125 0.9151041666666667 0.11640625 0.16875