0 0.576171875 0.07708333333333334 0.14296875 0.15416666666666667
0 0.038671875 0.5651041666666666 0.07734375 0.13229166666666667
0 0.559375 0.33229166666666665 0.1125 0.15208333333333332
0 0.730078125 0.50625 0.12578125 0.16770833333333332
0 0.64296875 0.20729166666666668 0.1640625 0.20208333333333334
0 0.7890625 0.19895833333333332 0.14453125 0.18645833333333334
0 0.345703125 0.8135416666666667 0.1296875 0.165625
0 0.508203125 0.4234375 0.1328125 0.17708333333333334
0 0.685546875 0.284375 0.134375 0.17083333333333334
0 0.19375 0.8947916666666667 0.16640625 0.19895833333333332
0 0.312890625 0.7046875 0.140625 0.17395833333333333
0 0.764453125 0.3796875 0.1328125 0.171875
0 0.6109375 0.38697916666666665 0.11953125 0.146875
0 0.460546875 0.5260416666666666 0.1078125 0.153125
0 0.42109375 0.66875 0.13125 0.1625
0 0.362109375 0.5645833333333333 0.11484375 0.15208333333333332