0 0.798046875 0.28541666666666665 0.1203125 0.190625
0 0.842578125 0.5473958333333333 0.1625 0.16041666666666668
0 0.80859375 0.6947916666666667 0.14453125 0.15729166666666666
0 0.16015625 0.37083333333333335 0.14453125 0.14166666666666666
0 0.145703125 0.49322916666666666 0.1671875 0.140625
0 0.3578125 0.4088541666666667 0.103125 0.16145833333333334
0 0.95546875 0.5338541666666666 0.0890625 0.12604166666666666
0 0.545703125 0.4270833333333333 0.08671875 0.14166666666666666
0 0.25078125 0.32135416666666666 0.1546875 0.16354166666666667
0 0.48984375 0.5520833333333334 0.10546875 0.15416666666666667
0 0.426953125 0.434375 0.0890625 0.15416666666666667
0 0.278125 0.5171875 0.11953125 0.12395833333333334
0 0.68828125 0.5515625 0.12265625 0.184375