0 0.365625 0.23072916666666668 0.14765625 0.19479166666666667
0 0.440625 0.06979166666666667 0.125 0.13958333333333334
0 0.522265625 0.6427083333333333 0.1390625 0.20104166666666667
0 0.2515625 0.7515625 0.1109375 0.18020833333333333
0 0.404296875 0.9015625 0.10859375 0.171875
0 0.177734375 0.7765625 0.09609375 0.14895833333333333
0 0.304296875 0.8734375 0.1125 0.13229166666666667
0 0.32109375 0.7489583333333333 0.10078125 0.16354166666666667
0 0.544921875 0.9385416666666667 0.14140625 0.12291666666666666
0 0.44765625 0.7947916666666667 0.14296875 0.19479166666666667
0 0.1265625 0.6744791666666666 0.1140625 0.153125
0 0.653125 0.9411458333333333 0.146875 0.11770833333333333
0 0.1765625 0.036458333333333336 0.121875 0.07291666666666667