0 0.60078125 0.4421875 0.1078125 0.18020833333333333
0 0.670703125 0.47760416666666666 0.09375 0.184375
0 0.8734375 0.6989583333333333 0.13046875 0.178125
0 0.836328125 0.8802083333333334 0.1359375 0.203125
0 0.67265625 0.17083333333333334 0.11953125 0.203125
0 0.159765625 0.5265625 0.1453125 0.209375
0 0.127734375 0.3453125 0.11171875 0.15208333333333332
0 0.160546875 0.1859375 0.07734375 0.15104166666666666
0 0.480078125 0.7166666666666667 0.11640625 0.18854166666666666
0 0.966015625 0.2864583333333333 0.06796875 0.18125
0 0.200390625 0.3515625 0.12109375 0.16875
0 0.23515625 0.225 0.0984375 0.13541666666666666
0 0.070703125 0.7494791666666667 0.14140625 0.196875
0 0.27109375 0.059895833333333336 0.146875 0.11979166666666667