0 0.49765625 0.0890625 0.13125 0.178125
0 0.546875 0.06302083333333333 0.134375 0.12604166666666666
0 0.263671875 0.665625 0.16328125 0.215625
0 0.19375 0.7614583333333333 0.1203125 0.16354166666666667
0 0.551171875 0.4510416666666667 0.1125 0.15625
0 0.607421875 0.5463541666666667 0.128125 0.17291666666666666
0 0.687890625 0.540625 0.13125 0.18229166666666666
0 0.83984375 0.228125 0.18046875 0.23645833333333333
0 0.628515625 0.3932291666666667 0.16015625 0.20416666666666666
0 0.68671875 0.27708333333333335 0.146875 0.203125
0 0.31796875 0.659375 0.140625 0.18333333333333332
0 0.31015625 0.7677083333333333 0.18984375 0.23125
0 0.515625 0.6635416666666667 0.1328125 0.178125
0 0.403125 0.5953125 0.11171875 0.15416666666666667
0 0.468359375 0.5322916666666667 0.13125 0.18125