0 0.37109375 0.35885416666666664 0.1125 0.16666666666666666
0 0.575 0.5953125 0.10625 0.17708333333333334
0 0.500390625 0.7067708333333333 0.1078125 0.159375
0 0.7203125 0.42864583333333334 0.13359375 0.17291666666666666
0 0.80546875 0.46145833333333336 0.08828125 0.14479166666666668
0 0.17578125 0.2359375 0.1328125 0.15
0 0.27890625 0.25729166666666664 0.109375 0.13958333333333334
0 0.49140625 0.41510416666666666 0.0984375 0.14479166666666668
0 0.436328125 0.5901041666666667 0.1296875 0.18541666666666667
0 0.6859375 0.5666666666666667 0.125 0.18020833333333333
0 0.262109375 0.32395833333333335 0.1203125 0.1375