0 0.37421875 0.5541666666666667 0.10859375 0.14479166666666668
0 0.49765625 0.5171875 0.14921875 0.2
0 0.223828125 0.7890625 0.17578125 0.23333333333333334
0 0.599609375 0.2682291666666667 0.1421875 0.18854166666666666
0 0.70078125 0.28177083333333336 0.1421875 0.1875
0 0.56484375 0.39479166666666665 0.13984375 0.18645833333333334
0 0.525390625 0.08541666666666667 0.16796875 0.17083333333333334
0 0.134375 0.8541666666666666 0.13515625 0.18020833333333333
0 0.2484375 0.909375 0.1828125 0.18125
0 0.325390625 0.7307291666666667 0.16484375 0.21875
0 0.421484375 0.6619791666666667 0.14609375 0.19375
0 0.75625 0.38229166666666664 0.17421875 0.23125
0 0.7203125 0.14427083333333332 0.1625 0.215625
0 0.627734375 0.5067708333333333 0.1609375 0.21354166666666666