0 0.725390625 0.5333333333333333 0.14609375 0.19375
0 0.796875 0.603125 0.10625 0.14791666666666667
0 0.513671875 0.4161458333333333 0.11328125 0.15520833333333334
0 0.652734375 0.6421875 0.13125 0.17291666666666666
0 0.543359375 0.59375 0.128125 0.178125
0 0.45859375 0.6765625 0.13515625 0.1875
0 0.232421875 0.1625 0.1421875 0.175
0 0.30078125 0.10260416666666666 0.14375 0.184375
0 0.424609375 0.5390625 0.14921875 0.20416666666666666
0 0.39609375 0.29322916666666665 0.16875 0.221875
0 0.20625 0.08177083333333333 0.146875 0.16354166666666667