0 0.2953125 0.32708333333333334 0.1140625 0.146875
0 0.313671875 0.12552083333333333 0.1 0.11458333333333333
0 0.563671875 0.6182291666666667 0.09921875 0.16354166666666667
0 0.43515625 0.946875 0.09375 0.090625
0 0.411328125 0.7979166666666667 0.06328125 0.14270833333333333
0 0.541796875 0.7984375 0.10703125 0.15104166666666666
0 0.665625 0.8953125 0.096875 0.178125
0 0.54296875 0.9260416666666667 0.0640625 0.11458333333333333
0 0.754296875 0.878125 0.09375 0.14375
0 0.247265625 0.7234375 0.11015625 0.14895833333333333
0 0.352734375 0.8661458333333333 0.05625 0.159375
0 0.891796875 0.9182291666666667 0.12109375 0.16354166666666667