0 0.789453125 0.3494791666666667 0.1234375 0.18854166666666666
0 0.34609375 0.3421875 0.1328125 0.17916666666666667
0 0.261328125 0.29635416666666664 0.13984375 0.18229166666666666
0 0.3921875 0.3963541666666667 0.11640625 0.153125
0 0.415234375 0.5625 0.1203125 0.15520833333333334
0 0.477734375 0.4583333333333333 0.13203125 0.18125
0 0.2 0.20625 0.140625 0.19479166666666667
0 0.575390625 0.5890625 0.1453125 0.18125
0 0.85390625 0.4166666666666667 0.12890625 0.17395833333333333
0 0.660546875 0.5734375 0.13359375 0.18229166666666666
0 0.740234375 0.6442708333333333 0.15546875 0.21875
0 0.7875 0.8135416666666667 0.17421875 0.20729166666666668
0 0.484765625 0.6723958333333333 0.12109375 0.16041666666666668
0 0.335546875 0.49375 0.1296875 0.17291666666666666