0 0.7234375 0.46979166666666666 0.13359375 0.17916666666666667
0 0.806640625 0.5166666666666667 0.109375 0.15833333333333333
0 0.66796875 0.621875 0.15546875 0.22291666666666668
0 0.555078125 0.48854166666666665 0.13125 0.184375
0 0.494921875 0.39739583333333334 0.13125 0.2125
0 0.421875 0.34427083333333336 0.14140625 0.20833333333333334
0 0.343359375 0.3078125 0.11953125 0.17083333333333334
0 0.241015625 0.2984375 0.1390625 0.175
0 0.211328125 0.109375 0.1171875 0.15625
0 0.301953125 0.1859375 0.11875 0.16145833333333334
0 0.143359375 0.28489583333333335 0.10625 0.16458333333333333