0 0.742578125 0.25 0.1140625 0.225
0 0.835546875 0.28854166666666664 0.1078125 0.19583333333333333
0 0.59609375 0.39791666666666664 0.109375 0.178125
0 0.517578125 0.39166666666666666 0.090625 0.15833333333333333
0 0.712890625 0.43802083333333336 0.13203125 0.16979166666666667
0 0.79140625 0.5421875 0.12734375 0.16979166666666667
0 0.930859375 0.5630208333333333 0.13828125 0.13020833333333334
0 0.107421875 0.5223958333333333 0.16640625 0.16458333333333333
0 0.1140625 0.4088541666666667 0.15546875 0.14583333333333334
0 0.659765625 0.6010416666666667 0.13515625 0.19270833333333334
0 0.189453125 0.32760416666666664 0.153125 0.15625
0 0.31328125 0.4036458333333333 0.14921875 0.17604166666666668
0 0.42890625 0.40989583333333335 0.11953125 0.2
0 0.566796875 0.4973958333333333 0.1078125 0.15416666666666667