0 0.722265625 0.4479166666666667 0.1296875 0.175
0 0.8078125 0.4875 0.10546875 0.15625
0 0.6796875 0.6041666666666666 0.15078125 0.21979166666666666
0 0.355859375 0.2609375 0.13359375 0.19270833333333334
0 0.287890625 0.40677083333333336 0.1109375 0.13958333333333334
0 0.201171875 0.11302083333333333 0.11953125 0.14270833333333333
0 0.27734375 0.17916666666666667 0.18515625 0.24479166666666666
0 0.15234375 0.2989583333333333 0.175 0.196875
0 0.438671875 0.31927083333333334 0.1015625 0.12604166666666666
0 0.49765625 0.18385416666666668 0.13046875 0.17604166666666668
0 0.42890625 0.06770833333333333 0.15625 0.13541666666666666