0 0.817578125 0.29635416666666664 0.11171875 0.17291666666666666
0 0.691015625 0.4901041666666667 0.09453125 0.125
0 0.9171875 0.5947916666666667 0.165625 0.19166666666666668
0 0.362890625 0.38333333333333336 0.11796875 0.146875
0 0.830078125 0.7401041666666667 0.17578125 0.17291666666666666
0 0.7953125 0.5572916666666666 0.134375 0.17708333333333334
0 0.453125 0.41510416666666666 0.12109375 0.17291666666666666
0 0.260546875 0.4583333333333333 0.15546875 0.153125
0 0.08984375 0.42135416666666664 0.1609375 0.171875
0 0.15859375 0.3458333333333333 0.12734375 0.146875
0 0.258984375 0.35572916666666665 0.121875 0.1375
0 0.5390625 0.44635416666666666 0.103125 0.20520833333333333
0 0.391015625 0.55625 0.140625 0.17708333333333334
0 0.65390625 0.5739583333333333 0.17421875 0.1625