0 0.655859375 0.7098958333333333 0.1546875 0.19270833333333334
0 0.5 0.6770833333333334 0.17265625 0.23541666666666666
0 0.62421875 0.8401041666666667 0.1609375 0.20625
0 0.870703125 0.7901041666666667 0.1359375 0.184375
0 0.83203125 0.47552083333333334 0.140625 0.19270833333333334
0 0.785546875 0.709375 0.146875 0.19583333333333333
0 0.662890625 0.5723958333333333 0.140625 0.18854166666666666
0 0.578125 0.5427083333333333 0.12578125 0.17083333333333334
0 0.375 0.26875 0.12578125 0.16145833333333334
0 0.2375 0.22708333333333333 0.15546875 0.20104166666666667
0 0.330859375 0.38385416666666666 0.16328125 0.2125
0 0.48984375 0.41875 0.14765625 0.20625