0 0.606640625 0.4666666666666667 0.121875 0.1875
0 0.70546875 0.225 0.1359375 0.21041666666666667
0 0.14140625 0.440625 0.159375 0.22291666666666668
0 0.452734375 0.7088541666666667 0.13125 0.196875
0 0.97109375 0.37604166666666666 0.0578125 0.19166666666666668
0 0.839453125 0.95625 0.10546875 0.0875
0 0.84921875 0.7869791666666667 0.140625 0.17708333333333334
0 0.143359375 0.215625 0.1109375 0.16041666666666668
0 0.21796875 0.11822916666666666 0.071875 0.115625
0 0.77734375 0.9322916666666666 0.115625 0.13541666666666666
0 0.32265625 0.23697916666666666 0.1453125 0.171875
0 0.26484375 0.14583333333333334 0.0734375 0.11354166666666667
0 0.237890625 0.28177083333333336 0.11640625 0.15416666666666667
0 0.663671875 0.5192708333333333 0.08828125 0.134375
0 0.34296875 0.025520833333333333 0.1375 0.051041666666666666
0 0.399609375 0.06822916666666666 0.11015625 0.13645833333333332