0 0.70625 0.3723958333333333 0.11953125 0.15208333333333332
0 0.695703125 0.5072916666666667 0.109375 0.13229166666666667
0 0.17578125 0.29583333333333334 0.1296875 0.12916666666666668
0 0.519140625 0.44895833333333335 0.1 0.15208333333333332
0 0.4890625 0.6130208333333333 0.103125 0.16875
0 0.70625 0.3723958333333333 0.11953125 0.15208333333333332
0 0.695703125 0.5072916666666667 0.109375 0.13229166666666667
0 0.17578125 0.29583333333333334 0.1296875 0.12916666666666668
0 0.519140625 0.44895833333333335 0.1 0.15208333333333332
0 0.4875 0.6135416666666667 0.103125 0.16875
0 0.148046875 0.353125 0.15703125 0.11354166666666667
0 0.422265625 0.3828125 0.09765625 0.15104166666666666
0 0.354296875 0.5338541666666666 0.11171875 0.1375
0 0.805859375 0.34791666666666665 0.08984375 0.12708333333333333
0 0.072265625 0.2390625 0.0984375 0.13125
0 0.282421875 0.3703125 0.11953125 0.16666666666666666
0 0.66328125 0.22291666666666668 0.146875 0.15625