0 0.739453125 0.13645833333333332 0.1234375 0.18333333333333332
0 0.291796875 0.5072916666666667 0.084375 0.14791666666666667
0 0.35703125 0.5557291666666667 0.121875 0.1125
0 0.48828125 0.49114583333333334 0.09453125 0.17083333333333334
0 0.373046875 0.4510416666666667 0.09296875 0.11458333333333333
0 0.07109375 0.48385416666666664 0.1375 0.15208333333333332
0 0.191796875 0.5411458333333333 0.1390625 0.2
0 0.6234375 0.5807291666666666 0.14453125 0.21354166666666666
0 0.615234375 0.43125 0.11171875 0.13854166666666667
0 0.740234375 0.3697916666666667 0.16484375 0.15833333333333333
0 0.825 0.4744791666666667 0.146875 0.13333333333333333
0 0.866015625 0.5708333333333333 0.1609375 0.15
0 0.103515625 0.671875 0.1609375 0.16041666666666668