0 0.837890625 0.5291666666666667 0.15546875 0.20729166666666668
0 0.4640625 0.3927083333333333 0.12109375 0.16145833333333334
0 0.26171875 0.14427083333333332 0.128125 0.17083333333333334
0 0.725390625 0.7380208333333333 0.1703125 0.22708333333333333
0 0.827734375 0.8239583333333333 0.1625 0.21666666666666667
0 0.614453125 0.6260416666666667 0.15625 0.20833333333333334
0 0.401953125 0.30885416666666665 0.13203125 0.17604166666666668
0 0.35625 0.19739583333333333 0.14453125 0.19270833333333334
0 0.50625 0.4859375 0.14140625 0.18854166666666666
0 0.55625 0.4661458333333333 0.10390625 0.13854166666666667
0 0.691796875 0.9140625 0.20703125 0.171875
0 0.6125 0.8010416666666667 0.17890625 0.23854166666666668
0 0.205859375 0.23385416666666667 0.15078125 0.20104166666666667
0 0.30078125 0.353125 0.153125 0.20416666666666666