0 0.609765625 0.5041666666666667 0.13671875 0.1875
0 0.662890625 0.5776041666666667 0.12890625 0.18020833333333333
0 0.963671875 0.6104166666666667 0.07265625 0.20833333333333334
0 0.7765625 0.8916666666666667 0.15 0.20104166666666667
0 0.683203125 0.9630208333333333 0.16328125 0.07395833333333333
0 0.76171875 0.296875 0.15234375 0.209375
0 0.183203125 0.33229166666666665 0.171875 0.23125
0 0.340625 0.0828125 0.11796875 0.15833333333333333
0 0.297265625 0.21145833333333333 0.1453125 0.18958333333333333
0 0.221484375 0.1125 0.12890625 0.171875
0 0.3 0.0484375 0.10625 0.096875
0 0.073828125 0.4864583333333333 0.14765625 0.2625
0 0.413671875 0.6848958333333334 0.1453125 0.19895833333333332