0 0.694921875 0.140625 0.11328125 0.17395833333333333
0 0.36796875 0.48333333333333334 0.10703125 0.17916666666666667
0 0.265625 0.5005208333333333 0.13671875 0.16770833333333332
0 0.4484375 0.5364583333333334 0.10546875 0.12604166666666666
0 0.493359375 0.4505208333333333 0.0984375 0.17395833333333333
0 0.134375 0.5052083333333334 0.13984375 0.18958333333333333
0 0.48203125 0.6473958333333333 0.1234375 0.14895833333333333
0 0.853515625 0.3458333333333333 0.153125 0.14375
0 0.577734375 0.4161458333333333 0.1203125 0.21354166666666666
0 0.334765625 0.68125 0.15703125 0.19791666666666666
0 0.744140625 0.39010416666666664 0.11953125 0.16666666666666666
0 0.657421875 0.32395833333333335 0.12265625 0.16458333333333333
0 0.90078125 0.47760416666666666 0.16484375 0.17083333333333334