0 0.609375 0.49947916666666664 0.13515625 0.1875
0 0.746875 0.29375 0.15078125 0.21041666666666667
0 0.166015625 0.3385416666666667 0.17109375 0.23125
0 0.41875 0.6895833333333333 0.14375 0.19895833333333332
0 0.97265625 0.525 0.0546875 0.19583333333333333
0 0.7921875 0.884375 0.1453125 0.190625
0 0.2 0.11666666666666667 0.11953125 0.16354166666666667
0 0.2890625 0.050520833333333334 0.08125 0.10104166666666667
0 0.691015625 0.9682291666666667 0.12421875 0.06354166666666666
0 0.37109375 0.190625 0.146875 0.18854166666666666
0 0.33125 0.08541666666666667 0.08125 0.11354166666666667
0 0.28671875 0.16770833333333332 0.121875 0.1625
0 0.656640625 0.5682291666666667 0.09765625 0.13541666666666666
0 0.478515625 0.058854166666666666 0.11796875 0.11770833333333333