0 0.76328125 0.2677083333333333 0.10625 0.17708333333333334
0 0.83359375 0.31145833333333334 0.09921875 0.13125
0 0.442578125 0.35625 0.08984375 0.1375
0 0.381640625 0.42552083333333335 0.10625 0.13958333333333334
0 0.56875 0.4947916666666667 0.09765625 0.13854166666666667
0 0.516796875 0.3546875 0.103125 0.14375
0 0.146484375 0.53125 0.15859375 0.16875
0 0.73203125 0.6026041666666667 0.12578125 0.15104166666666666
0 0.665234375 0.509375 0.07734375 0.08958333333333333
0 0.476953125 0.46822916666666664 0.084375 0.11458333333333333
0 0.21171875 0.35625 0.1671875 0.15520833333333334
0 0.80859375 0.6364583333333333 0.109375 0.13541666666666666
0 0.114453125 0.425 0.14140625 0.13333333333333333
0 0.080859375 0.3338541666666667 0.13125 0.13229166666666667
0 0.669921875 0.4515625 0.10546875 0.125
0 0.628515625 0.6567708333333333 0.11640625 0.15625
0 0.873828125 0.73125 0.125 0.14583333333333334
0 0.716796875 0.6953125 0.1203125 0.13958333333333334