0 0.569921875 0.3875 0.09921875 0.17395833333333333
0 0.643359375 0.36822916666666666 0.084375 0.18020833333333333
0 0.90078125 0.4510416666666667 0.1234375 0.16875
0 0.542578125 0.10208333333333333 0.11015625 0.196875
0 0.193359375 0.7322916666666667 0.13671875 0.2
0 0.10703125 0.5421875 0.10625 0.14479166666666668
0 0.55625 0.7052083333333333 0.1078125 0.18229166666666666
0 0.86953125 0.049479166666666664 0.1109375 0.09895833333333333
0 0.190234375 0.22239583333333332 0.13984375 0.196875
0 0.194921875 0.5322916666666667 0.109375 0.15
0 0.171484375 0.4234375 0.0859375 0.146875
0 0.096484375 0.4375 0.071875 0.11354166666666667
0 0.15625 0.946875 0.16875 0.10625
0 0.04375 0.23489583333333333 0.0875 0.14479166666666668
0 0.10703125 0.2171875 0.06015625 0.11041666666666666
0 0.975390625 0.6333333333333333 0.04921875 0.16875