0 0.629296875 0.2552083333333333 0.125 0.16979166666666667
0 0.7109375 0.20208333333333334 0.10078125 0.153125
0 0.680859375 0.40677083333333336 0.14296875 0.21458333333333332
0 0.04453125 0.5635416666666667 0.0890625 0.18958333333333333
0 0.11875 0.490625 0.14453125 0.14791666666666667
0 0.305859375 0.4661458333333333 0.1234375 0.16458333333333333
0 0.233203125 0.5776041666666667 0.13984375 0.19583333333333333
0 0.14140625 0.6395833333333333 0.1203125 0.153125
0 0.410546875 0.5677083333333334 0.134375 0.18854166666666666
0 0.176171875 0.7296875 0.1875 0.165625
0 0.479296875 0.440625 0.11640625 0.215625