0 0.53359375 0.07760416666666667 0.1546875 0.15520833333333334
0 0.41796875 0.5442708333333334 0.1203125 0.1625
0 0.225 0.8046875 0.1296875 0.16875
0 0.686328125 0.2078125 0.1703125 0.22604166666666667
0 0.383203125 0.7453125 0.14140625 0.18645833333333334
0 0.312109375 0.8677083333333333 0.1515625 0.19895833333333332
0 0.754296875 0.09114583333333333 0.16328125 0.18229166666666666
0 0.5984375 0.35208333333333336 0.15546875 0.209375
0 0.353125 0.6234375 0.13125 0.17708333333333334
0 0.26796875 0.6807291666666667 0.1453125 0.19166666666666668
0 0.515234375 0.5182291666666666 0.14140625 0.18854166666666666
0 0.4765625 0.4239583333333333 0.10390625 0.13854166666666667
0 0.875 0.2453125 0.2078125 0.275
0 0.7296875 0.36041666666666666 0.1796875 0.2375