0 0.58671875 0.07083333333333333 0.1296875 0.14166666666666666
0 0.616796875 0.2989583333333333 0.1046875 0.13854166666666667
0 0.82421875 0.1328125 0.178125 0.22291666666666668
0 0.344921875 0.5645833333333333 0.128125 0.165625
0 0.850390625 0.3177083333333333 0.1796875 0.21145833333333333
0 0.72265625 0.23541666666666666 0.1484375 0.196875
0 0.42109375 0.49322916666666666 0.13671875 0.1875
0 0.322265625 0.7177083333333333 0.15859375 0.1875
0 0.191015625 0.8682291666666667 0.16796875 0.20416666666666666
0 0.191796875 0.7494791666666667 0.13515625 0.16979166666666667
0 0.2625 0.6536458333333334 0.128125 0.16041666666666668
0 0.494140625 0.42552083333333335 0.13125 0.20520833333333333
0 0.65390625 0.3880208333333333 0.17734375 0.22604166666666667
0 0.452734375 0.6401041666666667 0.15390625 0.2