0 0.558984375 0.4828125 0.0921875 0.13229166666666667
0 0.713671875 0.571875 0.1109375 0.13020833333333334
0 0.734765625 0.234375 0.09921875 0.175
0 0.811328125 0.25416666666666665 0.0640625 0.10416666666666667
0 0.797265625 0.6130208333333333 0.0984375 0.12604166666666666
0 0.32109375 0.41875 0.1109375 0.12916666666666668
0 0.61640625 0.640625 0.10859375 0.14479166666666668
0 0.480078125 0.3296875 0.1078125 0.16145833333333334
0 0.177734375 0.48802083333333335 0.1484375 0.13541666666666666
0 0.401953125 0.3333333333333333 0.1015625 0.15
0 0.851171875 0.7026041666666667 0.1140625 0.14895833333333333
0 0.453515625 0.44583333333333336 0.08671875 0.10729166666666666
0 0.717578125 0.353125 0.12421875 0.13125
0 0.661328125 0.4354166666666667 0.07890625 0.09166666666666666
0 0.658203125 0.4901041666666667 0.0625 0.07083333333333333
0 0.698828125 0.6838541666666667 0.09453125 0.12291666666666666