0 0.533203125 0.4197916666666667 0.11328125 0.15208333333333332
0 0.593359375 0.3177083333333333 0.08203125 0.10729166666666666
0 0.558984375 0.28177083333333336 0.11328125 0.14895833333333333
0 0.671484375 0.315625 0.125 0.16458333333333333
0 0.308203125 0.7385416666666667 0.15078125 0.196875
0 0.659765625 0.44583333333333336 0.13046875 0.17291666666666666
0 0.858203125 0.190625 0.14921875 0.196875
0 0.740625 0.35833333333333334 0.14140625 0.18541666666666667
0 0.751171875 0.24479166666666666 0.12265625 0.16458333333333333
0 0.3453125 0.8916666666666667 0.1484375 0.19479166666666667
0 0.415234375 0.40989583333333335 0.13203125 0.17708333333333334
0 0.236328125 0.9265625 0.13515625 0.146875
0 0.487890625 0.090625 0.13515625 0.18125
0 0.366015625 0.49583333333333335 0.1125 0.15104166666666666
0 0.44453125 0.5359375 0.09609375 0.12916666666666668
0 0.353515625 0.6197916666666666 0.1234375 0.165625
0 0.53046875 0.0421875 0.08125 0.084375