0 0.780859375 0.3229166666666667 0.11796875 0.18854166666666666
0 0.84765625 0.3890625 0.12578125 0.17083333333333334
0 0.77734375 0.6609375 0.10703125 0.1375
0 0.3234375 0.515625 0.12421875 0.159375
0 0.6890625 0.7359375 0.17578125 0.203125
0 0.212890625 0.3927083333333333 0.14296875 0.18958333333333333
0 0.30625 0.3796875 0.13515625 0.15833333333333333
0 0.40625 0.43697916666666664 0.125 0.178125
0 0.858203125 0.8072916666666666 0.17265625 0.19166666666666668
0 0.214453125 0.24322916666666666 0.1640625 0.19166666666666668
0 0.714453125 0.5598958333333334 0.1328125 0.19479166666666667
0 0.615234375 0.521875 0.1203125 0.178125
0 0.86171875 0.6328125 0.159375 0.17708333333333334
0 0.43203125 0.5942708333333333 0.10859375 0.15833333333333333
0 0.508203125 0.521875 0.1265625 0.19270833333333334