0 0.681640625 0.6119791666666666 0.14296875 0.1875
0 0.831640625 0.49583333333333335 0.16796875 0.22291666666666668
0 0.58359375 0.5390625 0.14140625 0.18958333333333333
0 0.503125 0.6786458333333333 0.14375 0.19270833333333334
0 0.366796875 0.4078125 0.15546875 0.20416666666666666
0 0.301953125 0.2703125 0.14140625 0.18958333333333333
0 0.4984375 0.46145833333333336 0.13046875 0.18020833333333333
0 0.419921875 0.3078125 0.1296875 0.17083333333333334
0 0.752734375 0.7822916666666667 0.14453125 0.19270833333333334
0 0.25703125 0.1421875 0.16015625 0.21145833333333333
0 0.615625 0.8328125 0.17265625 0.22708333333333333
0 0.86171875 0.8052083333333333 0.17109375 0.22083333333333333
0 0.64453125 0.7307291666666667 0.153125 0.196875
0 0.141796875 0.2015625 0.171875 0.221875