0 0.309765625 0.2994791666666667 0.125 0.1625
0 0.3390625 0.11875 0.1078125 0.128125
0 0.553515625 0.6265625 0.1109375 0.17604166666666668
0 0.68984375 0.9307291666666667 0.1109375 0.13854166666666667
0 0.787890625 0.9161458333333333 0.1203125 0.16666666666666666
0 0.9046875 0.9614583333333333 0.1140625 0.07708333333333334
0 0.178515625 0.8119791666666667 0.109375 0.14375
0 0.789453125 0.9838541666666667 0.11171875 0.03229166666666667
0 0.322265625 0.840625 0.08125 0.16666666666666666
0 0.26171875 0.8786458333333333 0.07421875 0.15208333333333332
0 0.3984375 0.8171875 0.07890625 0.14270833333333333
0 0.410546875 0.9375 0.0953125 0.09583333333333334
0 0.53671875 0.9432291666666667 0.06875 0.11354166666666667
0 0.56484375 0.815625 0.10078125 0.17604166666666668