0 0.807421875 0.2947916666666667 0.1203125 0.18229166666666666
0 0.152734375 0.06614583333333333 0.090625 0.115625
0 0.35390625 0.56875 0.1109375 0.11770833333333333
0 0.371875 0.47552083333333334 0.1046875 0.13229166666666667
0 0.484765625 0.4505208333333333 0.09296875 0.11458333333333333
0 0.5625 0.5473958333333333 0.08828125 0.11770833333333333
0 0.623828125 0.4713541666666667 0.1015625 0.134375
0 0.70859375 0.4979166666666667 0.09921875 0.12916666666666668
0 0.715234375 0.7458333333333333 0.11171875 0.14895833333333333
0 0.815234375 0.48072916666666665 0.13984375 0.171875
0 0.15546875 0.48020833333333335 0.153125 0.14375
0 0.79921875 0.6046875 0.13046875 0.140625
0 0.925 0.6130208333333333 0.1453125 0.134375
0 0.689453125 0.609375 0.10078125 0.12083333333333333
0 0.447265625 0.5697916666666667 0.1 0.13541666666666666
0 0.141796875 0.325 0.196875 0.16875
0 0.774609375 0.7125 0.12109375 0.14166666666666666