0 0.62109375 0.7010416666666667 0.07265625 0.103125
0 0.928515625 0.6744791666666666 0.1046875 0.13541666666666666
0 0.546484375 0.7088541666666667 0.0921875 0.12708333333333333
0 0.86875 0.03958333333333333 0.0984375 0.07916666666666666
0 0.12265625 0.7552083333333334 0.11484375 0.11979166666666667
0 0.183984375 0.19322916666666667 0.15625 0.15729166666666666
0 0.519921875 0.5109375 0.08046875 0.12604166666666666
0 0.62109375 0.7010416666666667 0.07265625 0.103125
0 0.928515625 0.6744791666666666 0.1046875 0.13541666666666666
0 0.546484375 0.7088541666666667 0.0921875 0.12708333333333333
0 0.86875 0.03958333333333333 0.0984375 0.07916666666666666
0 0.12265625 0.7552083333333334 0.11484375 0.11979166666666667
0 0.635546875 0.375 0.09921875 0.153125
0 0.183984375 0.19322916666666667 0.15625 0.15729166666666666
0 0.519921875 0.5109375 0.08046875 0.12604166666666666