0 0.389453125 0.3333333333333333 0.121875 0.17395833333333333
0 0.562890625 0.6098958333333333 0.11875 0.18125
0 0.476171875 0.7041666666666667 0.1171875 0.16666666666666666
0 0.72578125 0.47604166666666664 0.14140625 0.184375
0 0.805859375 0.5260416666666666 0.09765625 0.14895833333333333
0 0.210546875 0.17083333333333334 0.1375 0.165625
0 0.31015625 0.2140625 0.115625 0.15
0 0.5015625 0.4140625 0.10703125 0.15208333333333332
0 0.4265625 0.5760416666666667 0.13984375 0.19479166666666667
0 0.665625 0.6057291666666667 0.13515625 0.18854166666666666
0 0.2765625 0.2916666666666667 0.14453125 0.16666666666666666