0 0.79921875 0.23020833333333332 0.1140625 0.17291666666666666
0 0.38671875 0.4083333333333333 0.0875 0.10625
0 0.624609375 0.4734375 0.1046875 0.128125
0 0.488671875 0.509375 0.09453125 0.18020833333333333
0 0.366796875 0.5255208333333333 0.1140625 0.109375
0 0.58359375 0.6484375 0.11796875 0.165625
0 0.051171875 0.3765625 0.09609375 0.10729166666666666
0 0.272265625 0.4947916666666667 0.08671875 0.14270833333333333
0 0.155078125 0.4114583333333333 0.1484375 0.16145833333333334
0 0.696484375 0.4479166666666667 0.12109375 0.128125
0 0.75546875 0.5588541666666667 0.1234375 0.125
0 0.8640625 0.5104166666666666 0.15625 0.14166666666666666
0 0.089453125 0.5333333333333333 0.1765625 0.13229166666666667
0 0.76796875 0.6713541666666667 0.15234375 0.134375