0 0.7046875 0.36875 0.11875 0.15
0 0.6875 0.5125 0.10859375 0.13125
0 0.7046875 0.36875 0.11875 0.15
0 0.6875 0.5125 0.10859375 0.13125
0 0.80390625 0.3416666666666667 0.0890625 0.125
0 0.10234375 0.2635416666666667 0.15859375 0.13333333333333333
0 0.0875 0.3380208333333333 0.1546875 0.115625
0 0.35546875 0.34739583333333335 0.11171875 0.14583333333333334
0 0.461328125 0.3932291666666667 0.08359375 0.12395833333333334
0 0.471484375 0.5609375 0.10390625 0.17291666666666666
0 0.551953125 0.6119791666666666 0.08984375 0.14791666666666667
0 0.221875 0.3489583333333333 0.1515625 0.1375
0 0.3328125 0.5317708333333333 0.15390625 0.17291666666666666