0 0.705859375 0.1765625 0.096875 0.16354166666666667
0 0.776953125 0.20052083333333334 0.04609375 0.14479166666666668
0 0.830859375 0.2125 0.07109375 0.13541666666666666
0 0.635546875 0.4354166666666667 0.090625 0.15
0 0.5625 0.5510416666666667 0.08984375 0.14895833333333333
0 0.804296875 0.5604166666666667 0.13046875 0.12083333333333333
0 0.215625 0.40572916666666664 0.109375 0.12291666666666666
0 0.812109375 0.4401041666666667 0.1171875 0.11770833333333333
0 0.727734375 0.5182291666666666 0.09453125 0.14583333333333334
0 0.302734375 0.42864583333333334 0.0828125 0.15104166666666666
0 0.079296875 0.44635416666666666 0.14765625 0.125
0 0.35546875 0.38645833333333335 0.08125 0.153125
0 0.92890625 0.4088541666666667 0.1 0.146875
0 0.31953125 0.5916666666666667 0.12109375 0.16041666666666668
0 0.42734375 0.5197916666666667 0.10078125 0.15520833333333334
0 0.53828125 0.4010416666666667 0.0921875 0.13958333333333334
0 0.417578125 0.35260416666666666 0.08671875 0.15
0 0.09609375 0.6119791666666666 0.171875 0.14375