0 0.59609375 0.08541666666666667 0.1359375 0.17083333333333334
0 0.759765625 0.22447916666666667 0.1328125 0.19270833333333334
0 0.8171875 0.1375 0.13671875 0.19270833333333334
0 0.422265625 0.7067708333333333 0.15234375 0.215625
0 0.3421875 0.559375 0.11328125 0.15625
0 0.417578125 0.48125 0.13125 0.18958333333333333
0 0.661328125 0.27708333333333335 0.153125 0.20520833333333333
0 0.53046875 0.5020833333333333 0.1296875 0.17708333333333334
0 0.540625 0.3572916666666667 0.10859375 0.14375
0 0.606640625 0.5822916666666667 0.14296875 0.184375
0 0.169921875 0.6473958333333333 0.19375 0.2520833333333333