0 0.340625 0.5671875 0.12890625 0.17708333333333334
0 0.575390625 0.21510416666666668 0.14609375 0.19270833333333334
0 0.6421875 0.1375 0.10546875 0.14895833333333333
0 0.156640625 0.71875 0.13828125 0.17708333333333334
0 0.226171875 0.6145833333333334 0.11875 0.15729166666666666
0 0.441796875 0.4635416666666667 0.11328125 0.15416666666666667
0 0.521875 0.6208333333333333 0.14765625 0.2
0 0.640625 0.3203125 0.13125 0.171875
0 0.249609375 0.6734375 0.13203125 0.16354166666666667
0 0.578125 0.46510416666666665 0.12734375 0.17916666666666667
0 0.620703125 0.5916666666666667 0.134375 0.1875