0 0.634765625 0.12708333333333333 0.09453125 0.17916666666666667
0 0.71953125 0.11979166666666667 0.109375 0.153125
0 0.54765625 0.4354166666666667 0.0875 0.16041666666666668
0 0.600390625 0.39427083333333335 0.08359375 0.14166666666666666
0 0.465625 0.5229166666666667 0.09765625 0.140625
0 0.16953125 0.5385416666666667 0.19609375 0.16458333333333333
0 0.678515625 0.41354166666666664 0.0984375 0.12604166666666666
0 0.76953125 0.31875 0.146875 0.13958333333333334
0 0.428515625 0.6598958333333333 0.14140625 0.18541666666666667
0 0.822265625 0.46145833333333336 0.17265625 0.184375
0 0.6671875 0.525 0.12578125 0.18020833333333333
0 0.298828125 0.5963541666666666 0.128125 0.16770833333333332
0 0.16484375 0.6536458333333334 0.1625 0.15416666666666667
0 0.281640625 0.4625 0.11953125 0.15520833333333334