0 0.6046875 0.5135416666666667 0.14765625 0.20104166666666667
0 0.673828125 0.590625 0.146875 0.20104166666666667
0 0.777734375 0.8901041666666667 0.146875 0.196875
0 0.408203125 0.6817708333333333 0.13203125 0.18020833333333333
0 0.756640625 0.30885416666666665 0.146875 0.19895833333333332
0 0.65859375 0.9708333333333333 0.1296875 0.058333333333333334
0 0.30234375 0.06770833333333333 0.153125 0.13541666666666666
0 0.283203125 0.19114583333333332 0.12890625 0.17083333333333334
0 0.218359375 0.12291666666666666 0.12109375 0.16041666666666668
0 0.523046875 0.15520833333333334 0.09140625 0.121875
0 0.173828125 0.33125 0.1671875 0.22395833333333334
0 0.053125 0.5135416666666667 0.10625 0.2125
0 0.640234375 0.271875 0.17109375 0.23020833333333332
0 0.966015625 0.58125 0.06796875 0.21041666666666667
0 0.409375 0.2671875 0.190625 0.25104166666666666