0 0.721875 0.16979166666666667 0.103125 0.16458333333333333
0 0.369921875 0.46510416666666665 0.096875 0.17083333333333334
0 0.266796875 0.46770833333333334 0.128125 0.15416666666666667
0 0.44609375 0.5291666666666667 0.09921875 0.11458333333333333
0 0.497265625 0.45 0.0875 0.165625
0 0.67890625 0.34427083333333336 0.1109375 0.15208333333333332
0 0.1359375 0.45416666666666666 0.1296875 0.17708333333333334
0 0.303125 0.65625 0.178125 0.18854166666666666
0 0.47109375 0.6442708333333333 0.115625 0.1375
0 0.740234375 0.4552083333333333 0.12734375 0.15104166666666666
0 0.906640625 0.5380208333333333 0.17109375 0.134375
0 0.863671875 0.3958333333333333 0.14765625 0.12708333333333333
0 0.583984375 0.4276041666666667 0.1078125 0.20520833333333333