0 0.60078125 0.4421875 0.1078125 0.18020833333333333
0 0.672265625 0.4703125 0.09375 0.184375
0 0.8734375 0.6984375 0.13046875 0.178125
0 0.83671875 0.8791666666666667 0.1359375 0.203125
0 0.67265625 0.1703125 0.11953125 0.203125
0 0.146875 0.5208333333333334 0.1453125 0.209375
0 0.126953125 0.31302083333333336 0.11171875 0.15208333333333332
0 0.480078125 0.7166666666666667 0.11640625 0.18854166666666666
0 0.965625 0.2864583333333333 0.06875 0.18125
0 0.216015625 0.35833333333333334 0.12109375 0.16875
0 0.161328125 0.1796875 0.09609375 0.13541666666666666
0 0.06171875 0.653125 0.1234375 0.1875
0 0.028515625 0.7713541666666667 0.05703125 0.140625
0 0.194921875 0.027604166666666666 0.15703125 0.05520833333333333
0 0.409375 0.0796875 0.1484375 0.159375