0 0.609375 0.4942708333333333 0.13359375 0.18854166666666666
0 0.668359375 0.55625 0.125 0.18333333333333332
0 0.75 0.2755208333333333 0.14921875 0.21145833333333333
0 0.16875 0.3489583333333333 0.16953125 0.23020833333333332
0 0.214453125 0.13697916666666668 0.12734375 0.17083333333333334
0 0.4234375 0.6927083333333334 0.1421875 0.2
0 0.972265625 0.5364583333333334 0.05546875 0.19583333333333333
0 0.479296875 0.043229166666666666 0.17109375 0.08645833333333333
0 0.27890625 0.221875 0.1328125 0.178125
0 0.7984375 0.865625 0.1453125 0.18854166666666666
0 0.327734375 0.09791666666666667 0.11875 0.159375
0 0.2765625 0.05 0.096875 0.1
0 0.039453125 0.49270833333333336 0.07890625 0.24166666666666667