0 0.3578125 0.5447916666666667 0.11171875 0.14791666666666667
0 0.3984375 0.6625 0.1203125 0.16666666666666666
0 0.4546875 0.54375 0.109375 0.15729166666666666
0 0.184375 0.8338541666666667 0.178125 0.19270833333333334
0 0.31015625 0.7692708333333333 0.12265625 0.14479166666666668
0 0.47578125 0.45677083333333335 0.10546875 0.1625
0 0.755859375 0.42552083333333335 0.1390625 0.16666666666666666
0 0.72265625 0.5296875 0.140625 0.18645833333333334
0 0.621875 0.22447916666666667 0.1328125 0.17083333333333334
0 0.51640625 0.36822916666666666 0.103125 0.1375
0 0.275 0.6927083333333334 0.13046875 0.16145833333333334
0 0.570703125 0.4505208333333333 0.10625 0.13333333333333333
0 0.767578125 0.2265625 0.1703125 0.20833333333333334
0 0.0390625 0.4817708333333333 0.078125 0.14479166666666668
0 0.64921875 0.346875 0.13125 0.16979166666666667
0 0.62109375 0.08385416666666666 0.1390625 0.16770833333333332