0 0.600390625 0.22864583333333333 0.14296875 0.1875
0 0.673828125 0.16302083333333334 0.10078125 0.14895833333333333
0 0.655078125 0.34375 0.12890625 0.16666666666666666
0 0.1515625 0.6135416666666667 0.14453125 0.175
0 0.4015625 0.6390625 0.13984375 0.17604166666666668
0 0.490625 0.44427083333333334 0.12734375 0.17708333333333334
0 0.269921875 0.5604166666666667 0.14296875 0.19375
0 0.54296875 0.5911458333333334 0.134375 0.19270833333333334
0 0.600390625 0.22864583333333333 0.14296875 0.1875
0 0.673828125 0.16302083333333334 0.10078125 0.14895833333333333
0 0.655078125 0.34375 0.12890625 0.16666666666666666
0 0.1515625 0.6135416666666667 0.14453125 0.175
0 0.4015625 0.6390625 0.13984375 0.17604166666666668
0 0.490625 0.44427083333333334 0.12734375 0.17708333333333334
0 0.269921875 0.5604166666666667 0.14296875 0.19375
0 0.54296875 0.5911458333333334 0.134375 0.19270833333333334
0 0.0625 0.6880208333333333 0.125 0.16979166666666667
0 0.154296875 0.6869791666666667 0.1609375 0.17708333333333334
0 0.384375 0.4739583333333333 0.125 0.175