0 0.569921875 0.2140625 0.1375 0.184375
0 0.636328125 0.13177083333333334 0.11484375 0.16041666666666668
0 0.653515625 0.3375 0.16328125 0.22604166666666667
0 0.27421875 0.5572916666666666 0.14453125 0.19791666666666666
0 0.338671875 0.7057291666666666 0.11484375 0.15
0 0.103515625 0.6703125 0.121875 0.15520833333333334
0 0.183203125 0.6114583333333333 0.19453125 0.25833333333333336
0 0.203515625 0.8151041666666666 0.17578125 0.21979166666666666
0 0.3515625 0.4875 0.1046875 0.13541666666666666
0 0.289453125 0.3541666666666667 0.13828125 0.18541666666666667
0 0.1546875 0.3625 0.16640625 0.22395833333333334