0 0.24140625 0.07760416666666667 0.10390625 0.15104166666666666
0 0.60859375 0.48333333333333334 0.1296875 0.18854166666666666
0 0.670703125 0.5479166666666667 0.1203125 0.18541666666666667
0 0.971875 0.465625 0.05625 0.20625
0 0.81484375 0.8375 0.146875 0.19791666666666666
0 0.73828125 0.9447916666666667 0.1578125 0.11041666666666666
0 0.09609375 0.659375 0.15546875 0.20416666666666666
0 0.302734375 0.12604166666666666 0.1109375 0.146875
0 0.20546875 0.7416666666666667 0.159375 0.21666666666666667
0 0.18515625 0.3770833333333333 0.16484375 0.22604166666666667
0 0.7375 0.25052083333333336 0.14453125 0.21145833333333333
0 0.1859375 0.17135416666666667 0.115625 0.16145833333333334
0 0.259375 0.24270833333333333 0.13671875 0.19270833333333334