0 0.68046875 0.12708333333333333 0.11796875 0.178125
0 0.367578125 0.49270833333333336 0.1125 0.18229166666666666
0 0.45 0.5395833333333333 0.1078125 0.13020833333333334
0 0.49140625 0.4510416666666667 0.103125 0.17604166666666668
0 0.48828125 0.6479166666666667 0.1265625 0.15520833333333334
0 0.57421875 0.4109375 0.1265625 0.21770833333333334
0 0.650390625 0.31302083333333336 0.1265625 0.16979166666666667
0 0.823828125 0.2994791666666667 0.1328125 0.17291666666666666
0 0.739453125 0.346875 0.10078125 0.19375
0 0.15 0.5552083333333333 0.153125 0.21354166666666666
0 0.270703125 0.534375 0.1484375 0.20104166666666667
0 0.02265625 0.384375 0.0453125 0.17083333333333334
0 0.0890625 0.38645833333333335 0.09375 0.14583333333333334
0 0.3234375 0.6807291666666667 0.1484375 0.175