0 0.555859375 0.20677083333333332 0.14609375 0.19479166666666667
0 0.628125 0.31666666666666665 0.13125 0.17395833333333333
0 0.555859375 0.20677083333333332 0.14609375 0.19479166666666667
0 0.628125 0.31666666666666665 0.13125 0.17395833333333333
0 0.60390625 0.08802083333333334 0.115625 0.15520833333333334
0 0.281640625 0.6609375 0.15390625 0.203125
0 0.119140625 0.7380208333333333 0.1765625 0.23229166666666667
0 0.444921875 0.44375 0.1265625 0.17083333333333334
0 0.54765625 0.5651041666666666 0.1296875 0.17291666666666666
0 0.177734375 0.84375 0.16953125 0.21979166666666666
0 0.4265625 0.6604166666666667 0.1484375 0.19583333333333333
0 0.599609375 0.6526041666666667 0.13984375 0.1875
0 0.378125 0.5453125 0.13046875 0.17395833333333333
0 0.480078125 0.9421875 0.14453125 0.115625