0 0.811328125 0.3104166666666667 0.1265625 0.19583333333333333
0 0.6453125 0.5395833333333333 0.128125 0.19791666666666666
0 0.537890625 0.4348958333333333 0.08828125 0.12604166666666666
0 0.70234375 0.7041666666666667 0.1640625 0.19375
0 0.758984375 0.5473958333333333 0.13125 0.16145833333333334
0 0.872265625 0.5770833333333333 0.13671875 0.16354166666666667
0 0.48828125 0.5135416666666667 0.10234375 0.14583333333333334
0 0.8234375 0.7895833333333333 0.18203125 0.21875
0 0.4296875 0.4395833333333333 0.10234375 0.1875
0 0.305859375 0.39947916666666666 0.125 0.1625
0 0.230859375 0.28802083333333334 0.15546875 0.146875
0 0.2078125 0.4703125 0.1484375 0.175