0 0.66484375 0.2947916666666667 0.11015625 0.15
0 0.753125 0.265625 0.084375 0.140625
0 0.682421875 0.4359375 0.121875 0.19583333333333333
0 0.28203125 0.4046875 0.10859375 0.16979166666666667
0 0.09140625 0.39166666666666666 0.10703125 0.11354166666666667
0 0.182421875 0.3932291666666667 0.1578125 0.20729166666666668
0 0.127734375 0.5833333333333334 0.16171875 0.15104166666666666
0 0.299609375 0.53125 0.1140625 0.12395833333333334
0 0.358984375 0.4390625 0.09765625 0.15104166666666666
0 0.24453125 0.14010416666666667 0.17578125 0.21145833333333333
0 0.08671875 0.19010416666666666 0.16171875 0.203125