0 0.567578125 0.48385416666666664 0.0890625 0.12916666666666668
0 0.66484375 0.4822916666666667 0.0734375 0.08125
0 0.664453125 0.4239583333333333 0.09921875 0.11354166666666667
0 0.715625 0.5619791666666667 0.109375 0.12604166666666666
0 0.240234375 0.4515625 0.13515625 0.146875
0 0.631640625 0.6296875 0.1109375 0.1375
0 0.905859375 0.6770833333333334 0.128125 0.153125
0 0.733984375 0.6604166666666667 0.1234375 0.14166666666666666
0 0.80703125 0.5994791666666667 0.0984375 0.13854166666666667
0 0.49921875 0.35520833333333335 0.10625 0.14791666666666667
0 0.7328125 0.2296875 0.09609375 0.17291666666666666
0 0.41796875 0.35833333333333334 0.0875 0.13125
0 0.44453125 0.46458333333333335 0.07421875 0.11145833333333334
0 0.337890625 0.42291666666666666 0.09765625 0.14166666666666666
0 0.7921875 0.24583333333333332 0.059375 0.10208333333333333
0 0.144921875 0.5682291666666667 0.146875 0.125