0 0.912109375 0.359375 0.15546875 0.16354166666666667
0 0.519140625 0.4296875 0.08125 0.19791666666666666
0 0.6203125 0.4083333333333333 0.09765625 0.10625
0 0.21171875 0.5109375 0.128125 0.11875
0 0.628125 0.4973958333333333 0.128125 0.140625
0 0.750390625 0.4453125 0.1421875 0.19583333333333333
0 0.723828125 0.165625 0.109375 0.18125
0 0.366796875 0.6010416666666667 0.10625 0.14791666666666667
0 0.207421875 0.6234375 0.13984375 0.109375
0 0.408203125 0.4515625 0.09921875 0.14791666666666667
0 0.3109375 0.465625 0.1125 0.14479166666666668
0 0.869140625 0.5484375 0.13125 0.140625