0 0.602734375 0.471875 0.13046875 0.20104166666666667
0 0.688671875 0.5197916666666667 0.12734375 0.203125
0 0.850390625 0.7645833333333333 0.13671875 0.1875
0 0.45234375 0.709375 0.115625 0.18020833333333333
0 0.852734375 0.9604166666666667 0.08359375 0.07916666666666666
0 0.705078125 0.2140625 0.13046875 0.196875
0 0.766796875 0.9302083333333333 0.12109375 0.13958333333333334
0 0.222265625 0.15885416666666666 0.1515625 0.18020833333333333
0 0.226953125 0.29010416666666666 0.1234375 0.15729166666666666
0 0.1359375 0.08802083333333334 0.0875 0.12291666666666666
0 0.151953125 0.24114583333333334 0.11484375 0.15
0 0.3953125 0.08020833333333334 0.08515625 0.115625
0 0.065625 0.6927083333333334 0.13125 0.19791666666666666
0 0.4828125 0.15104166666666666 0.1375 0.19583333333333333
0 0.273046875 0.6572916666666667 0.1828125 0.27395833333333336
0 0.14765625 0.4739583333333333 0.15625 0.2125
0 0.96953125 0.3921875 0.0609375 0.18645833333333334