0 0.594140625 0.4484375 0.09375 0.16875
0 0.671484375 0.4708333333333333 0.09453125 0.16041666666666668
0 0.665625 0.21458333333333332 0.1125 0.19895833333333332
0 0.88984375 0.6578125 0.13515625 0.19895833333333332
0 0.846484375 0.8583333333333333 0.12734375 0.17291666666666666
0 0.92265625 0.8713541666666667 0.07265625 0.15625
0 0.488671875 0.6958333333333333 0.10078125 0.16458333333333333
0 0.215234375 0.3963541666666667 0.09921875 0.15833333333333333
0 0.114453125 0.3359375 0.11328125 0.16979166666666667
0 0.156640625 0.20729166666666668 0.0953125 0.12083333333333333
0 0.283203125 0.2947916666666667 0.16015625 0.15729166666666666
0 0.15625 0.5786458333333333 0.14453125 0.20833333333333334
0 0.334765625 0.09635416666666667 0.09375 0.1375
0 0.084765625 0.7963541666666667 0.1625 0.209375
0 0.11796875 0.04895833333333333 0.1140625 0.09791666666666667
0 0.19453125 0.04739583333333333 0.08125 0.09479166666666666
0 0.956640625 0.23854166666666668 0.08671875 0.19583333333333333
0 0.2484375 0.04010416666666667 0.1328125 0.08020833333333334