0 0.47421875 0.340625 0.10390625 0.146875
0 0.5671875 0.5203125 0.11015625 0.15
0 0.657421875 0.5697916666666667 0.08203125 0.103125
0 0.6734375 0.515625 0.1125 0.14375
0 0.68046875 0.6692708333333334 0.12421875 0.15833333333333333
0 0.275390625 0.31979166666666664 0.15078125 0.18958333333333333
0 0.5828125 0.6927083333333334 0.12890625 0.16770833333333332
0 0.858203125 0.4453125 0.11953125 0.15
0 0.821875 0.8723958333333334 0.14765625 0.190625
0 0.668359375 0.7692708333333333 0.140625 0.17916666666666667
0 0.753125 0.7515625 0.11953125 0.1625
0 0.17578125 0.40572916666666664 0.1484375 0.18645833333333334
0 0.541796875 0.36666666666666664 0.12890625 0.17395833333333333
0 0.109765625 0.2833333333333333 0.13515625 0.16770833333333332
0 0.792578125 0.37135416666666665 0.128125 0.1875
0 0.36640625 0.37447916666666664 0.128125 0.16979166666666667
0 0.472265625 0.4432291666666667 0.0921875 0.13229166666666667