0 0.73125 0.103125 0.146875 0.19583333333333333
0 0.850390625 0.2703125 0.19609375 0.26145833333333335
0 0.17890625 0.7994791666666666 0.14296875 0.18958333333333333
0 0.296484375 0.8432291666666667 0.15859375 0.209375
0 0.543359375 0.06875 0.15859375 0.1375
0 0.39140625 0.5421875 0.12890625 0.171875
0 0.337109375 0.6546875 0.1515625 0.203125
0 0.265234375 0.7348958333333333 0.13515625 0.18020833333333333
0 0.44609375 0.6354166666666666 0.13828125 0.18229166666666666
0 0.525390625 0.42864583333333334 0.146875 0.196875
0 0.730078125 0.36875 0.17578125 0.234375
0 0.63515625 0.27447916666666666 0.15078125 0.20104166666666667