0 0.832421875 0.5145833333333333 0.14296875 0.19166666666666668
0 0.3078125 0.121875 0.196875 0.24375
0 0.8171875 0.7645833333333333 0.1640625 0.221875
0 0.471875 0.4671875 0.1203125 0.16041666666666668
0 0.436328125 0.34479166666666666 0.14140625 0.190625
0 0.36875 0.24114583333333334 0.1546875 0.20520833333333333
0 0.397265625 0.5609375 0.15 0.19895833333333332
0 0.555859375 0.48020833333333335 0.1234375 0.16458333333333333
0 0.726953125 0.6625 0.17265625 0.23229166666666667
0 0.63359375 0.5802083333333333 0.1640625 0.22291666666666668
0 0.286328125 0.40260416666666665 0.1953125 0.25729166666666664