0 0.60703125 0.46875 0.1234375 0.1875
0 0.67265625 0.5401041666666667 0.11171875 0.18645833333333334
0 0.83828125 0.7901041666666667 0.1421875 0.19270833333333334
0 0.77578125 0.925 0.1515625 0.15
0 0.716796875 0.22083333333333333 0.1375 0.21041666666666667
0 0.163671875 0.4421875 0.1609375 0.22395833333333334
0 0.15703125 0.25364583333333335 0.121875 0.16458333333333333
0 0.449609375 0.7078125 0.13203125 0.19791666666666666
0 0.972265625 0.41510416666666666 0.05546875 0.19270833333333334
0 0.239453125 0.3203125 0.1328125 0.18125
0 0.469921875 0.07864583333333333 0.16328125 0.15729166666666666
0 0.271484375 0.15989583333333332 0.10078125 0.14375
0 0.21328125 0.09947916666666666 0.10546875 0.14479166666666668
0 0.056640625 0.5328125 0.11328125 0.21354166666666666