0 0.2953125 0.32708333333333334 0.1140625 0.146875
0 0.563671875 0.6182291666666667 0.09921875 0.16354166666666667
0 0.665625 0.8953125 0.096875 0.178125
0 0.7546875 0.878125 0.09375 0.14375
0 0.891796875 0.9182291666666667 0.12109375 0.16354166666666667
0 0.3109375 0.1421875 0.09296875 0.12291666666666666
0 0.5484375 0.7911458333333333 0.1015625 0.16354166666666667
0 0.163671875 0.8625 0.11171875 0.15104166666666666
0 0.309375 0.875 0.08125 0.190625
0 0.53203125 0.9177083333333333 0.0578125 0.109375
0 0.36875 0.809375 0.075 0.13541666666666666
0 0.383984375 0.9302083333333333 0.09140625 0.11979166666666667