0 0.72578125 0.46979166666666666 0.140625 0.18333333333333332
0 0.806640625 0.5182291666666666 0.096875 0.14791666666666667
0 0.67265625 0.5973958333333333 0.12734375 0.1625
0 0.24296875 0.16614583333333333 0.14375 0.16875
0 0.359765625 0.4635416666666667 0.13828125 0.17083333333333334
0 0.53046875 0.46041666666666664 0.12421875 0.175
0 0.201171875 0.23854166666666668 0.16171875 0.16458333333333333
0 0.339453125 0.271875 0.1390625 0.190625
0 0.466015625 0.5958333333333333 0.13046875 0.190625
0 0.72578125 0.46979166666666666 0.140625 0.18333333333333332
0 0.806640625 0.5182291666666666 0.096875 0.14791666666666667
0 0.67265625 0.5973958333333333 0.12734375 0.1625
0 0.24296875 0.16614583333333333 0.14375 0.16875
0 0.359765625 0.4635416666666667 0.13828125 0.17083333333333334
0 0.53046875 0.46041666666666664 0.12421875 0.175
0 0.201171875 0.23854166666666668 0.16171875 0.16458333333333333
0 0.339453125 0.271875 0.1390625 0.190625
0 0.466015625 0.5958333333333333 0.13046875 0.190625
0 0.451953125 0.3390625 0.1515625 0.190625
0 0.145703125 0.10104166666666667 0.11875 0.15104166666666666