0 0.5484375 0.20416666666666666 0.14609375 0.19479166666666667
0 0.623828125 0.3109375 0.13125 0.175
0 0.5484375 0.20416666666666666 0.14609375 0.19479166666666667
0 0.623828125 0.3109375 0.13125 0.175
0 0.59296875 0.08333333333333333 0.115625 0.15416666666666667
0 0.125390625 0.7557291666666667 0.175 0.23333333333333334
0 0.177734375 0.85625 0.1671875 0.22291666666666668
0 0.41484375 0.6682291666666667 0.14765625 0.196875
0 0.379296875 0.5505208333333333 0.13046875 0.17395833333333333
0 0.2609375 0.66875 0.16484375 0.21979166666666666
0 0.6296875 0.6130208333333333 0.1328125 0.17708333333333334
0 0.53671875 0.575 0.13046875 0.17395833333333333
0 0.43359375 0.46145833333333336 0.11171875 0.14895833333333333