0 0.323828125 0.278125 0.1328125 0.17291666666666666
0 0.545703125 0.6322916666666667 0.1203125 0.184375
0 0.36484375 0.10677083333333333 0.10859375 0.14375
0 0.323828125 0.278125 0.1328125 0.17291666666666666
0 0.545703125 0.6322916666666667 0.1203125 0.184375
0 0.36484375 0.10677083333333333 0.10859375 0.14375
0 0.323828125 0.278125 0.1328125 0.17291666666666666
0 0.545703125 0.6322916666666667 0.1203125 0.184375
0 0.36484375 0.10677083333333333 0.10859375 0.14375
0 0.323828125 0.278125 0.1328125 0.17291666666666666
0 0.545703125 0.6322916666666667 0.1203125 0.184375
0 0.36484375 0.10677083333333333 0.10859375 0.14375
0 0.168359375 0.7984375 0.08046875 0.1875
0 0.3765625 0.7739583333333333 0.09609375 0.17395833333333333
0 0.2421875 0.88125 0.11484375 0.12083333333333333
0 0.622265625 0.8901041666666667 0.125 0.16875
0 0.248046875 0.7625 0.09765625 0.15520833333333334
0 0.850390625 0.9354166666666667 0.14609375 0.12916666666666668
0 0.733984375 0.9213541666666667 0.13359375 0.15729166666666666
0 0.5140625 0.8104166666666667 0.09609375 0.171875
0 0.40390625 0.8921875 0.0796875 0.17708333333333334
0 0.06484375 0.73125 0.1296875 0.16875
0 0.609765625 0.9666666666666667 0.10234375 0.06666666666666667