0 0.521484375 0.0765625 0.15546875 0.153125
0 0.659765625 0.2875 0.1765625 0.23541666666666666
0 0.711328125 0.13697916666666668 0.1671875 0.22291666666666668
0 0.78828125 0.2557291666666667 0.1546875 0.20625
0 0.23828125 0.8161458333333333 0.1484375 0.19791666666666666
0 0.28828125 0.8958333333333334 0.1609375 0.20833333333333334
0 0.4125 0.7802083333333333 0.14375 0.19166666666666668
0 0.381640625 0.5994791666666667 0.13046875 0.17395833333333333
0 0.283203125 0.6453125 0.115625 0.15416666666666667
0 0.450390625 0.5109375 0.1421875 0.18958333333333333
0 0.500390625 0.36302083333333335 0.11171875 0.14895833333333333
0 0.576171875 0.4078125 0.11015625 0.146875