0 0.61796875 0.24114583333333334 0.13984375 0.18229166666666666
0 0.6625 0.37447916666666664 0.1265625 0.16145833333333334
0 0.61796875 0.24114583333333334 0.13984375 0.18229166666666666
0 0.6625 0.37447916666666664 0.1265625 0.16145833333333334
0 0.68984375 0.14635416666666667 0.10859375 0.14791666666666667
0 0.077734375 0.5901041666666667 0.15546875 0.18645833333333334
0 0.09609375 0.6708333333333333 0.16328125 0.16979166666666667
0 0.31640625 0.47708333333333336 0.13359375 0.17604166666666668
0 0.42421875 0.43854166666666666 0.10390625 0.14479166666666668
0 0.4984375 0.565625 0.1328125 0.19583333333333333
0 0.5890625 0.55625 0.11484375 0.16875
0 0.38984375 0.625 0.15 0.18645833333333334
0 0.205078125 0.5755208333333334 0.165625 0.1875