0 0.257421875 0.4979166666666667 0.15234375 0.20104166666666667
0 0.601171875 0.5552083333333333 0.1453125 0.20520833333333333
0 0.19921875 0.3296875 0.125 0.16666666666666666
0 0.257421875 0.4979166666666667 0.15234375 0.20104166666666667
0 0.601171875 0.5552083333333333 0.1453125 0.20520833333333333
0 0.19921875 0.3296875 0.125 0.16666666666666666
0 0.257421875 0.4979166666666667 0.15234375 0.20104166666666667
0 0.601171875 0.5552083333333333 0.1453125 0.20520833333333333
0 0.19921875 0.3296875 0.125 0.16666666666666666
0 0.257421875 0.4979166666666667 0.15234375 0.20104166666666667
0 0.601171875 0.5552083333333333 0.1453125 0.20520833333333333
0 0.19921875 0.3296875 0.125 0.16666666666666666
0 0.949609375 0.5953125 0.10078125 0.221875
0 0.562890625 0.9395833333333333 0.11484375 0.12083333333333333
0 0.746484375 0.69375 0.1390625 0.21145833333333333
0 0.854296875 0.6458333333333334 0.1421875 0.19375
0 0.646875 0.8645833333333334 0.09375 0.13958333333333334
0 0.45703125 0.9234375 0.134375 0.153125
0 0.6046875 0.7510416666666667 0.12578125 0.178125
0 0.323828125 0.9744791666666667 0.17578125 0.051041666666666666
0 0.51171875 0.8604166666666667 0.10625 0.153125