0 0.738671875 0.19114583333333332 0.0953125 0.15729166666666666
0 0.316796875 0.45260416666666664 0.11640625 0.18229166666666666
0 0.42734375 0.4328125 0.0890625 0.15
0 0.57890625 0.5364583333333334 0.0921875 0.103125
0 0.514453125 0.453125 0.0796875 0.13333333333333333
0 0.6359375 0.3958333333333333 0.11796875 0.14479166666666668
0 0.608203125 0.6265625 0.13046875 0.13645833333333332
0 0.74765625 0.40208333333333335 0.109375 0.14895833333333333
0 0.175390625 0.4515625 0.1328125 0.11354166666666667
0 0.448046875 0.5963541666666666 0.1359375 0.15
0 0.82734375 0.4270833333333333 0.0890625 0.16354166666666667
0 0.21328125 0.5677083333333334 0.159375 0.13854166666666667
0 0.909375 0.3880208333333333 0.0953125 0.159375