0 0.68671875 0.3333333333333333 0.0984375 0.13541666666666666
0 0.776953125 0.3223958333333333 0.0734375 0.13020833333333334
0 0.69375 0.49947916666666664 0.10625 0.18020833333333333
0 0.04453125 0.3359375 0.0828125 0.16458333333333333
0 0.146484375 0.30885416666666665 0.12890625 0.09895833333333333
0 0.327734375 0.37552083333333336 0.09765625 0.13020833333333334
0 0.230078125 0.44479166666666664 0.1078125 0.159375
0 0.127734375 0.4588541666666667 0.0984375 0.11770833333333333
0 0.398046875 0.5203125 0.10390625 0.153125
0 0.1359375 0.5598958333333334 0.17578125 0.09583333333333334
0 0.496484375 0.4348958333333333 0.07265625 0.196875