0 0.571484375 0.3890625 0.09765625 0.17291666666666666
0 0.6453125 0.37395833333333334 0.0828125 0.17916666666666667
0 0.54765625 0.103125 0.1078125 0.19583333333333333
0 0.191796875 0.71875 0.13515625 0.19791666666666666
0 0.10625 0.5302083333333333 0.1046875 0.14270833333333333
0 0.553515625 0.70625 0.10625 0.18125
0 0.87421875 0.05416666666666667 0.109375 0.10833333333333334
0 0.202734375 0.16770833333333332 0.13828125 0.19479166666666667
0 0.196484375 0.5260416666666666 0.10859375 0.14895833333333333
0 0.974609375 0.6453125 0.05078125 0.16770833333333332
0 0.9046875 0.4588541666666667 0.12578125 0.14895833333333333
0 0.16328125 0.39375 0.09765625 0.13333333333333333
0 0.0921875 0.39947916666666666 0.07421875 0.11770833333333333
0 0.146484375 0.9479166666666666 0.15234375 0.10416666666666667
0 0.048828125 0.1921875 0.09765625 0.19270833333333334
0 0.120703125 0.1953125 0.06328125 0.109375