0 0.73828125 0.17864583333333334 0.103125 0.175
0 0.837890625 0.4114583333333333 0.15234375 0.13333333333333333
0 0.8375 0.5666666666666667 0.13359375 0.13333333333333333
0 0.146875 0.5088541666666667 0.1359375 0.11666666666666667
0 0.161328125 0.6302083333333334 0.159375 0.11145833333333334
0 0.344140625 0.46822916666666664 0.08828125 0.14791666666666667
0 0.24921875 0.4427083333333333 0.1140625 0.12604166666666666
0 0.94765625 0.353125 0.0875 0.11145833333333334
0 0.948828125 0.6197916666666666 0.10234375 0.14583333333333334
0 0.4296875 0.4588541666666667 0.10234375 0.171875
0 0.29375 0.5932291666666667 0.11796875 0.13125
0 0.6953125 0.440625 0.13828125 0.190625
0 0.5328125 0.5276041666666667 0.1046875 0.13333333333333333
0 0.52734375 0.4125 0.0734375 0.13125