0 0.60234375 0.08645833333333333 0.1453125 0.17291666666666666
0 0.48125 0.421875 0.12734375 0.18229166666666666
0 0.55 0.33541666666666664 0.121875 0.16770833333333332
0 0.586328125 0.4473958333333333 0.12109375 0.16145833333333334
0 0.69375 0.3453125 0.1703125 0.228125
0 0.20078125 0.6911458333333333 0.15234375 0.184375
0 0.289453125 0.5791666666666667 0.1328125 0.165625
0 0.39375 0.6484375 0.140625 0.17604166666666668
0 0.260546875 0.7645833333333333 0.15859375 0.18125
0 0.36171875 0.51875 0.12421875 0.18333333333333332
0 0.77109375 0.21666666666666667 0.171875 0.203125
0 0.82109375 0.3515625 0.15625 0.19166666666666668