0 0.96796875 0.5958333333333333 0.0640625 0.21041666666666667
0 0.604296875 0.515625 0.1484375 0.20104166666666667
0 0.66953125 0.5895833333333333 0.14765625 0.2
0 0.7765625 0.9015625 0.146875 0.196875
0 0.66015625 0.9604166666666667 0.18125 0.07916666666666666
0 0.41953125 0.6770833333333334 0.1328125 0.17916666666666667
0 0.184765625 0.30833333333333335 0.14765625 0.196875
0 0.2203125 0.1078125 0.121875 0.16354166666666667
0 0.502734375 0.05416666666666667 0.10546875 0.10833333333333334
0 0.383984375 0.19270833333333334 0.1609375 0.21354166666666666
0 0.059375 0.5015625 0.11875 0.228125
0 0.31875 0.034895833333333334 0.0828125 0.06979166666666667
0 0.3359375 0.10572916666666667 0.0859375 0.115625
0 0.288671875 0.19427083333333334 0.11953125 0.159375
0 0.768359375 0.31302083333333336 0.14375 0.19375