0 0.3453125 0.25104166666666666 0.14140625 0.18541666666666667
0 0.533203125 0.6385416666666667 0.13125 0.19479166666666667
0 0.396875 0.06770833333333333 0.115625 0.13541666666666666
0 0.3453125 0.25104166666666666 0.14140625 0.18541666666666667
0 0.533203125 0.6385416666666667 0.13125 0.19479166666666667
0 0.396875 0.06770833333333333 0.115625 0.13541666666666666
0 0.3453125 0.25104166666666666 0.14140625 0.18541666666666667
0 0.533203125 0.6385416666666667 0.13125 0.19479166666666667
0 0.396875 0.06770833333333333 0.115625 0.13541666666666666
0 0.3453125 0.25104166666666666 0.14140625 0.18541666666666667
0 0.533203125 0.6385416666666667 0.13125 0.19479166666666667
0 0.396875 0.06770833333333333 0.115625 0.13541666666666666
0 0.14375 0.7421875 0.09375 0.18958333333333333
0 0.35234375 0.7515625 0.1078125 0.18020833333333333
0 0.060546875 0.6739583333333333 0.12109375 0.19375
0 0.209375 0.8359375 0.11953125 0.134375
0 0.375 0.871875 0.08359375 0.17291666666666666
0 0.585546875 0.9072916666666667 0.13359375 0.18020833333333333
0 0.559765625 0.9572916666666667 0.13203125 0.08541666666666667
0 0.48359375 0.8052083333333333 0.11015625 0.18541666666666667
0 0.6953125 0.9484375 0.159375 0.103125
0 0.226171875 0.7197916666666667 0.10703125 0.1625