0 0.522265625 0.3567708333333333 0.13515625 0.1875
0 0.59296875 0.290625 0.12734375 0.18229166666666666
0 0.398828125 0.12291666666666666 0.15078125 0.21041666666666667
0 0.309765625 0.8885416666666667 0.17109375 0.22291666666666668
0 0.621875 0.6458333333333334 0.14375 0.19895833333333332
0 0.96171875 0.3015625 0.0765625 0.171875
0 0.8421875 0.19895833333333332 0.1453125 0.190625
0 0.04375 0.5114583333333333 0.0859375 0.11979166666666667
0 0.1671875 0.8010416666666667 0.11953125 0.16354166666666667
0 0.2953125 0.5296875 0.10390625 0.14166666666666666
0 0.122265625 0.6791666666666667 0.08125 0.11458333333333333
0 0.21171875 0.6109375 0.1890625 0.25
0 0.23984375 0.7291666666666666 0.121875 0.15833333333333333
0 0.10859375 0.4427083333333333 0.1640625 0.21875
0 0.0140625 0.5645833333333333 0.028125 0.17708333333333334
0 0.93046875 0.36302083333333335 0.12421875 0.16770833333333332