0 0.67265625 0.11197916666666667 0.12890625 0.19791666666666666
0 0.576171875 0.3546875 0.11015625 0.15625
0 0.593359375 0.475 0.1109375 0.14791666666666667
0 0.71484375 0.40729166666666666 0.15625 0.21041666666666667
0 0.281640625 0.5140625 0.12578125 0.146875
0 0.36640625 0.6177083333333333 0.1328125 0.15625
0 0.362109375 0.47708333333333336 0.10703125 0.17708333333333334
0 0.81171875 0.30520833333333336 0.16640625 0.17395833333333333
0 0.838671875 0.45625 0.14921875 0.16875
0 0.209765625 0.7302083333333333 0.1671875 0.17083333333333334
0 0.158984375 0.6229166666666667 0.1484375 0.15416666666666667
0 0.4796875 0.4390625 0.10625 0.16041666666666668