0 0.822265625 0.3385416666666667 0.12890625 0.18958333333333333
0 0.1890625 0.04010416666666667 0.0953125 0.08020833333333334
0 0.29453125 0.5098958333333333 0.11484375 0.128125
0 0.625390625 0.4890625 0.10703125 0.14166666666666666
0 0.6953125 0.7880208333333333 0.11796875 0.15729166666666666
0 0.815234375 0.5244791666666667 0.14609375 0.18333333333333332
0 0.790234375 0.6427083333333333 0.134375 0.153125
0 0.913671875 0.6713541666666667 0.14765625 0.14895833333333333
0 0.431640625 0.5572916666666666 0.10546875 0.14270833333333333
0 0.77265625 0.7442708333333333 0.12578125 0.15104166666666666
0 0.551953125 0.5354166666666667 0.096875 0.13125
0 0.18671875 0.4322916666666667 0.1859375 0.17708333333333334
0 0.668359375 0.6067708333333334 0.10859375 0.13854166666666667
0 0.6953125 0.48020833333333335 0.10703125 0.153125
0 0.466796875 0.4354166666666667 0.0984375 0.134375
0 0.321875 0.4270833333333333 0.13828125 0.146875