0 0.2671875 0.4088541666666667 0.13671875 0.17916666666666667
0 0.5859375 0.590625 0.125 0.18958333333333333
0 0.244921875 0.22552083333333334 0.11171875 0.14791666666666667
0 0.2671875 0.4088541666666667 0.13671875 0.17916666666666667
0 0.5859375 0.590625 0.125 0.18958333333333333
0 0.244921875 0.22552083333333334 0.11171875 0.14791666666666667
0 0.2671875 0.4088541666666667 0.13671875 0.17916666666666667
0 0.5859375 0.590625 0.125 0.18958333333333333
0 0.244921875 0.22552083333333334 0.11171875 0.14791666666666667
0 0.2671875 0.4088541666666667 0.13671875 0.17916666666666667
0 0.5859375 0.590625 0.125 0.18958333333333333
0 0.244921875 0.22552083333333334 0.11171875 0.14791666666666667
0 0.93515625 0.7682291666666666 0.1296875 0.20104166666666667
0 0.46640625 0.9463541666666667 0.103125 0.10729166666666666
0 0.696875 0.7770833333333333 0.11328125 0.20416666666666666
0 0.81015625 0.7703125 0.12578125 0.175
0 0.566015625 0.9041666666666667 0.07734375 0.13333333333333333
0 0.366796875 0.9098958333333333 0.11171875 0.18020833333333333
0 0.548828125 0.7796875 0.1078125 0.165625
0 0.2171875 0.9411458333333333 0.1703125 0.11770833333333333
0 0.433984375 0.8447916666666667 0.09296875 0.159375