0 0.725390625 0.5333333333333333 0.14609375 0.19375
0 0.796875 0.6026041666666667 0.10625 0.14791666666666667
0 0.6546875 0.64375 0.13125 0.17291666666666666
0 0.237109375 0.16458333333333333 0.1421875 0.175
0 0.30078125 0.10260416666666666 0.14375 0.184375
0 0.21953125 0.07135416666666666 0.153125 0.14270833333333333
0 0.48203125 0.3411458333333333 0.134375 0.18125
0 0.365625 0.2557291666666667 0.14296875 0.18854166666666666
0 0.367578125 0.4354166666666667 0.14140625 0.18333333333333332
0 0.4328125 0.5890625 0.16171875 0.22395833333333334
0 0.5359375 0.46979166666666666 0.13203125 0.17916666666666667