0 0.2296875 0.3307291666666667 0.16171875 0.15416666666666667
0 0.1890625 0.4109375 0.16484375 0.14166666666666666
0 0.742578125 0.25 0.1140625 0.225
0 0.825390625 0.28072916666666664 0.1078125 0.19583333333333333
0 0.30078125 0.5020833333333333 0.12890625 0.15416666666666667
0 0.7640625 0.6208333333333333 0.1921875 0.19479166666666667
0 0.88828125 0.5776041666666667 0.10234375 0.1375
0 0.458203125 0.39114583333333336 0.090625 0.159375
0 0.523828125 0.39166666666666666 0.1140625 0.19895833333333332
0 0.528125 0.5755208333333334 0.11875 0.14791666666666667
0 0.8 0.4822916666666667 0.1578125 0.1875
0 0.373828125 0.42552083333333335 0.1203125 0.18020833333333333
0 0.590234375 0.421875 0.109375 0.16145833333333334
0 0.658984375 0.3125 0.11015625 0.17083333333333334