0 0.4746932515337423 0.3337962962962963 0.03783231083844581 0.044444444444444446
0 0.5756646216768916 0.37083333333333335 0.032719836400818 0.05925925925925926
0 0.3136503067484663 0.12129629629629629 0.03374233128834356 0.06574074074074074
0 0.9772494887525562 0.4203703703703704 0.040388548057259714 0.07685185185185185
0 0.41743353783231085 0.3212962962962963 0.03016359918200409 0.05185185185185185
0 0.39826175869120656 0.3541666666666667 0.026584867075664622 0.05092592592592592
0 0.7144683026584867 0.8439814814814814 0.02607361963190184 0.049074074074074076
0 0.07515337423312883 0.06805555555555555 0.02607361963190184 0.04722222222222222
0 0.818762781186094 0.21203703703703702 0.03425357873210634 0.053703703703703705
0 0.16436605316973416 0.2810185185185185 0.02556237218813906 0.04351851851851852
0 0.739519427402863 0.5092592592592593 0.037321063394683024 0.041666666666666664
0 0.5056237218813906 0.8125 0.028629856850715747 0.046296296296296294
0 0.48210633946830267 0.8685185185185185 0.03169734151329243 0.05277777777777778
0 0.3773006134969325 0.25092592592592594 0.03834355828220859 0.053703703703703705
0 0.3619631901840491 0.28888888888888886 0.03169734151329243 0.03888888888888889
0 0.38701431492842536 0.3277777777777778 0.03169734151329243 0.044444444444444446