0 0.7684049079754601 0.3023148148148148 0.03885480572597137 0.06851851851851852
0 0.4854294478527607 0.5083333333333333 0.05674846625766871 0.11203703703703703
0 0.3136503067484663 0.11342592592592593 0.04754601226993865 0.0824074074074074
0 0.1390593047034765 0.23564814814814813 0.06390593047034765 0.11388888888888889
0 0.4527096114519427 0.7245370370370371 0.04754601226993865 0.08425925925925926
0 0.6359918200408998 0.9254629629629629 0.054703476482617586 0.09907407407407408
0 0.09100204498977506 0.5337962962962963 0.0541922290388548 0.09444444444444444
0 0.8013803680981595 0.4439814814814815 0.04447852760736196 0.07685185185185185
0 0.3911042944785276 0.19444444444444445 0.05674846625766871 0.1
0 0.7576687116564417 0.35 0.03016359918200409 0.05555555555555555
0 0.7469325153374233 0.3787037037037037 0.02607361963190184 0.046296296296296294
0 0.7650817995910021 0.3972222222222222 0.03169734151329243 0.05462962962962963
0 0.7760736196319018 0.3736111111111111 0.029141104294478526 0.05277777777777778
0 0.8197852760736196 0.43657407407407406 0.03936605316973415 0.06759259259259259