0 0.602760736196319 0.034722222222222224 0.03425357873210634 0.05092592592592592
0 0.570040899795501 0.03657407407407407 0.04243353783231084 0.06388888888888888
0 0.6119631901840491 0.060648148148148145 0.024028629856850715 0.03425925925925926
0 0.6173312883435583 0.7402777777777778 0.05214723926380368 0.06481481481481481
0 0.6175869120654397 0.08333333333333333 0.03169734151329243 0.04351851851851852
0 0.6311349693251533 0.07222222222222222 0.024539877300613498 0.03981481481481482
0 0.6290899795501023 0.046296296296296294 0.027607361963190184 0.03981481481481482
0 0.5979038854805726 0.014814814814814815 0.03425357873210634 0.02962962962962963
0 0.9199897750511248 0.700925925925926 0.0541922290388548 0.06018518518518518
0 0.5449897750511248 0.3189814814814815 0.03374233128834356 0.05648148148148148
0 0.5508691206543967 0.35462962962962963 0.03016359918200409 0.040740740740740744
0 0.6776584867075665 0.060648148148148145 0.028118609406952964 0.046296296296296294
0 0.685838445807771 0.022222222222222223 0.031186094069529654 0.044444444444444446