0 0.32719836400818 0.6875 0.031186094069529654 0.06481481481481481
0 0.38215746421267893 0.5912037037037037 0.02965235173824131 0.05277777777777778
0 0.08256646216768916 0.8912037037037037 0.033231083844580775 0.06944444444444445
0 0.3016359918200409 0.4597222222222222 0.027607361963190184 0.04351851851851852
0 0.4235685071574642 0.2037037037037037 0.032208588957055216 0.06851851851851852
0 0.3908486707566462 0.6171296296296296 0.032719836400818 0.05740740740740741
0 0.6725460122699386 0.04953703703703704 0.03169734151329243 0.05
0 0.17229038854805726 0.9856481481481482 0.02556237218813906 0.028703703703703703
0 0.19274028629856851 0.9888888888888889 0.03169734151329243 0.022222222222222223
0 0.6019938650306749 0.05277777777777778 0.024028629856850715 0.044444444444444446
0 0.6091513292433538 0.08425925925925926 0.019427402862985686 0.03796296296296296
0 0.7093558282208589 0.5592592592592592 0.04703476482617587 0.06944444444444445
0 0.6298568507157464 0.075 0.025051124744376277 0.040740740740740744
0 0.621676891615542 0.03888888888888889 0.026584867075664622 0.04351851851851852
0 0.6822597137014315 0.02175925925925926 0.02607361963190184 0.03796296296296296