0 0.6068507157464212 0.020833333333333332 0.03067484662576687 0.041666666666666664
0 0.18251533742331288 0.44675925925925924 0.032208588957055216 0.058333333333333334
0 0.8655419222903885 0.6990740740740741 0.05061349693251534 0.08333333333333333
0 0.8387014314928425 0.725925925925926 0.03680981595092025 0.053703703703703705
0 0.5720858895705522 0.6592592592592592 0.04294478527607362 0.08055555555555556
0 0.6860940695296524 0.06712962962962964 0.02965235173824131 0.049074074074074076
0 0.3001022494887526 0.4356481481481482 0.032719836400818 0.05185185185185185
0 0.6175869120654397 0.06296296296296296 0.023006134969325152 0.037037037037037035
0 0.6226993865030674 0.09537037037037037 0.025051124744376277 0.041666666666666664
0 0.6403374233128835 0.07592592592592592 0.023517382413087935 0.03425925925925926
0 0.6380368098159509 0.052314814814814814 0.02607361963190184 0.04259259259259259
0 0.7004089979550102 0.03333333333333333 0.032719836400818 0.05462962962962963