0 0.7282719836400818 0.2037037037037037 0.027607361963190184 0.03518518518518519
0 0.75 0.31712962962962965 0.04294478527607362 0.07962962962962963
0 0.7770961145194274 0.30092592592592593 0.04294478527607362 0.07314814814814814
0 0.26278118609406953 0.2222222222222222 0.03885480572597137 0.06481481481481481
0 0.7124233128834356 0.8287037037037037 0.034764826175869123 0.04814814814814815
0 0.34483640081799594 0.2611111111111111 0.03425357873210634 0.05925925925925926
0 0.7229038854805726 0.23055555555555557 0.028118609406952964 0.044444444444444446
0 0.7154907975460123 0.2569444444444444 0.032208588957055216 0.05092592592592592
0 0.7369631901840491 0.26157407407407407 0.022494887525562373 0.03981481481481482
0 0.7448875255623721 0.23564814814814813 0.024539877300613498 0.04259259259259259
0 0.7333844580777096 0.17731481481481481 0.024539877300613498 0.037037037037037035
0 0.15695296523517382 0.7018518518518518 0.04652351738241309 0.06666666666666667
0 0.1221881390593047 0.7111111111111111 0.029141104294478526 0.05648148148148148
0 0.7804192229038854 0.300462962962963 0.0270961145194274 0.03796296296296296
0 0.8013803680981595 0.2759259259259259 0.04243353783231084 0.06388888888888888