0 0.0626278118609407 0.24212962962962964 0.041922290388548056 0.06111111111111111
0 0.5478016359918201 0.5199074074074074 0.05572597137014315 0.08425925925925926
0 0.07413087934560328 0.2564814814814815 0.04550102249488753 0.06851851851851852
0 0.34100204498977504 0.3148148148148148 0.05214723926380368 0.0787037037037037
0 0.08256646216768916 0.4287037037037037 0.022494887525562373 0.04537037037037037
0 0.07310838445807771 0.399537037037037 0.024028629856850715 0.05462962962962963
0 0.6009713701431493 0.8277777777777777 0.0352760736196319 0.06574074074074074
0 0.3716768916155419 0.48194444444444445 0.04856850715746421 0.08148148148148149
0 0.09228016359918201 0.4 0.025051124744376277 0.04814814814814815
0 0.776840490797546 0.5708333333333333 0.03578732106339468 0.06759259259259259
0 0.7338957055214724 0.40370370370370373 0.05265848670756646 0.09722222222222222
0 0.5810327198364008 0.8388888888888889 0.049079754601226995 0.07314814814814814