0 0.6035276073619632 0.019444444444444445 0.03936605316973415 0.03888888888888889
0 0.2195807770961145 0.4810185185185185 0.050102249488752554 0.0824074074074074
0 0.4330265848670757 0.5837962962962963 0.04396728016359918 0.07037037037037037
0 0.6817484662576687 0.07083333333333333 0.03936605316973415 0.06111111111111111
0 0.6651329243353783 0.6513888888888889 0.05572597137014315 0.08055555555555556
0 0.553680981595092 0.8398148148148148 0.0679959100204499 0.09537037037037037
0 0.6671779141104295 0.037037037037037035 0.03885480572597137 0.05925925925925926
0 0.6830265848670757 0.038425925925925926 0.04243353783231084 0.06481481481481481
0 0.30214723926380366 0.4356481481481482 0.050102249488752554 0.0787037037037037
0 0.6129856850715747 0.07453703703703704 0.032719836400818 0.05277777777777778
0 0.2420756646216769 0.7601851851851852 0.05061349693251534 0.08611111111111111
0 0.623721881390593 0.09675925925925925 0.03067484662576687 0.04537037037037037
0 0.4207566462167689 0.549074074074074 0.0408997955010225 0.06574074074074074
0 0.6393149284253579 0.07592592592592592 0.0270961145194274 0.046296296296296294
0 0.6357361963190185 0.04675925925925926 0.028118609406952964 0.04722222222222222
0 0.6940184049079755 0.03333333333333333 0.034764826175869123 0.05