0 0.41455078125 0.6747614917606245 0.0439453125 0.11448395490026018
0 0.214599609375 0.7124891587163921 0.05859375 0.14657415437987859
0 0.366943359375 0.5958369470945359 0.04443359375 0.11882046834345186
0 0.89111328125 0.7497831743278404 0.02880859375 0.06851691240242845
0 0.23291015625 0.5377276669557676 0.03857421875 0.09887250650477017
0 0.07666015625 0.5325238508239376 0.05029296875 0.13529921942758022
0 0.015625 0.47918473547268 0.03125 0.07718993928881179
0 0.133056640625 0.43451864700780574 0.03466796875 0.10147441457068516
0 0.38330078125 0.9362532523850824 0.03662109375 0.05637467476149176
0 0.236572265625 0.8304423243712056 0.04248046875 0.09453599306157849
0 0.028564453125 0.5602775368603643 0.04736328125 0.1266261925411969
0 0.00927734375 0.5823937554206418 0.0185546875 0.12402428447528187
0 0.15625 0.4588031222896791 0.041015625 0.09800520381613183
0 0.162109375 0.3803122289679098 0.03515625 0.08673026886383348
0 0.207763671875 0.4084995663486557 0.0361328125 0.07805724197745013
0 0.184814453125 0.4744145706851691 0.03125 0.08846487424111014
0 0.348876953125 0.4032957502168257 0.03662109375 0.0971379011274935
0 0.3310546875 0.39028620988725066 0.0322265625 0.09366869037294015
0 0.3095703125 0.2445793581960104 0.021484375 0.049436253252385085
0 0.18115234375 0.23894189071986124 0.02587890625 0.08065915004336513
0 0.278564453125 0.24241110147441458 0.0302734375 0.07372072853425846
0 0.265869140625 0.199479618386817 0.021484375 0.05897658282740677
0 0.23974609375 0.191673894189072 0.02294921875 0.058109280138768434
0 0.154541015625 0.17996530789245446 0.01806640625 0.046834345186470075
0 0.43212890625 0.3425845620121422 0.03076171875 0.07718993928881179
0 0.52880859375 0.409366869037294 0.02783203125 0.08326105810928014
0 0.516357421875 0.388551604509974 0.0185546875 0.049436253252385085
0 0.496826171875 0.4002601908065915 0.02880859375 0.08412836079791847
0 0.5908203125 0.5784908933217693 0.03564453125 0.10320901994796183
0 0.58154296875 0.559410234171726 0.02001953125 0.0745880312228968
0 0.5986328125 0.5247181266261925 0.0205078125 0.042497831743278404
0 0.865966796875 0.5650477016478751 0.0263671875 0.07111882046834345
0 0.910888671875 0.650043365134432 0.02099609375 0.045099739809193407
0 0.72314453125 0.43321769297484825 0.02685546875 0.06157849089332177
0 0.7509765625 0.40459670424978317 0.025390625 0.06678230702515178
0 0.7109375 0.37424111014744144 0.02001953125 0.060711188204683436
0 0.545654296875 0.32090199479618386 0.02197265625 0.06591500433651344
0 0.031494140625 0.3725065047701648 0.037109375 0.10147441457068516
0 0.206787109375 0.4635732870771899 0.0205078125 0.047701647875108416
0 0.830078125 0.42367736339982653 0.0166015625 0.05203816131830009
0 0.843017578125 0.40763226366001737 0.01123046875 0.03295750216825672
0 0.81396484375 0.41457068516912404 0.0146484375 0.033824804856895055
0 0.774169921875 0.3339115351257589 0.01513671875 0.0398959236773634
0 0.9482421875 0.5420641803989592 0.0224609375 0.055507372072853424