0 0.44883720930232557 0.4367283950617284 0.04302325581395349 0.05864197530864197
0 0.12441860465116279 0.5061728395061729 0.026744186046511628 0.035493827160493825
0 0.4622093023255814 0.4212962962962963 0.03953488372093023 0.05401234567901234
0 0.3436046511627907 0.9143518518518519 0.06744186046511629 0.08950617283950617
0 0.7023255813953488 0.041666666666666664 0.04186046511627907 0.05555555555555555
0 0.08139534883720931 0.5578703703703703 0.027906976744186046 0.037037037037037035
0 0.475 0.7662037037037037 0.05813953488372093 0.0787037037037037
0 0.6302325581395349 0.44753086419753085 0.07093023255813953 0.09722222222222222
0 0.17267441860465116 0.41280864197530864 0.027906976744186046 0.037037037037037035
0 0.40348837209302324 0.6180555555555556 0.046511627906976744 0.06481481481481481
0 0.6412790697674419 0.4513888888888889 0.05 0.06790123456790123
0 0.05872093023255814 0.5671296296296297 0.031395348837209305 0.041666666666666664
0 0.7854651162790698 0.2638888888888889 0.05116279069767442 0.06944444444444445
0 0.6790697674418604 0.4166666666666667 0.046511627906976744 0.06481481481481481
0 0.4941860465116279 0.8726851851851852 0.05581395348837209 0.07716049382716049
0 0.6697674418604651 0.4251543209876543 0.06395348837209303 0.08487654320987655
0 0.1313953488372093 0.5023148148148148 0.027906976744186046 0.037037037037037035
0 0.3133720930232558 0.9050925925925926 0.037209302325581395 0.05092592592592592
0 0.11976744186046512 0.5115740740740741 0.026744186046511628 0.037037037037037035
0 0.3313953488372093 0.27237654320987653 0.022093023255813953 0.029320987654320986
0 0.7151162790697675 0.02700617283950617 0.04186046511627907 0.05401234567901234
0 0.32558139534883723 0.9158950617283951 0.06162790697674419 0.08333333333333333
0 0.4325581395348837 0.8873456790123457 0.06395348837209303 0.08641975308641975
0 0.7982558139534883 0.7376543209876543 0.07674418604651163 0.10493827160493827
0 0.7313953488372092 0.2862654320987654 0.05465116279069768 0.07561728395061729
0 0.7093023255813954 0.2986111111111111 0.05232558139534884 0.07098765432098765
0 0.6395348837209303 0.4097222222222222 0.04186046511627907 0.05709876543209876
0 0.8215116279069767 0.07716049382716049 0.04186046511627907 0.05709876543209876
0 0.8063953488372093 0.011574074074074073 0.03604651162790698 0.023148148148148147
0 0.7366279069767442 0.02546296296296296 0.03837209302325582 0.05092592592592592
0 0.7674418604651163 0.07947530864197531 0.04534883720930233 0.06172839506172839
0 0.7953488372093023 0.06790123456790123 0.04302325581395349 0.05864197530864197
0 0.7790697674418605 0.0763888888888889 0.040697674418604654 0.05555555555555555
0 0.5738372093023256 0.14506172839506173 0.03837209302325582 0.05401234567901234
0 0.6 0.06867283950617284 0.03255813953488372 0.044753086419753084
0 0.4186046511627907 0.30401234567901236 0.03837209302325582 0.05401234567901234
0 0.40174418604651163 0.2569444444444444 0.030232558139534883 0.041666666666666664
0 0.1372093023255814 0.46296296296296297 0.019767441860465116 0.027777777777777776
0 0.12151162790697674 0.44058641975308643 0.020930232558139535 0.029320987654320986
0 0.11686046511627907 0.44753086419753085 0.019767441860465116 0.027777777777777776
0 0.05406976744186046 0.6373456790123457 0.023255813953488372 0.030864197530864196
0 0.02616279069767442 0.7245370370370371 0.026744186046511628 0.037037037037037035
0 0.022093023255813953 0.7353395061728395 0.023255813953488372 0.032407407407407406