0 0.55810546875 0.7363399826539462 0.02685546875 0.10841283607979185
0 0.34765625 0.7181266261925412 0.03369140625 0.10841283607979185
0 0.8408203125 0.5290546400693842 0.0185546875 0.07198612315698179
0 0.40478515625 0.48829141370338247 0.01708984375 0.07892454466608846
0 0.09033203125 0.38074588031222895 0.01708984375 0.04856895056374675
0 0.287109375 0.575021682567216 0.03076171875 0.0997398091934085
0 0.5390625 0.36513443191673894 0.01171875 0.04163052905464007
0 0.15673828125 0.6999132697311362 0.02978515625 0.08933217692974849
0 0.77392578125 0.5741543798785776 0.0166015625 0.10407632263660017
0 0.4296875 0.49262792714657416 0.021484375 0.07892454466608846
0 0.47607421875 0.33998265394622723 0.01513671875 0.06331309627059845
0 0.13232421875 0.45446660884648743 0.01513671875 0.06851691240242845
0 0.50439453125 0.4527320034692108 0.01416015625 0.06851691240242845
0 0.69140625 0.32437120555073723 0.01513671875 0.04423243712055507
0 0.810546875 0.5368603642671292 0.01513671875 0.047701647875108416
0 0.474609375 0.6869037294015612 0.02001953125 0.0971379011274935
0 0.49951171875 0.3668690372940156 0.01806640625 0.060711188204683436
0 0.35888671875 0.36079791847354725 0.0146484375 0.032090199479618386
0 0.626953125 0.212489158716392 0.01171875 0.0398959236773634
0 0.50732421875 0.559410234171726 0.02734375 0.05117085862966175
0 0.201171875 0.8551604509973981 0.02734375 0.11621856027753687
0 0.041015625 0.7233304423243712 0.02685546875 0.10928013876843018
0 0.05078125 0.6730268863833477 0.025390625 0.0797918473547268
0 0.06591796875 0.6877710320901995 0.0078125 0.08846487424111014
0 0.08203125 0.6843018213356461 0.01708984375 0.08846487424111014
0 0.16748046875 0.4388551604509974 0.01318359375 0.06678230702515178
0 0.1962890625 0.3564614050303556 0.01171875 0.060711188204683436
0 0.232421875 0.37814397224631396 0.01171875 0.06764960971379011
0 0.21875 0.36600173460537727 0.01416015625 0.05724197745013009
0 0.140625 0.3512575888985256 0.00830078125 0.06157849089332177
0 0.1220703125 0.3642671292281006 0.01171875 0.06591500433651344
0 0.486328125 0.3304423243712056 0.0087890625 0.06504770164787511
0 0.13720703125 0.6695576756287944 0.015625 0.03469210754553339
0 0.12841796875 0.6782307025151778 0.01220703125 0.03295750216825672
0 0.10302734375 0.7311361665221162 0.0244140625 0.0823937554206418
0 0.79443359375 0.5134431916738942 0.0146484375 0.08673026886383348
0 0.82421875 0.44752818733738076 0.01025390625 0.06678230702515178
0 0.810546875 0.4527320034692108 0.01171875 0.0398959236773634
0 0.904296875 0.43451864700780574 0.009765625 0.030355594102341718
0 0.88330078125 0.4527320034692108 0.009765625 0.049436253252385085
0 0.86767578125 0.417172593235039 0.0146484375 0.03902862098872507
0 0.84228515625 0.4562012142237641 0.015625 0.06331309627059845
0 0.85498046875 0.4371205550737207 0.0078125 0.049436253252385085
0 0.91943359375 0.2593235039028621 0.00927734375 0.04163052905464007
0 0.931640625 0.2593235039028621 0.00732421875 0.045099739809193407
0 0.94140625 0.2723330442324371 0.0087890625 0.055507372072853424
0 0.783203125 0.24804856895056374 0.009765625 0.04856895056374675
0 0.82470703125 0.25585429314830876 0.00830078125 0.04596704249783174
0 0.8759765625 0.1873373807458803 0.0078125 0.042497831743278404
0 0.6650390625 0.32784041630529054 0.01123046875 0.0598438855160451
0 0.70458984375 0.5550737207285342 0.013671875 0.09193408499566348
0 0.6650390625 0.5221162185602776 0.01220703125 0.06678230702515178
0 0.6796875 0.5264527320034692 0.01708984375 0.08152645273200347
0 0.62841796875 0.5342584562012143 0.01220703125 0.08933217692974849
0 0.6494140625 0.4744145706851691 0.01220703125 0.07632263660017347
0 0.63623046875 0.47267996530789247 0.01416015625 0.05637467476149176
0 0.59033203125 0.49609713790112747 0.01171875 0.07372072853425846
0 0.56298828125 0.45099739809193407 0.01171875 0.05117085862966175
0 0.572265625 0.4371205550737207 0.0107421875 0.031222896790980052
0 0.5751953125 0.4006938421509107 0.0126953125 0.03469210754553339
0 0.583984375 0.388551604509974 0.0078125 0.03469210754553339
0 0.64794921875 0.32784041630529054 0.015625 0.031222896790980052
0 0.69140625 0.5342584562012143 0.01171875 0.06418039895923677
0 0.701171875 0.49956634865568084 0.0087890625 0.020815264527320035
0 0.4931640625 0.32090199479618386 0.009765625 0.05203816131830009
0 0.49755859375 0.419774501300954 0.0087890625 0.0199479618386817