0 0.470947265625 0.5251517779705117 0.029296875 0.07285342584562012
0 0.176025390625 0.29575021682567215 0.0205078125 0.0598438855160451
0 0.697265625 0.5706851691240243 0.021484375 0.049436253252385085
0 0.32177734375 0.3907198612315698 0.0283203125 0.08759757155247182
0 0.69384765625 0.7606244579358196 0.0322265625 0.12575888985255854
0 0.131103515625 0.2697311361665221 0.0244140625 0.060711188204683436
0 0.653564453125 0.3126626192541197 0.02197265625 0.055507372072853424
0 0.118896484375 0.24241110147441458 0.02197265625 0.05203816131830009
0 0.7607421875 0.5277536860364267 0.0166015625 0.06851691240242845
0 0.595947265625 0.5446660884648742 0.01611328125 0.03816131830008673
0 0.5732421875 0.5520381613183001 0.0224609375 0.045099739809193407
0 0.654541015625 0.30095403295750217 0.0166015625 0.032090199479618386
0 0.14599609375 0.7684301821335646 0.04638671875 0.12575888985255854
0 0.096923828125 0.7445793581960104 0.03466796875 0.12055507372072853
0 0.112548828125 0.7185602775368604 0.02978515625 0.09627059843885516
0 0.052978515625 0.5862966175195143 0.041015625 0.12749349522983522
0 0.03466796875 0.5589765828274068 0.03271484375 0.10407632263660017
0 0.021240234375 0.5784908933217693 0.03076171875 0.09453599306157849
0 0.144287109375 0.4184735472679965 0.0302734375 0.09366869037294015
0 0.17529296875 0.4557675628794449 0.0380859375 0.10581092801387684
0 0.198486328125 0.4327840416305291 0.03173828125 0.0971379011274935
0 0.279541015625 0.27363399826539464 0.0205078125 0.07198612315698179
0 0.292724609375 0.2831743278404163 0.0205078125 0.0745880312228968
0 0.30712890625 0.2723330442324371 0.0234375 0.07372072853425846
0 0.286865234375 0.5325238508239376 0.03662109375 0.10581092801387684
0 0.404296875 0.5815264527320034 0.0390625 0.11188204683434519
0 0.421630859375 0.4549002601908066 0.021484375 0.07198612315698179
0 0.52001953125 0.46617519514310496 0.0283203125 0.09193408499566348
0 0.506591796875 0.4522983521248916 0.02587890625 0.08846487424111014
0 0.38232421875 0.36643538594969643 0.02294921875 0.0745880312228968
0 0.492919921875 0.4418907198612316 0.02294921875 0.08499566348655681
0 0.532470703125 0.6118820468343452 0.02734375 0.11101474414570685
0 0.592529296875 0.6231569817866436 0.02197265625 0.0598438855160451
0 0.610595703125 0.6769297484822203 0.02587890625 0.1023417172593235
0 0.75244140625 0.8217692974848222 0.03271484375 0.11621856027753687
0 0.7763671875 0.7883781439722463 0.02587890625 0.07025151777970512
0 0.800537109375 0.8508239375542064 0.03369140625 0.11621856027753687
0 0.7568359375 0.7658282740676496 0.02197265625 0.040763226366001735
0 0.70654296875 0.7762359063313097 0.02392578125 0.08586296617519515
0 0.631103515625 0.6600173460537727 0.025390625 0.08152645273200347
0 0.65673828125 0.7129228100607112 0.029296875 0.06418039895923677
0 0.629150390625 0.5546400693842151 0.02880859375 0.09887250650477017
0 0.650390625 0.5199479618386817 0.0185546875 0.03642671292281006
0 0.690185546875 0.4375542064180399 0.02197265625 0.07718993928881179
0 0.68505859375 0.3876843018213356 0.01708984375 0.058109280138768434
0 0.771240234375 0.46183868169991327 0.0166015625 0.058109280138768434
0 0.7373046875 0.5490026019080659 0.01953125 0.06591500433651344
0 0.72412109375 0.5459670424978318 0.01611328125 0.045099739809193407
0 0.7236328125 0.5867302688638335 0.0146484375 0.03642671292281006
0 0.71630859375 0.6413703382480486 0.02099609375 0.07285342584562012
0 0.753173828125 0.6617519514310495 0.02294921875 0.08673026886383348
0 0.6943359375 0.6023417172593235 0.0283203125 0.058109280138768434
0 0.769775390625 0.5277536860364267 0.01904296875 0.07545533391153512
0 0.730224609375 0.4284475281873374 0.01220703125 0.027753686036426712
0 0.929931640625 0.47745013009540327 0.0146484375 0.04163052905464007
0 0.921630859375 0.47181266261925414 0.01611328125 0.045099739809193407
0 0.84033203125 0.5498699045967043 0.02099609375 0.06591500433651344
0 0.898681640625 0.5268863833477884 0.01513671875 0.032090199479618386
0 0.881103515625 0.5281873373807459 0.01171875 0.03642671292281006
0 0.87109375 0.5190806591500433 0.013671875 0.028620988725065046
0 0.6162109375 0.4601040763226366 0.01953125 0.06591500433651344
0 0.630859375 0.35819601040763227 0.01513671875 0.03816131830008673
0 0.613525390625 0.3855160450997398 0.01904296875 0.06591500433651344
0 0.563720703125 0.5021682567215958 0.01318359375 0.029488291413703384