0 0.44921875 0.7129228100607112 0.02685546875 0.1049436253252385
0 0.265625 0.8586296617519514 0.037109375 0.1326973113616652
0 0.39013671875 0.6643538594969645 0.02685546875 0.10928013876843018
0 0.91552734375 0.5229835212489159 0.01904296875 0.060711188204683436
0 0.25244140625 0.6825672159583694 0.02392578125 0.09019947961838681
0 0.10302734375 0.7632263660017347 0.0302734375 0.12489158716392021
0 0.03564453125 0.7467476149176062 0.02099609375 0.06938421509106678
0 0.1396484375 0.6392020815264527 0.01904296875 0.09540329575021683
0 0.46484375 0.9791847354726799 0.03076171875 0.04163052905464007
0 0.306884765625 0.9588031222896791 0.02978515625 0.0823937554206418
0 0.06201171875 0.8161318300086731 0.0283203125 0.1170858629661752
0 0.033203125 0.8560277536860365 0.03076171875 0.11274934952298352
0 0.00927734375 0.8100607111882047 0.01806640625 0.09800520381613183
0 0.166015625 0.6496097137901128 0.02685546875 0.08759757155247182
0 0.15771484375 0.5715524718126627 0.0224609375 0.07805724197745013
0 0.2060546875 0.5732870771899393 0.02587890625 0.06678230702515178
0 0.19580078125 0.6487424111014745 0.017578125 0.08326105810928014
0 0.33935546875 0.4908933217692975 0.02197265625 0.08933217692974849
0 0.3203125 0.48829141370338247 0.017578125 0.08846487424111014
0 0.2744140625 0.3616652211621856 0.0146484375 0.04336513443191674
0 0.1513671875 0.42671292281006074 0.01318359375 0.07718993928881179
0 0.24462890625 0.3764093668690373 0.01953125 0.06591500433651344
0 0.22509765625 0.3425845620121422 0.0126953125 0.05464006938421509
0 0.19873046875 0.34952298352124894 0.0146484375 0.05290546400693842
0 0.11572265625 0.38508239375542064 0.01123046875 0.042497831743278404
0 0.408203125 0.3876843018213356 0.01953125 0.07025151777970512
0 0.51171875 0.39809193408499566 0.0146484375 0.07892454466608846
0 0.49609375 0.38508239375542064 0.01123046875 0.045099739809193407
0 0.4794921875 0.406764960971379 0.015625 0.0797918473547268
0 0.60009765625 0.5247181266261925 0.01953125 0.0971379011274935
0 0.587890625 0.5117085862966175 0.00732421875 0.0745880312228968
0 0.59814453125 0.4692107545533391 0.01513671875 0.03555941023417172
0 0.859375 0.36079791847354725 0.015625 0.06591500433651344
0 0.9169921875 0.417172593235039 0.01513671875 0.03902862098872507
0 0.70068359375 0.3139635732870772 0.0185546875 0.053772766695576756
0 0.72216796875 0.27146574154379877 0.015625 0.06157849089332177
0 0.6787109375 0.2645273200346921 0.01025390625 0.058109280138768434
0 0.51220703125 0.3044232437120555 0.01171875 0.062445793581960105
0 0.0322265625 0.6357328707718994 0.02197265625 0.09366869037294015
0 0.21484375 0.6261925411968777 0.01416015625 0.04163052905464007
0 0.80078125 0.24631396357328708 0.00830078125 0.05030355594102342
0 0.81005859375 0.22376409366869038 0.005859375 0.031222896790980052
0 0.78369140625 0.24631396357328708 0.01025390625 0.029488291413703384
0 0.73193359375 0.191673894189072 0.00927734375 0.03642671292281006
0 0.93359375 0.2940156114483955 0.01416015625 0.05030355594102342