0 0.474609375 0.5351257588898526 0.02197265625 0.06591500433651344
0 0.1591796875 0.419774501300954 0.01416015625 0.055507372072853424
0 0.701171875 0.49609713790112747 0.0166015625 0.04423243712055507
0 0.31298828125 0.4588031222896791 0.01904296875 0.0823937554206418
0 0.72021484375 0.6834345186470078 0.0185546875 0.12142237640936687
0 0.1123046875 0.4111014744145707 0.0185546875 0.05464006938421509
0 0.62841796875 0.26019080659150046 0.0166015625 0.05030355594102342
0 0.09716796875 0.388551604509974 0.01708984375 0.046834345186470075
0 0.75830078125 0.43104943625325237 0.0087890625 0.06678230702515178
0 0.59912109375 0.5082393755420642 0.01220703125 0.03469210754553339
0 0.57763671875 0.5238508239375542 0.01806640625 0.03902862098872507
0 0.6279296875 0.24804856895056374 0.013671875 0.027753686036426712
0 0.18505859375 0.8933217692974849 0.03369140625 0.11621856027753687
0 0.13427734375 0.8881179531656548 0.021484375 0.11535125758889853
0 0.146484375 0.8568950563746748 0.01953125 0.09106678230702515
0 0.07275390625 0.7493495229835212 0.02783203125 0.1196877710320902
0 0.0517578125 0.7294015611448396 0.021484375 0.09800520381613183
0 0.041015625 0.753686036426713 0.02099609375 0.08846487424111014
0 0.142578125 0.5516045099739809 0.0205078125 0.08759757155247182
0 0.17724609375 0.5767562879444926 0.02734375 0.09800520381613183
0 0.197265625 0.5455333911535126 0.021484375 0.09106678230702515
0 0.2578125 0.3599306157849089 0.0126953125 0.06851691240242845
0 0.27197265625 0.3642671292281006 0.01220703125 0.07198612315698179
0 0.28466796875 0.34865568083261056 0.015625 0.06938421509106678
0 0.29541015625 0.6105810928013877 0.02587890625 0.09800520381613183
0 0.416015625 0.6149176062445794 0.02734375 0.10407632263660017
0 0.41796875 0.48482220294882916 0.013671875 0.06851691240242845
0 0.515625 0.45967042497831745 0.0185546875 0.08673026886383348
0 0.5009765625 0.45099739809193407 0.0166015625 0.08412836079791847
0 0.369140625 0.41283607979184733 0.01513671875 0.07025151777970512
0 0.486328125 0.4457935819601041 0.013671875 0.08152645273200347
0 0.544921875 0.5975715524718127 0.01513671875 0.10754553339115351
0 0.60498046875 0.5862966175195143 0.015625 0.055507372072853424
0 0.62890625 0.632263660017346 0.0146484375 0.09887250650477017
0 0.78466796875 0.7215958369470945 0.02001953125 0.11101474414570685
0 0.80419921875 0.6799653078924545 0.0185546875 0.06504770164787511
0 0.8349609375 0.7320034692107545 0.02099609375 0.11101474414570685
0 0.7822265625 0.6652211621856028 0.01806640625 0.03469210754553339
0 0.734375 0.6938421509106678 0.0146484375 0.0823937554206418
0 0.64697265625 0.6079791847354726 0.0166015625 0.07718993928881179
0 0.67822265625 0.6504770164787511 0.0234375 0.05637467476149176
0 0.6328125 0.5056374674761491 0.01806640625 0.09453599306157849
0 0.6494140625 0.4640069384215091 0.01513671875 0.031222896790980052
0 0.6787109375 0.3686036426712923 0.013671875 0.07372072853425846
0 0.66796875 0.3217692974848222 0.0107421875 0.055507372072853424
0 0.7607421875 0.36253252385082396 0.01025390625 0.055507372072853424
0 0.73779296875 0.4605377276669558 0.0126953125 0.062445793581960105
0 0.724609375 0.46227233304423243 0.01171875 0.04163052905464007
0 0.72900390625 0.5021682567215958 0.01123046875 0.03295750216825672
0 0.72802734375 0.5585429314830876 0.01318359375 0.06938421509106678
0 0.7666015625 0.5646140503035559 0.01318359375 0.08412836079791847
0 0.7021484375 0.5281873373807459 0.02294921875 0.05030355594102342
0 0.76708984375 0.42758022549869906 0.0107421875 0.07285342584562012
0 0.716796875 0.34518647007805725 0.00927734375 0.02515177797051171
0 0.91796875 0.3191673894189072 0.01025390625 0.03902862098872507
0 0.9091796875 0.3165654813529922 0.01171875 0.04163052905464007
0 0.8388671875 0.42324371205550737 0.01416015625 0.062445793581960105
0 0.89306640625 0.3790112749349523 0.01220703125 0.028620988725065046
0 0.8759765625 0.3868169991326973 0.0078125 0.03469210754553339
0 0.865234375 0.38161318300086733 0.0107421875 0.02515177797051171
0 0.60888671875 0.41803989592367735 0.0126953125 0.062445793581960105
0 0.611328125 0.31309627059843886 0.01123046875 0.03469210754553339
0 0.59765625 0.3460537727666956 0.01220703125 0.062445793581960105
0 0.5625 0.4787510841283608 0.01025390625 0.026019080659150044