0 0.49534883720930234 0.4074074074074074 0.020930232558139535 0.05401234567901234
0 0.22209302325581395 0.16435185185185186 0.01627906976744186 0.029320987654320986
0 0.5127906976744186 0.408179012345679 0.018604651162790697 0.05092592592592592
0 0.17267441860465116 0.6612654320987654 0.03837209302325582 0.07561728395061729
0 0.8837209302325582 0.3479938271604938 0.019767441860465116 0.05246913580246913
0 0.16395348837209303 0.16358024691358025 0.012790697674418604 0.035493827160493825
0 0.3447674418604651 0.6720679012345679 0.03255813953488372 0.06635802469135803
0 0.622093023255814 0.5794753086419753 0.03372093023255814 0.09104938271604938
0 0.30523255813953487 0.1396604938271605 0.01627906976744186 0.030864197530864196
0 0.3686046511627907 0.4992283950617284 0.019767441860465116 0.06327160493827161
0 0.6284883720930232 0.5925925925925926 0.022093023255813953 0.06481481481481481
0 0.14244186046511628 0.14969135802469136 0.013953488372093023 0.040123456790123455
0 0.8302325581395349 0.5856481481481481 0.023255813953488372 0.06635802469135803
0 0.06046511627906977 0.7368827160493827 0.023255813953488372 0.06790123456790123
0 0.6738372093023256 0.6010802469135802 0.020930232558139535 0.06172839506172839
0 0.04244186046511628 0.8441358024691358 0.026744186046511628 0.07407407407407407
0 0.06627906976744186 0.8557098765432098 0.03837209302325582 0.06635802469135803
0 0.3040697674418605 0.7669753086419753 0.022093023255813953 0.07716049382716049
0 0.6627906976744186 0.5987654320987654 0.03837209302325582 0.06944444444444445
0 0.22906976744186047 0.16820987654320987 0.01627906976744186 0.030864197530864196
0 0.15523255813953488 0.6273148148148148 0.02441860465116279 0.038580246913580245
0 0.21627906976744185 0.16435185185185186 0.013953488372093023 0.032407407407407406
0 0.4936046511627907 0.18132716049382716 0.010465116279069767 0.027777777777777776
0 0.9005813953488372 0.3487654320987654 0.022093023255813953 0.04938271604938271
0 0.15872093023255815 0.6458333333333334 0.030232558139534883 0.07716049382716049
0 0.2517441860465116 0.7222222222222222 0.030232558139534883 0.08179012345679013
0 0.5959302325581395 0.9436728395061729 0.031395348837209305 0.10493827160493827
0 0.7790697674418605 0.5532407407407407 0.019767441860465116 0.0787037037037037
0 0.7563953488372093 0.5424382716049383 0.022093023255813953 0.06944444444444445
0 0.6482558139534884 0.5601851851851852 0.01744186046511628 0.05709876543209876
0 0.9523255813953488 0.48148148148148145 0.013953488372093023 0.06172839506172839
0 0.9813953488372092 0.41203703703703703 0.01627906976744186 0.046296296296296294
0 0.9174418604651163 0.36728395061728397 0.013953488372093023 0.05401234567901234
0 0.9116279069767442 0.43441358024691357 0.022093023255813953 0.05709876543209876
0 0.9377906976744186 0.4513888888888889 0.01627906976744186 0.06018518518518518
0 0.922093023255814 0.44290123456790126 0.015116279069767442 0.05709876543209876
0 0.7366279069767442 0.30709876543209874 0.013953488372093023 0.05555555555555555
0 0.7947674418604651 0.27469135802469136 0.011627906976744186 0.046296296296296294
0 0.5412790697674419 0.283179012345679 0.013953488372093023 0.05555555555555555
0 0.5529069767441861 0.2330246913580247 0.011627906976744186 0.041666666666666664
0 0.2534883720930233 0.14429012345679013 0.010465116279069767 0.024691358024691357
0 0.2534883720930233 0.11419753086419752 0.009302325581395349 0.027777777777777776
0 0.24651162790697675 0.11496913580246913 0.00813953488372093 0.027777777777777776
0 0.10348837209302325 0.19675925925925927 0.010465116279069767 0.029320987654320986
0 0.03837209302325582 0.2353395061728395 0.013953488372093023 0.032407407407407406
0 0.029651162790697676 0.23919753086419754 0.00813953488372093 0.033950617283950615