0 0.6455078125 0.3521248915871639 0.01318359375 0.06851691240242845
0 0.7216796875 0.3044232437120555 0.013671875 0.045099739809193407
0 0.4892578125 0.35732870771899394 0.013671875 0.05030355594102342
0 0.623046875 0.5238508239375542 0.0263671875 0.08499566348655681
0 0.4375 0.8169991326973114 0.02978515625 0.11535125758889853
0 0.33935546875 0.5897658282740676 0.0244140625 0.09193408499566348
0 0.2646484375 0.6643538594969645 0.02685546875 0.1023417172593235
0 0.24560546875 0.6981786643538594 0.02197265625 0.08846487424111014
0 0.24169921875 0.7996530789245446 0.03125 0.11882046834345186
0 0.2294921875 0.7181266261925412 0.01123046875 0.09106678230702515
0 0.17822265625 0.5993061578490894 0.02392578125 0.08586296617519515
0 0.201171875 0.6608846487424112 0.0185546875 0.06504770164787511
0 0.04345703125 0.7259323503902863 0.02685546875 0.06504770164787511
0 0.037109375 0.8039895923677364 0.0302734375 0.09019947961838681
0 0.037109375 0.8777103209019947 0.03564453125 0.08586296617519515
0 0.1640625 0.4206418039895924 0.01513671875 0.07805724197745013
0 0.14111328125 0.4163052905464007 0.01611328125 0.06157849089332177
0 0.103515625 0.41543798785776237 0.02001953125 0.06764960971379011
0 0.12255859375 0.39028620988725066 0.0107421875 0.03555941023417172
0 0.2392578125 0.3434518647007806 0.01171875 0.05637467476149176
0 0.25244140625 0.33998265394622723 0.00830078125 0.055507372072853424
0 0.2265625 0.3425845620121422 0.01123046875 0.05030355594102342
0 0.49072265625 0.41457068516912404 0.0126953125 0.07632263660017347
0 0.50244140625 0.401561144839549 0.00830078125 0.05290546400693842
0 0.51025390625 0.3746747614917606 0.0078125 0.03469210754553339
0 0.515625 0.409366869037294 0.01025390625 0.06331309627059845
0 0.58056640625 0.3434518647007806 0.01171875 0.05897658282740677
0 0.5908203125 0.388551604509974 0.013671875 0.032090199479618386
0 0.60009765625 0.5212489158716392 0.01171875 0.0971379011274935
0 0.56396484375 0.4562012142237641 0.015625 0.05637467476149176
0 0.7138671875 0.5281873373807459 0.01806640625 0.08673026886383348
0 0.68701171875 0.32090199479618386 0.0126953125 0.06331309627059845
0 0.6396484375 0.20555073720728534 0.01025390625 0.03469210754553339