0 0.519287109375 0.7554206418039896 0.04248046875 0.1170858629661752
0 0.31982421875 0.6352992194275803 0.04931640625 0.12055507372072853
0 0.822998046875 0.6947094535993061 0.02880859375 0.07805724197745013
0 0.410400390625 0.44232437120555074 0.02880859375 0.08412836079791847
0 0.124755859375 0.18473547267996532 0.02392578125 0.05464006938421509
0 0.28369140625 0.4679098005203816 0.044921875 0.11101474414570685
0 0.55859375 0.38941890719861233 0.017578125 0.04596704249783174
0 0.138916015625 0.5242844752818734 0.04248046875 0.10060711188204684
0 0.751708984375 0.7055507372072853 0.0322265625 0.10841283607979185
0 0.43359375 0.45836947094535996 0.03271484375 0.08673026886383348
0 0.501953125 0.33434518647007805 0.0244140625 0.06851691240242845
0 0.153564453125 0.2762359063313096 0.025390625 0.07285342584562012
0 0.511474609375 0.45663486556808325 0.0244140625 0.07285342584562012
0 0.711181640625 0.424978317432784 0.021484375 0.05030355594102342
0 0.792724609375 0.6873373807458804 0.02197265625 0.05290546400693842
0 0.446533203125 0.6673894189071986 0.0341796875 0.10320901994796183
0 0.520263671875 0.37163920208152645 0.02685546875 0.06678230702515178
0 0.385986328125 0.29705117085862964 0.01904296875 0.03816131830008673
0 0.666748046875 0.28577623590633133 0.017578125 0.04423243712055507
0 0.497802734375 0.5607111882046835 0.0341796875 0.062445793581960105
0 0.15771484375 0.6951431049436253 0.04443359375 0.12489158716392021
0 0.024169921875 0.4900260190806591 0.04296875 0.11795316565481354
0 0.041259765625 0.44622723330442327 0.03662109375 0.08933217692974849
0 0.0537109375 0.4679098005203816 0.02099609375 0.08846487424111014
0 0.069580078125 0.47267996530789247 0.0302734375 0.09366869037294015
0 0.18994140625 0.27840416305290544 0.02294921875 0.07025151777970512
0 0.230224609375 0.21335646140503037 0.0205078125 0.06418039895923677
0 0.26171875 0.25195143104943624 0.02197265625 0.07111882046834345
0 0.25048828125 0.23330442324371206 0.0224609375 0.06157849089332177
0 0.177734375 0.18126626192541198 0.017578125 0.06331309627059845
0 0.15771484375 0.18430182133564615 0.021484375 0.06938421509106678
0 0.51318359375 0.3304423243712056 0.0185546875 0.06678230702515178
0 0.125 0.4852558542931483 0.0205078125 0.040763226366001735
0 0.115234375 0.48959236773633996 0.01708984375 0.0372940156114484
0 0.08251953125 0.5277536860364267 0.0361328125 0.09106678230702515
0 0.781005859375 0.6569817866435386 0.02734375 0.09019947961838681
0 0.81982421875 0.6084128360797918 0.02001953125 0.06938421509106678
0 0.805908203125 0.6066782307025151 0.017578125 0.04423243712055507
0 0.898681640625 0.6348655680832611 0.01416015625 0.033824804856895055
0 0.875732421875 0.6422376409366869 0.01708984375 0.05203816131830009
0 0.8662109375 0.6006071118820469 0.02001953125 0.045099739809193407
0 0.8359375 0.6253252385082394 0.02490234375 0.06851691240242845
0 0.85107421875 0.6131830008673027 0.01513671875 0.05117085862966175
0 0.9404296875 0.47398091934084996 0.01513671875 0.04423243712055507
0 0.9521484375 0.4800520381613183 0.01416015625 0.046834345186470075
0 0.959716796875 0.497398091934085 0.01708984375 0.05724197745013009
0 0.811279296875 0.396357328707719 0.01708984375 0.05117085862966175
0 0.85009765625 0.4241110147441457 0.01513671875 0.04856895056374675
0 0.909912109375 0.383347788378144 0.01416015625 0.045099739809193407
0 0.685302734375 0.41543798785776237 0.02001953125 0.06331309627059845
0 0.688232421875 0.6530789245446661 0.02734375 0.09540329575021683
0 0.6552734375 0.6019080659150043 0.02197265625 0.07025151777970512
0 0.668701171875 0.6136166522116219 0.029296875 0.08673026886383348
0 0.6181640625 0.5958369470945359 0.025390625 0.09193408499566348
0 0.647705078125 0.5485689505637468 0.0234375 0.07892454466608846
0 0.63525390625 0.5403295750216826 0.0224609375 0.060711188204683436
0 0.58740234375 0.5403295750216826 0.0224609375 0.07632263660017347
0 0.568115234375 0.4835212489158716 0.01904296875 0.05464006938421509
0 0.579345703125 0.4748482220294883 0.01513671875 0.03555941023417172
0 0.587646484375 0.4414570685169124 0.017578125 0.0398959236773634
0 0.59814453125 0.4340849956634866 0.0126953125 0.0372940156114484
0 0.6689453125 0.406764960971379 0.02001953125 0.0372940156114484
0 0.6787109375 0.6266261925411969 0.02099609375 0.06764960971379011
0 0.693359375 0.5980052038161319 0.01171875 0.024284475281873375
0 0.521240234375 0.32437120555073723 0.017578125 0.05464006938421509
0 0.510009765625 0.4215091066782307 0.01171875 0.023417172593235037