0 0.579345703125 0.23764093668690373 0.03173828125 0.07025151777970512
0 0.629638671875 0.12532523850823937 0.02490234375 0.05117085862966175
0 0.4482421875 0.38898525585429317 0.0263671875 0.055507372072853424
0 0.611572265625 0.40459670424978317 0.0478515625 0.0971379011274935
0 0.54150390625 0.8278404163052906 0.0595703125 0.12575888985255854
0 0.390625 0.7272333044232437 0.04833984375 0.10060711188204684
0 0.349365234375 0.8607979184735473 0.05322265625 0.11188204683434519
0 0.343505859375 0.9076322636600174 0.044921875 0.09540329575021683
0 0.370361328125 0.9661751951431049 0.06201171875 0.06764960971379011
0 0.335693359375 0.9397224631396357 0.03662109375 0.08759757155247182
0 0.2568359375 0.8872506504770165 0.0458984375 0.09540329575021683
0 0.294677734375 0.9176062445793582 0.03515625 0.07285342584562012
0 0.19140625 0.748915871639202 0.0361328125 0.08065915004336513
0 0.170654296875 0.766695576756288 0.0322265625 0.06764960971379011
0 0.138427734375 0.8013876843018214 0.037109375 0.07632263660017347
0 0.147216796875 0.7623590633130962 0.01953125 0.0398959236773634
0 0.232177734375 0.6127493495229835 0.02685546875 0.05897658282740677
0 0.242431640625 0.5971379011274935 0.0234375 0.05464006938421509
0 0.22119140625 0.6240242844752819 0.0244140625 0.05290546400693842
0 0.466552734375 0.4362532523850824 0.03369140625 0.07632263660017347
0 0.47265625 0.4141370338248049 0.02294921875 0.05290546400693842
0 0.47119140625 0.3842150910667823 0.01708984375 0.03642671292281006
0 0.486328125 0.4084995663486557 0.02734375 0.06331309627059845
0 0.521728515625 0.29141370338248046 0.02734375 0.060711188204683436
0 0.543701171875 0.32003469210754554 0.02099609375 0.0398959236773634
0 0.59130859375 0.42367736339982653 0.0390625 0.09366869037294015
0 0.541259765625 0.4028620988725065 0.0302734375 0.062445793581960105
0 0.689697265625 0.3226366001734605 0.041015625 0.09019947961838681
0 0.605224609375 0.17215958369470946 0.02978515625 0.06591500433651344
0 0.530517578125 0.11882046834345186 0.01904296875 0.03902862098872507