0 0.34479166666666666 0.3638888888888889 0.08541666666666667 0.15925925925925927
0 0.1640625 0.5916666666666667 0.07916666666666666 0.15185185185185185
0 0.051041666666666666 0.7527777777777778 0.084375 0.15
0 0.29583333333333334 0.4861111111111111 0.09270833333333334 0.16111111111111112
0 0.6067708333333334 0.1537037037037037 0.07708333333333334 0.1388888888888889
0 0.17708333333333334 0.7037037037037037 0.09583333333333334 0.17777777777777778
0 0.23645833333333333 0.6398148148148148 0.1 0.18888888888888888
0 0.13645833333333332 0.7777777777777778 0.07708333333333334 0.1388888888888889
0 0.6317708333333333 0.1787037037037037 0.084375 0.15185185185185185
0 0.2515625 0.6685185185185185 0.08125 0.15185185185185185
0 0.34270833333333334 0.575925925925926 0.08541666666666667 0.15
0 0.7645833333333333 0.06388888888888888 0.07916666666666666 0.12777777777777777
0 0.1125 0.9175925925925926 0.09583333333333334 0.1648148148148148
0 0.371875 0.6111111111111112 0.07708333333333334 0.13333333333333333
0 0.7765625 0.1527777777777778 0.09270833333333334 0.1574074074074074
0 0.7005208333333334 0.25925925925925924 0.08125 0.15
0 0.3078125 0.19166666666666668 0.06979166666666667 0.13148148148148148
0 0.284375 0.22407407407407406 0.059375 0.11481481481481481
0 0.016666666666666666 0.5972222222222222 0.03333333333333333 0.16111111111111112
0 0.7447916666666666 0.30648148148148147 0.075 0.1425925925925926
0 0.8020833333333334 0.3277777777777778 0.0875 0.15925925925925927
0 0.42291666666666666 0.8425925925925926 0.08125 0.15185185185185185
0 0.5203125 0.021296296296296296 0.10104166666666667 0.04259259259259259
0 0.6463541666666667 0.5694444444444444 0.078125 0.1425925925925926
0 0.8359375 0.3425925925925926 0.07083333333333333 0.12962962962962962
0 0.7135416666666666 0.5175925925925926 0.1 0.17222222222222222
0 0.8901041666666667 0.4148148148148148 0.08333333333333333 0.13148148148148148
0 0.8307291666666666 0.4935185185185185 0.07708333333333334 0.13148148148148148
0 0.9328125 0.43796296296296294 0.09479166666666666 0.17407407407407408
0 0.8598958333333333 0.5638888888888889 0.07083333333333333 0.12037037037037036
0 0.6463541666666667 0.8712962962962963 0.090625 0.15
0 0.27291666666666664 0.30462962962962964 0.078125 0.14814814814814814
0 0.459375 0.08888888888888889 0.06666666666666667 0.1259259259259259
0 0.33177083333333335 0.3037037037037037 0.084375 0.15925925925925927
0 0.48125 0.1175925925925926 0.06666666666666667 0.13703703703703704