0 0.7484375 0.12407407407407407 0.04791666666666667 0.12037037037037036
0 0.4276041666666667 0.22870370370370371 0.042708333333333334 0.12777777777777777
0 0.6979166666666666 0.15648148148148147 0.05625 0.10740740740740741
0 0.85 0.12222222222222222 0.06458333333333334 0.1388888888888889
0 0.5151041666666667 0.2601851851851852 0.041666666666666664 0.1388888888888889
0 0.9432291666666667 0.1527777777777778 0.07291666666666667 0.1574074074074074
0 0.6880208333333333 0.22592592592592592 0.07708333333333334 0.12777777777777777
0 0.8671875 0.17592592592592593 0.07395833333333333 0.1259259259259259
0 0.4942708333333333 0.30648148148148147 0.05416666666666667 0.13333333333333333
0 0.7140625 0.2898148148148148 0.065625 0.11851851851851852
0 0.9541666666666667 0.22407407407407406 0.06041666666666667 0.12037037037037036
0 0.55625 0.34074074074074073 0.058333333333333334 0.16111111111111112
0 0.8119791666666667 0.2833333333333333 0.06979166666666667 0.12407407407407407
0 0.4557291666666667 0.04722222222222222 0.05625 0.09444444444444444
0 0.17864583333333334 0.5287037037037037 0.071875 0.12777777777777777
0 0.8291666666666667 0.34629629629629627 0.06770833333333333 0.13148148148148148
0 0.36666666666666664 0.4787037037037037 0.042708333333333334 0.13518518518518519
0 0.6265625 0.4425925925925926 0.06041666666666667 0.1111111111111111
0 0.7572916666666667 0.4148148148148148 0.06770833333333333 0.12962962962962962
0 0.43125 0.5111111111111111 0.0625 0.11481481481481481
0 0.7520833333333333 0.020370370370370372 0.08125 0.040740740740740744
0 0.825 0.5055555555555555 0.075 0.11666666666666667
0 0.053125 0.7324074074074074 0.08333333333333333 0.11296296296296296
0 0.6692708333333334 0.5907407407407408 0.07916666666666666 0.1259259259259259
0 0.5947916666666667 0.6305555555555555 0.05 0.08888888888888889
0 0.8463541666666666 0.5666666666666667 0.05520833333333333 0.10740740740740741
0 0.3463541666666667 0.712037037037037 0.059375 0.11296296296296296
0 0.0578125 0.8314814814814815 0.07395833333333333 0.10185185185185185
0 0.5927083333333333 0.7074074074074074 0.06041666666666667 0.10740740740740741
0 0.7052083333333333 0.6768518518518518 0.05625 0.12222222222222222
0 0.39791666666666664 0.09907407407407408 0.053125 0.12962962962962962
0 0.3484375 0.8175925925925925 0.0625 0.10925925925925926
0 0.5015625 0.7935185185185185 0.04583333333333333 0.14074074074074075
0 0.6817708333333333 0.7564814814814815 0.06458333333333334 0.1111111111111111
0 0.775 0.7342592592592593 0.07916666666666666 0.12222222222222222
0 0.7713541666666667 0.8101851851851852 0.05416666666666667 0.10740740740740741
0 0.4661458333333333 0.9120370370370371 0.07395833333333333 0.13333333333333333
0 0.3328125 0.9583333333333334 0.07604166666666666 0.08333333333333333
0 0.7088541666666667 0.8833333333333333 0.04895833333333333 0.11296296296296296
0 0.4708333333333333 0.9740740740740741 0.05416666666666667 0.05185185185185185
0 0.6260416666666667 0.05740740740740741 0.05625 0.10925925925925926
0 0.030729166666666665 0.2388888888888889 0.06145833333333333 0.14814814814814814
0 0.925 0.02962962962962963 0.07708333333333334 0.05925925925925926
0 0.8286458333333333 0.04537037037037037 0.071875 0.09074074074074075
0 0.8359375 0.05555555555555555 0.06354166666666666 0.1111111111111111
0 0.7333333333333333 0.08333333333333333 0.06770833333333333 0.11851851851851852
0 0.5119791666666667 0.1537037037037037 0.046875 0.12777777777777777
0 0.9369791666666667 0.05648148148148148 0.06354166666666666 0.11296296296296296