0 0.4 0.26481481481481484 0.09166666666666666 0.1685185185185185
0 0.4197916666666667 0.30925925925925923 0.09166666666666666 0.1685185185185185
0 0.14479166666666668 0.6935185185185185 0.103125 0.18333333333333332
0 0.23489583333333333 0.5703703703703704 0.078125 0.14444444444444443
0 0.06822916666666666 0.8287037037037037 0.078125 0.1388888888888889
0 0.04739583333333333 0.5314814814814814 0.06770833333333333 0.11296296296296296
0 0.14375 0.775 0.11041666666666666 0.1925925925925926
0 0.5223958333333333 0.25462962962962965 0.084375 0.15185185185185185
0 0.20572916666666666 0.7074074074074074 0.08645833333333333 0.1537037037037037
0 0.5510416666666667 0.2675925925925926 0.08020833333333334 0.14629629629629629
0 0.2171875 0.7518518518518519 0.09270833333333334 0.16666666666666666
0 0.6697916666666667 0.14814814814814814 0.075 0.13703703703703704
0 0.2828125 0.6916666666666667 0.07916666666666666 0.14074074074074075
0 0.29270833333333335 0.2074074074074074 0.06458333333333334 0.11666666666666667
0 0.15885416666666666 0.9120370370370371 0.09791666666666667 0.17592592592592593
0 0.309375 0.725925925925926 0.1 0.17037037037037037
0 0.03958333333333333 0.5685185185185185 0.07916666666666666 0.14814814814814814
0 0.690625 0.21944444444444444 0.084375 0.15
0 0.6088541666666667 0.34074074074074073 0.078125 0.14629629629629629
0 0.6505208333333333 0.41944444444444445 0.08645833333333333 0.1537037037037037
0 0.85625 0.18703703703703703 0.09375 0.16111111111111112
0 0.8890625 0.20462962962962963 0.07291666666666667 0.12777777777777777
0 0.7151041666666667 0.45555555555555555 0.078125 0.14074074074074075
0 0.49895833333333334 0.7851851851851852 0.09375 0.1685185185185185
0 0.8125 0.40370370370370373 0.07395833333333333 0.13333333333333333
0 0.8078125 0.45740740740740743 0.07395833333333333 0.1259259259259259
0 0.7473958333333334 0.5509259259259259 0.06770833333333333 0.12037037037037036
0 0.8583333333333333 0.4703703703703704 0.08958333333333333 0.1574074074074074
0 0.7760416666666666 0.612037037037037 0.065625 0.12037037037037036
0 0.9817708333333334 0.3138888888888889 0.036458333333333336 0.1574074074074074
0 0.5526041666666667 0.9416666666666667 0.084375 0.11666666666666667
0 0.5625 0.9768518518518519 0.06875 0.046296296296296294
0 0.01875 0.6990740740740741 0.0375 0.16111111111111112
0 0.3072916666666667 0.2675925925925926 0.078125 0.1425925925925926
0 0.4421875 0.09444444444444444 0.07916666666666666 0.15185185185185185
0 0.371875 0.20185185185185187 0.06354166666666666 0.11296296296296296
0 0.0234375 0.7546296296296297 0.046875 0.1574074074074074
0 0.4166666666666667 0.2064814814814815 0.065625 0.1259259259259259