0 0.42916666666666664 0.22962962962962963 0.078125 0.14444444444444443
0 0.12083333333333333 0.75 0.090625 0.16296296296296298
0 0.20833333333333334 0.6277777777777778 0.07291666666666667 0.13703703703703704
0 0.45208333333333334 0.26666666666666666 0.08854166666666667 0.15925925925925927
0 0.12083333333333333 0.825925925925926 0.08958333333333333 0.15925925925925927
0 0.4890625 0.2962962962962963 0.075 0.13518518518518519
0 0.18854166666666666 0.7620370370370371 0.09166666666666666 0.16296296296296298
0 0.509375 0.31203703703703706 0.08229166666666667 0.15
0 0.19791666666666666 0.799074074074074 0.07916666666666666 0.1425925925925926
0 0.11614583333333334 0.9287037037037037 0.09270833333333334 0.1425925925925926
0 0.6286458333333333 0.18796296296296297 0.0625 0.11481481481481481
0 0.26145833333333335 0.774074074074074 0.08854166666666667 0.1574074074074074
0 0.6427083333333333 0.25555555555555554 0.08229166666666667 0.14629629629629629
0 0.29322916666666665 0.7842592592592592 0.08958333333333333 0.1574074074074074
0 0.2833333333333333 0.23703703703703705 0.07083333333333333 0.12777777777777777
0 0.56875 0.4 0.078125 0.14444444444444443
0 0.6140625 0.4675925925925926 0.08541666666666667 0.15
0 0.0640625 0.5777777777777777 0.10104166666666667 0.17777777777777778
0 0.8786458333333333 0.125 0.096875 0.16666666666666666
0 0.9130208333333333 0.14351851851851852 0.07708333333333334 0.13518518518518519
0 0.7520833333333333 0.3962962962962963 0.07291666666666667 0.1259259259259259
0 0.5208333333333334 0.7453703703703703 0.078125 0.14444444444444443
0 0.7833333333333333 0.4638888888888889 0.059375 0.10740740740740741
0 0.7010416666666667 0.5879629629629629 0.07395833333333333 0.13148148148148148
0 0.85 0.4 0.09479166666666666 0.17222222222222222
0 0.8260416666666667 0.46111111111111114 0.0875 0.15925925925925927
0 0.7307291666666667 0.6444444444444445 0.05416666666666667 0.09444444444444444
0 0.5098958333333333 0.9601851851851851 0.09479166666666666 0.07962962962962963
0 0.9604166666666667 0.3212962962962963 0.07916666666666666 0.17222222222222222
0 0.03177083333333333 0.700925925925926 0.06354166666666666 0.18333333333333332
0 0.3171875 0.24814814814814815 0.08020833333333334 0.15
0 0.40520833333333334 0.16944444444444445 0.07916666666666666 0.14814814814814814
0 0.34739583333333335 0.262037037037037 0.08125 0.14814814814814814
0 0.042708333333333334 0.7583333333333333 0.08541666666666667 0.20185185185185187
0 0.37083333333333335 0.25555555555555554 0.078125 0.14444444444444443