0 0.7010416666666667 0.04259259259259259 0.075 0.08518518518518518
0 0.415625 0.2462962962962963 0.07291666666666667 0.14814814814814814
0 0.8005208333333333 0.024074074074074074 0.09479166666666666 0.04814814814814815
0 0.6682291666666667 0.07685185185185185 0.07395833333333333 0.11666666666666667
0 0.4588541666666667 0.262037037037037 0.06041666666666667 0.13333333333333333
0 0.8255208333333334 0.049074074074074076 0.08020833333333334 0.09814814814814815
0 0.6802083333333333 0.14166666666666666 0.07395833333333333 0.12407407407407407
0 0.446875 0.3296296296296296 0.0625 0.14444444444444443
0 0.653125 0.2212962962962963 0.065625 0.14444444444444443
0 0.5072916666666667 0.33611111111111114 0.08541666666666667 0.17592592592592593
0 0.7489583333333333 0.17037037037037037 0.06979166666666667 0.12407407407407407
0 0.7640625 0.21481481481481482 0.07083333333333333 0.12777777777777777
0 0.3385416666666667 0.5509259259259259 0.071875 0.14444444444444443
0 0.16927083333333334 0.6907407407407408 0.10729166666666666 0.18333333333333332
0 0.690625 0.3314814814814815 0.090625 0.15555555555555556
0 0.4161458333333333 0.07222222222222222 0.07291666666666667 0.12777777777777777
0 0.5817708333333333 0.42407407407407405 0.06770833333333333 0.13518518518518519
0 0.421875 0.5509259259259259 0.08020833333333334 0.1388888888888889
0 0.8416666666666667 0.3537037037037037 0.090625 0.1537037037037037
0 0.13177083333333334 0.9083333333333333 0.09479166666666666 0.15555555555555556
0 0.7072916666666667 0.49074074074074076 0.07604166666666666 0.14074074074074075
0 0.6328125 0.5805555555555556 0.0625 0.1259259259259259
0 0.8651041666666667 0.412962962962963 0.08645833333333333 0.13703703703703704
0 0.40989583333333335 0.7675925925925926 0.08333333333333333 0.15
0 0.728125 0.5638888888888889 0.075 0.13703703703703704
0 0.15364583333333334 0.9638888888888889 0.10729166666666666 0.07222222222222222
0 0.6515625 0.6425925925925926 0.059375 0.12222222222222222
0 0.4328125 0.8462962962962963 0.08854166666666667 0.14629629629629629
0 0.34739583333333335 0.15833333333333333 0.057291666666666664 0.13518518518518519
0 0.7375 0.6481481481481481 0.05416666666666667 0.1037037037037037
0 0.8286458333333333 0.5787037037037037 0.08645833333333333 0.1388888888888889
0 0.5390625 0.8324074074074074 0.052083333333333336 0.11851851851851852
0 0.4953125 0.9148148148148149 0.08125 0.15185185185185185
0 0.8317708333333333 0.6685185185185185 0.08645833333333333 0.13518518518518519
0 0.024479166666666666 0.42407407407407405 0.04895833333333333 0.14444444444444443
0 0.734375 0.812962962962963 0.07395833333333333 0.12777777777777777
0 0.5 0.9824074074074074 0.05 0.03518518518518519
0 0.5270833333333333 0.05740740740740741 0.05625 0.11481481481481481
0 0.48020833333333335 0.15185185185185185 0.08020833333333334 0.15925925925925927