0 0.7671875 0.14907407407407408 0.071875 0.14629629629629629
0 0.18489583333333334 0.26296296296296295 0.06041666666666667 0.13148148148148148
0 0.29375 0.2574074074074074 0.051041666666666666 0.10740740740740741
0 0.3328125 0.27685185185185185 0.051041666666666666 0.1388888888888889
0 0.7083333333333334 0.2351851851851852 0.071875 0.14629629629629629
0 0.4901041666666667 0.2851851851851852 0.03229166666666667 0.11296296296296296
0 0.3109375 0.3472222222222222 0.06145833333333333 0.1425925925925926
0 0.37447916666666664 0.35648148148148145 0.042708333333333334 0.1037037037037037
0 0.54375 0.3611111111111111 0.059375 0.11296296296296296
0 0.9442708333333333 0.28703703703703703 0.06770833333333333 0.1037037037037037
0 0.371875 0.42777777777777776 0.057291666666666664 0.16111111111111112
0 0.9526041666666667 0.337037037037037 0.06354166666666666 0.11666666666666667
0 0.1203125 0.49722222222222223 0.06666666666666667 0.1425925925925926
0 0.559375 0.4212962962962963 0.057291666666666664 0.10740740740740741
0 0.2140625 0.537962962962963 0.06666666666666667 0.11666666666666667
0 0.4192708333333333 0.5 0.057291666666666664 0.10185185185185185
0 0.32447916666666665 0.525 0.06145833333333333 0.10555555555555556
0 0.6921875 0.03425925925925926 0.04895833333333333 0.06851851851851852
0 0.9364583333333333 0.5722222222222222 0.07708333333333334 0.13703703703703704
0 0.834375 0.612037037037037 0.075 0.12962962962962962
0 0.5979166666666667 0.6592592592592592 0.052083333333333336 0.10555555555555556
0 0.771875 0.03981481481481482 0.0625 0.07962962962962963
0 0.3729166666666667 0.7185185185185186 0.05520833333333333 0.11481481481481481
0 0.1765625 0.7611111111111111 0.07604166666666666 0.12407407407407407
0 0.953125 0.6333333333333333 0.065625 0.1037037037037037
0 0.8520833333333333 0.6759259259259259 0.065625 0.1037037037037037
0 0.6255208333333333 0.7287037037037037 0.06354166666666666 0.10555555555555556
0 0.39739583333333334 0.09351851851851851 0.035416666666666666 0.11481481481481481
0 0.3963541666666667 0.7805555555555556 0.08645833333333333 0.10740740740740741
0 0.9125 0.7074074074074074 0.08020833333333334 0.13518518518518519
0 0.3645833333333333 0.1037037037037037 0.040625 0.1
0 0.12760416666666666 0.8759259259259259 0.08854166666666667 0.1425925925925926
0 0.4114583333333333 0.9009259259259259 0.07291666666666667 0.09259259259259259
0 0.11041666666666666 0.9666666666666667 0.09583333333333334 0.06666666666666667
0 0.4239583333333333 0.9592592592592593 0.07083333333333333 0.08148148148148149
0 0.21197916666666666 0.1685185185185185 0.05520833333333333 0.11666666666666667
0 0.790625 0.06851851851851852 0.051041666666666666 0.13518518518518519
0 0.9135416666666667 0.05462962962962963 0.08125 0.10925925925925926
0 0.19270833333333334 0.20833333333333334 0.06145833333333333 0.13333333333333333
0 0.9302083333333333 0.08333333333333333 0.08125 0.12222222222222222