0 0.6759868421052632 0.19444444444444445 0.03618421052631579 0.10818713450292397
0 0.07730263157894737 0.6038011695906432 0.03782894736842105 0.09941520467836257
0 0.09950657894736842 0.5964912280701754 0.03289473684210526 0.09649122807017543
0 0.7606907894736842 0.5423976608187134 0.03782894736842105 0.09649122807017543
0 0.7886513157894737 0.5380116959064327 0.039473684210526314 0.09064327485380116
0 0.7680921052631579 0.7587719298245614 0.047697368421052634 0.1111111111111111
0 0.6217105263157895 0.024853801169590642 0.039473684210526314 0.049707602339181284
0 0.5427631578947368 0.0935672514619883 0.03453947368421053 0.07602339181286549
0 0.7138157894736842 0.024853801169590642 0.046052631578947366 0.049707602339181284
0 0.011513157894736841 0.4619883040935672 0.023026315789473683 0.11695906432748537
0 0.5394736842105263 0.12573099415204678 0.027960526315789474 0.08187134502923976
0 0.05098684210526316 0.4956140350877193 0.044407894736842105 0.11403508771929824
0 0.5263157894736842 0.2309941520467836 0.04276315789473684 0.10818713450292397
0 0.28042763157894735 0.3991228070175439 0.047697368421052634 0.10818713450292397
0 0.3347039473684211 0.3654970760233918 0.04276315789473684 0.09649122807017543
0 0.07236842105263158 0.5409356725146199 0.03618421052631579 0.08187134502923976
0 0.6504934210526315 0.17982456140350878 0.03618421052631579 0.1023391812865497