0 0.6932565789473685 0.26608187134502925 0.03453947368421053 0.1111111111111111
0 0.7171052631578947 0.2807017543859649 0.027960526315789474 0.10818713450292397
0 0.07730263157894737 0.391812865497076 0.029605263157894735 0.08771929824561403
0 0.10279605263157894 0.4108187134502924 0.027960526315789474 0.0935672514619883
0 0.7787828947368421 0.6228070175438597 0.02631578947368421 0.08771929824561403
0 0.7828947368421053 0.6578947368421053 0.02631578947368421 0.1023391812865497
0 0.6389802631578947 0.8347953216374269 0.03453947368421053 0.10526315789473684
0 0.6422697368421053 0.945906432748538 0.03618421052631579 0.06725146198830409
0 0.6899671052631579 0.07456140350877193 0.02631578947368421 0.0847953216374269
0 0.6455592105263158 0.1154970760233918 0.018092105263157895 0.08187134502923976
0 0.6595394736842105 0.11695906432748537 0.02138157894736842 0.09649122807017543
0 0.018092105263157895 0.22660818713450293 0.024671052631578948 0.0935672514619883
0 0.007401315789473684 0.24853801169590642 0.014802631578947368 0.0935672514619883
0 0.7023026315789473 0.14912280701754385 0.024671052631578948 0.09649122807017543
0 0.9564144736842105 0.11403508771929824 0.024671052631578948 0.09941520467836257
0 0.7138157894736842 0.15497076023391812 0.024671052631578948 0.1023391812865497
0 0.06990131578947369 0.27923976608187134 0.027960526315789474 0.09064327485380116
0 0.05345394736842105 0.28362573099415206 0.024671052631578948 0.0935672514619883
0 0.5657894736842105 0.24707602339181287 0.029605263157894735 0.10526315789473684
0 0.3527960526315789 0.28654970760233917 0.027960526315789474 0.10526315789473684
0 0.29851973684210525 0.3026315789473684 0.027960526315789474 0.11403508771929824
0 0.10197368421052631 0.3347953216374269 0.027960526315789474 0.0935672514619883