0 0.7425986842105263 0.5818713450292398 0.049342105263157895 0.09941520467836257
0 0.9194078947368421 0.8669590643274854 0.05921052631578947 0.1111111111111111
0 0.6768092105263158 0.9342105263157895 0.047697368421052634 0.09941520467836257
0 0.6587171052631579 0.945906432748538 0.054276315789473686 0.10818713450292397
0 0.45394736842105265 0.8435672514619883 0.0625 0.11988304093567251
0 0.4621710526315789 0.945906432748538 0.05592105263157895 0.10818713450292397
0 0.8009868421052632 0.4064327485380117 0.05263157894736842 0.1023391812865497
0 0.7820723684210527 0.44883040935672514 0.05756578947368421 0.10818713450292397
0 0.7417763157894737 0.4239766081871345 0.046052631578947366 0.09064327485380116
0 0.977796052631579 0.7397660818713451 0.044407894736842105 0.10526315789473684
0 0.75 0.4605263157894737 0.03782894736842105 0.07602339181286549
0 0.4786184210526316 0.17105263157894737 0.05263157894736842 0.1023391812865497
0 0.6447368421052632 0.38742690058479534 0.05263157894736842 0.10526315789473684
0 0.4243421052631579 0.11257309941520467 0.05921052631578947 0.11695906432748537
0 0.7310855263157895 0.5394736842105263 0.049342105263157895 0.09941520467836257