0 0.5564853556485355 0.6597035040431267 0.03138075313807531 0.04986522911051213
0 0.1718967921896792 0.6671159029649596 0.03695955369595537 0.05256064690026954
0 0.17224546722454673 0.6805929919137467 0.03277545327754533 0.05660377358490566
0 0.548465829846583 0.8045822102425876 0.0299860529986053 0.06334231805929919
0 0.603905160390516 0.9373315363881402 0.03626220362622036 0.057951482479784364
0 0.446652719665272 0.5464959568733153 0.03486750348675035 0.05121293800539083
0 0.7566248256624826 0.5424528301886793 0.03765690376569038 0.0646900269541779
0 0.5833333333333334 0.4871967654986523 0.03765690376569038 0.05256064690026954
0 0.499302649930265 0.26078167115902967 0.022315202231520222 0.05121293800539083
0 0.5327754532775453 0.13140161725067384 0.03277545327754533 0.057951482479784364
0 0.5697350069735007 0.6516172506738545 0.03138075313807531 0.05121293800539083
0 0.5135983263598326 0.25202156334231807 0.026499302649930265 0.05525606469002695