0 0.5052301255230126 0.18328840970350405 0.028591352859135284 0.07008086253369272
0 0.7838214783821479 0.4898921832884097 0.02789400278940028 0.04177897574123989
0 0.8776150627615062 0.46495956873315364 0.02301255230125523 0.03773584905660377
0 0.9110878661087866 0.45619946091644203 0.030683403068340307 0.05660377358490566
0 0.9909344490934449 0.7203504043126685 0.01813110181311018 0.05525606469002695
0 0.9912831241283124 0.7446091644204852 0.017433751743375175 0.03369272237196765
0 0.5334728033472803 0.2803234501347709 0.024407252440725245 0.05390835579514825
0 0.754881450488145 0.5249326145552561 0.03138075313807531 0.05660377358490566
0 0.7580195258019525 0.4925876010781671 0.0299860529986053 0.05256064690026954
0 0.7283821478382148 0.5033692722371967 0.028591352859135284 0.04851752021563342
0 0.9456066945606695 0.408355795148248 0.03486750348675035 0.06334231805929919
0 0.5568340306834031 0.7068733153638814 0.02789400278940028 0.07681940700808626
0 0.541492329149233 0.7109164420485176 0.03417015341701534 0.08355795148247978
0 0.5854253835425384 0.6738544474393531 0.027196652719665274 0.07142857142857142