0 0.6007670850767085 0.42102137767220904 0.028591352859135284 0.052256532066508314
0 0.24721059972105996 0.4994061757719715 0.029288702928870293 0.04275534441805225
0 0.3396094839609484 0.49287410926365793 0.02789400278940028 0.04513064133016627
0 0.3158995815899582 0.5166270783847982 0.03277545327754533 0.05344418052256532
0 0.45397489539748953 0.6074821852731591 0.042538354253835425 0.07007125890736342
0 0.6467921896792189 0.8616389548693587 0.041143654114365415 0.07125890736342043
0 0.3552998605299861 0.6585510688836105 0.041143654114365415 0.0688836104513064
0 0.200139470013947 0.33907363420427555 0.04741980474198047 0.07363420427553444
0 0.02789400278940028 0.24465558194774348 0.03695955369595537 0.05938242280285035
0 0.7646443514644351 0.7422802850356295 0.02580195258019526 0.040380047505938245
0 0.23709902370990238 0.5089073634204275 0.028591352859135284 0.043942992874109264
0 0.5899581589958159 0.40498812351543945 0.027196652719665274 0.047505938242280284
0 0.9738493723849372 0.7013064133016627 0.04881450488145049 0.0855106888361045
0 0.42608089260808923 0.5843230403800475 0.03417015341701534 0.05344418052256532
0 0.41422594142259417 0.6900237529691211 0.03207810320781032 0.0498812351543943
0 0.4082984658298466 0.6935866983372921 0.026499302649930265 0.040380047505938245
0 0.599721059972106 0.5534441805225653 0.041143654114365415 0.0688836104513064
0 0.7719665271966527 0.7250593824228029 0.03626220362622036 0.052256532066508314
0 0.32566248256624825 0.5017814726840855 0.026499302649930265 0.04275534441805225
0 0.33263598326359833 0.4679334916864608 0.0299860529986053 0.04631828978622328
0 0.9267782426778243 0.7327790973871734 0.03207810320781032 0.055819477434679333
0 0.5620641562064156 0.31235154394299286 0.0397489539748954 0.07244655581947744