0 0.6722454672245467 0.3414489311163896 0.02301255230125523 0.04275534441805225
0 0.4818688981868898 0.27019002375296913 0.03277545327754533 0.06769596199524941
0 0.46234309623430964 0.015439429928741092 0.029288702928870293 0.030878859857482184
0 0.5031380753138075 0.6894299287410927 0.041143654114365415 0.052256532066508314
0 0.5195258019525802 0.24049881235154394 0.03626220362622036 0.06532066508313539
0 0.059274755927475595 0.8657957244655582 0.03556485355648536 0.06532066508313539
0 0.1809623430962343 0.8598574821852731 0.03347280334728033 0.040380047505938245
0 0.6642259414225942 0.30938242280285033 0.027196652719665274 0.052256532066508314
0 0.16283124128312412 0.917458432304038 0.03695955369595537 0.043942992874109264
0 0.9926778242677824 0.7274346793349169 0.014644351464435146 0.05344418052256532
0 0.37412831241283123 0.7179334916864608 0.04741980474198047 0.06294536817102138
0 0.702928870292887 0.35510688836104515 0.023709902370990237 0.0498812351543943
0 0.6827057182705718 0.3527315914489311 0.022315202231520222 0.040380047505938245
0 0.8940027894002789 0.02672209026128266 0.03486750348675035 0.05344418052256532
0 0.6290097629009763 0.8129453681710214 0.043235704323570434 0.07244655581947744
0 0.8744769874476988 0.0997624703087886 0.03138075313807531 0.055819477434679333
0 0.45397489539748953 0.29334916864608074 0.03486750348675035 0.07957244655581948
0 0.10774058577405858 0.34085510688836107 0.023709902370990237 0.04275534441805225