0 0.5404463040446305 0.5207838479809976 0.03765690376569038 0.048693586698337295
0 0.3762203626220363 0.7826603325415677 0.024407252440725245 0.03800475059382423
0 0.702928870292887 0.5890736342042755 0.03486750348675035 0.039192399049881234
0 0.5840306834030683 0.7030878859857482 0.0502092050209205 0.05463182897862233
0 0.5052301255230126 0.6852731591448931 0.03765690376569038 0.0510688836104513
0 0.37482566248256627 0.8111638954869359 0.028591352859135284 0.043942992874109264
0 0.9142259414225942 0.10688836104513064 0.02789400278940028 0.05463182897862233
0 0.5132496513249651 0.744061757719715 0.030683403068340307 0.048693586698337295
0 0.9696652719665272 0.5724465558194775 0.028591352859135284 0.040380047505938245
0 0.9069037656903766 0.06413301662707839 0.03486750348675035 0.06294536817102138
0 0.4616457461645746 0.2850356294536817 0.030683403068340307 0.07007125890736342