0 0.4894067796610169 0.6209893048128342 0.04519774011299435 0.09090909090909091
0 0.4632768361581921 0.9592245989304813 0.046610169491525424 0.07620320855614973
0 0.5780367231638418 0.3181818181818182 0.04096045197740113 0.08021390374331551
0 0.6034604519774012 0.32687165775401067 0.04025423728813559 0.07352941176470588
0 0.7517655367231638 0.29411764705882354 0.048728813559322036 0.08957219251336898
0 0.3668785310734463 0.1570855614973262 0.03742937853107345 0.06550802139037433
0 0.3471045197740113 0.13703208556149732 0.03742937853107345 0.08288770053475936
0 0.24470338983050846 0.11096256684491979 0.04731638418079096 0.07887700534759358
0 0.361228813559322 0.1751336898395722 0.0346045197740113 0.06818181818181818
0 0.11687853107344633 0.5013368983957219 0.05367231638418079 0.08823529411764706
0 0.5109463276836158 0.9605614973262032 0.03954802259887006 0.07219251336898395