0 0.5642655367231638 0.6229946524064172 0.04943502824858757 0.09491978609625669
0 0.6747881355932204 0.7747326203208557 0.05014124293785311 0.09224598930481283
0 0.4459745762711864 0.24933155080213903 0.043785310734463276 0.08422459893048129
0 0.4625706214689266 0.21122994652406418 0.041666666666666664 0.07754010695187166
0 0.527542372881356 0.022727272727272728 0.05084745762711865 0.045454545454545456
0 0.8997175141242938 0.38836898395721925 0.04519774011299435 0.08689839572192513
0 0.2895480225988701 0.5280748663101604 0.03742937853107345 0.06951871657754011
0 0.2673022598870056 0.5434491978609626 0.041666666666666664 0.08422459893048129
0 0.19350282485875706 0.7125668449197861 0.048728813559322036 0.08689839572192513
0 0.2990819209039548 0.554144385026738 0.03742937853107345 0.07219251336898395
0 0.7235169491525424 0.7038770053475936 0.041666666666666664 0.07754010695187166