0 0.5474198047419805 0.7863881401617251 0.04602510460251046 0.06873315363881402
0 0.6032078103207811 0.5505390835579514 0.029288702928870293 0.0646900269541779
0 0.547768479776848 0.13814016172506738 0.028591352859135284 0.05525606469002695
0 0.550557880055788 0.38140161725067384 0.03207810320781032 0.05660377358490566
0 0.7196652719665272 0.3247978436657682 0.02580195258019526 0.06064690026954178
0 0.396792189679219 0.25134770889487873 0.02092050209205021 0.04716981132075472
0 0.5899581589958159 0.9225067385444744 0.02789400278940028 0.04043126684636118
0 0.148884239888424 0.6475741239892183 0.042538354253835425 0.05525606469002695
0 0.5083682008368201 0.03773584905660377 0.03905160390516039 0.057951482479784364
0 0.5080195258019525 0.3032345013477089 0.03765690376569038 0.04986522911051213
0 0.5662482566248257 0.772911051212938 0.03138075313807531 0.04851752021563342