0 0.058577405857740586 0.7268408551068883 0.02301255230125523 0.0332541567695962
0 0.5223152022315202 0.6852731591448931 0.01882845188284519 0.02494061757719715
0 0.49686192468619245 0.6941805225653207 0.02510460251046025 0.039192399049881234
0 0.2712691771269177 0.7482185273159145 0.02092050209205021 0.027315914489311165
0 0.5979776847977685 0.4691211401425178 0.021617852161785217 0.0344418052256532
0 0.6349372384937239 0.7648456057007126 0.021617852161785217 0.027315914489311165
0 0.012203626220362623 0.6211401425178147 0.024407252440725245 0.047505938242280284
0 0.8723849372384938 0.7226840855106889 0.02789400278940028 0.04156769596199525
0 0.5596234309623431 0.9144893111638955 0.03277545327754533 0.057007125890736345
0 0.5495118549511855 0.4340855106888361 0.03905160390516039 0.05344418052256532
0 0.5327754532775453 0.15914489311163896 0.02789400278940028 0.05463182897862233
0 0.5324267782426778 0.6318289786223278 0.021617852161785217 0.020190023752969122
0 0.5303347280334728 0.6466745843230404 0.013249651324965132 0.020190023752969122
0 0.5404463040446305 0.6573634204275535 0.014644351464435146 0.023752969121140142
0 0.5247559274755927 0.6656769596199525 0.014644351464435146 0.021377672209026127
0 0.9616457461645747 0.24346793349168647 0.021617852161785217 0.06175771971496437
0 0.15306834030683403 0.6757719714964371 0.02301255230125523 0.023752969121140142
0 0.20920502092050208 0.7161520190023754 0.02580195258019526 0.029691211401425176
0 0.6610878661087866 0.3913301662707839 0.02301255230125523 0.03681710213776722
0 0.5878661087866108 0.45308788598574823 0.02301255230125523 0.0332541567695962
0 0.9323570432357043 0.31116389548693585 0.02789400278940028 0.03800475059382423
0 0.49407252440725247 0.2856294536817102 0.022315202231520222 0.052256532066508314