0 0.5522598870056498 0.5383254716981132 0.036016949152542374 0.05306603773584906
0 0.9233757062146892 0.4428066037735849 0.05084745762711865 0.08254716981132075
0 0.5466101694915254 0.2647405660377358 0.05084745762711865 0.08254716981132075
0 0.6790254237288136 0.7075471698113207 0.04943502824858757 0.08372641509433962
0 0.5314265536723164 0.5831367924528302 0.04449152542372881 0.06839622641509434
0 0.8245056497175142 0.8390330188679245 0.03742937853107345 0.05660377358490566
0 0.8608757062146892 0.941627358490566 0.041666666666666664 0.07547169811320754
0 0.6412429378531074 0.6126179245283019 0.03954802259887006 0.06485849056603774
0 0.6440677966101694 0.5849056603773585 0.03672316384180791 0.05306603773584906
0 0.823093220338983 0.8077830188679245 0.03177966101694915 0.05188679245283019
0 0.8870056497175142 0.7954009433962265 0.04096045197740113 0.06721698113207547
0 0.5278954802259888 0.5194575471698113 0.043785310734463276 0.0660377358490566