0 0.5163877266387726 0.37331536388140163 0.027196652719665274 0.05256064690026954
0 0.4794281729428173 0.2931266846361186 0.027196652719665274 0.05660377358490566
0 0.4919804741980474 0.26212938005390835 0.028591352859135284 0.05390835579514825
0 0.4860529986052999 0.2830188679245283 0.027196652719665274 0.05929919137466307
0 0.500697350069735 0.29649595687331537 0.024407252440725245 0.04986522911051213
0 0.5108089260808926 0.3288409703504043 0.03486750348675035 0.0660377358490566
0 0.5324267782426778 0.36792452830188677 0.028591352859135284 0.057951482479784364
0 0.50139470013947 0.3632075471698113 0.029288702928870293 0.05929919137466307
0 0.599023709902371 0.7574123989218329 0.03695955369595537 0.0646900269541779
0 0.4225941422594142 0.24528301886792453 0.03486750348675035 0.0660377358490566
0 0.4222454672245467 0.06334231805929919 0.02789400278940028 0.05929919137466307
0 0.40690376569037656 0.07210242587601078 0.03138075313807531 0.0660377358490566
0 0.42398884239888424 0.11253369272237197 0.0397489539748954 0.07412398921832884
0 0.3214783821478382 0.15161725067385445 0.040446304044630406 0.07008086253369272
0 0.7196652719665272 0.07210242587601078 0.045327754532775454 0.09164420485175202
0 0.9909344490934449 0.27358490566037735 0.01813110181311018 0.07008086253369272
0 0.6778242677824268 0.8099730458221024 0.03556485355648536 0.0673854447439353