0 0.5543933054393305 0.9459619952494062 0.0299860529986053 0.048693586698337295
0 0.5707810320781032 0.9245843230403801 0.03417015341701534 0.0498812351543943
0 0.7283821478382148 0.5926365795724465 0.03138075313807531 0.03800475059382423
0 0.7315202231520224 0.5754156769596199 0.023709902370990237 0.03681710213776722
0 0.4724546722454672 0.2666270783847981 0.03347280334728033 0.03800475059382423
0 0.7580195258019525 0.669833729216152 0.03626220362622036 0.029691211401425176
0 0.7343096234309623 0.6039192399049881 0.026499302649930265 0.028503562945368172
0 0.7660390516039052 0.6359857482185273 0.03347280334728033 0.029691211401425176
0 0.9243375174337517 0.5843230403800475 0.02789400278940028 0.055819477434679333
0 0.4082984658298466 0.7725653206650831 0.030683403068340307 0.040380047505938245
0 0.7559274755927475 0.6027315914489311 0.03905160390516039 0.039192399049881234
0 0.7622036262203626 0.6193586698337292 0.03905160390516039 0.029691211401425176
0 0.9379358437935844 0.13836104513064132 0.030683403068340307 0.06175771971496437
0 0.9124825662482566 0.20546318289786222 0.02301255230125523 0.039192399049881234
0 0.4766387726638773 0.28978622327790976 0.03207810320781032 0.055819477434679333