0 0.6070432357043236 0.4831536388140162 0.02510460251046025 0.04851752021563342
0 0.5421896792189679 0.44070080862533695 0.02301255230125523 0.05390835579514825
0 0.5543933054393305 0.4036388140161725 0.026499302649930265 0.04851752021563342
0 0.5488145048814504 0.42857142857142855 0.021617852161785217 0.05929919137466307
0 0.5658995815899581 0.444743935309973 0.021617852161785217 0.04582210242587601
0 0.5104602510460251 0.16307277628032346 0.03207810320781032 0.05929919137466307
0 0.6147140864714087 0.4716981132075472 0.027196652719665274 0.05660377358490566
0 0.5686889818688982 0.48787061994609165 0.02510460251046025 0.05525606469002695
0 0.45467224546722457 0.18261455525606468 0.03556485355648536 0.05660377358490566
0 0.4710599721059972 0.057951482479784364 0.028591352859135284 0.0646900269541779
0 0.4874476987447699 0.057951482479784364 0.02510460251046025 0.07142857142857142
0 0.50418410041841 0.18935309973045822 0.023709902370990237 0.057951482479784364
0 0.4916317991631799 0.18935309973045822 0.02580195258019526 0.06199460916442048
0 0.4675732217573222 0.17587601078167117 0.027196652719665274 0.05660377358490566
0 0.504881450488145 0.22708894878706198 0.03695955369595537 0.0660377358490566
0 0.36401673640167365 0.08221024258760108 0.03905160390516039 0.06199460916442048
0 0.7642956764295676 0.18396226415094338 0.040446304044630406 0.08490566037735849