0 0.6311018131101813 0.22327790973871733 0.02789400278940028 0.048693586698337295
0 0.4131799163179916 0.26187648456057006 0.040446304044630406 0.07244655581947744
0 0.3622733612273361 0.06828978622327792 0.030683403068340307 0.047505938242280284
0 0.41248256624825663 0.8408551068883611 0.04184100418410042 0.0665083135391924
0 0.6736401673640168 0.7790973871733967 0.041143654114365415 0.07363420427553444
0 0.398884239888424 0.916270783847981 0.03417015341701534 0.05463182897862233
0 0.6384239888423989 0.18052256532066507 0.03207810320781032 0.057007125890736345
0 0.45571827057182707 0.7434679334916865 0.04951185495118549 0.07957244655581948
0 0.6631799163179917 0.2321852731591449 0.0299860529986053 0.05463182897862233
0 0.6506276150627615 0.22565320665083136 0.02510460251046025 0.04275534441805225
0 0.705718270571827 0.7589073634204275 0.043235704323570434 0.07125890736342043
0 0.41527196652719667 0.336104513064133 0.044630404463040445 0.0831353919239905
0 0.11401673640167365 0.6549881235154394 0.028591352859135284 0.0498812351543943