0 0.6363319386331938 0.03706199460916442 0.022315202231520222 0.03369272237196765
0 0.5101115760111576 0.6799191374663073 0.02301255230125523 0.05256064690026954
0 0.5313807531380753 0.5498652291105122 0.022315202231520222 0.04177897574123989
0 0.2315202231520223 0.47641509433962265 0.029288702928870293 0.03369272237196765
0 0.23291492329149233 0.5074123989218329 0.026499302649930265 0.03369272237196765
0 0.5359135285913529 0.3719676549865229 0.026499302649930265 0.03638814016172507
0 0.5055788005578801 0.47102425876010784 0.022315202231520222 0.03908355795148248
0 0.7147838214783822 0.2587601078167116 0.021617852161785217 0.02830188679245283
0 0.6980474198047419 0.6509433962264151 0.021617852161785217 0.03234501347708895
0 0.5767085076708508 0.532345013477089 0.02789400278940028 0.04582210242587601
0 0.5264993026499303 0.1623989218328841 0.02580195258019526 0.04986522911051213
0 0.5962343096234309 0.03975741239892183 0.021617852161785217 0.029649595687331536
0 0.550557880055788 0.557277628032345 0.022315202231520222 0.03369272237196765
0 0.5449790794979079 0.158355795148248 0.02510460251046025 0.03638814016172507