0 0.4975282485875706 0.6751336898395722 0.03954802259887006 0.08288770053475936
0 0.5165960451977402 0.9258021390374331 0.04096045197740113 0.07352941176470588
0 0.557909604519774 0.25 0.036016949152542374 0.07219251336898395
0 0.5826271186440678 0.24598930481283424 0.03531073446327684 0.06417112299465241
0 0.7086864406779662 0.18850267379679145 0.04307909604519774 0.07754010695187166
0 0.8199152542372882 0.964572192513369 0.03672316384180791 0.07085561497326204
0 0.3446327683615819 0.23328877005347592 0.03248587570621469 0.05481283422459893
0 0.3234463276836158 0.21256684491978609 0.031073446327683617 0.07754010695187166
0 0.2062146892655367 0.22994652406417113 0.04307909604519774 0.06684491978609626
0 0.3396892655367232 0.2640374331550802 0.03036723163841808 0.06283422459893048
0 0.13312146892655366 0.6243315508021391 0.05084745762711865 0.07352941176470588
0 0.577683615819209 0.945855614973262 0.0346045197740113 0.06417112299465241