0 0.5805439330543933 0.956199460916442 0.030683403068340307 0.04851752021563342
0 0.5446304044630405 0.8659029649595688 0.042538354253835425 0.07008086253369272
0 0.28730822873082285 0.6549865229110512 0.03486750348675035 0.05121293800539083
0 0.548465829846583 0.2587601078167116 0.03277545327754533 0.057951482479784364
0 0.8633193863319386 0.5202156334231806 0.03695955369595537 0.0660377358490566
0 0.5781032078103208 0.5694070080862533 0.03695955369595537 0.05121293800539083
0 0.5376569037656904 0.4925876010781671 0.022315202231520222 0.05121293800539083
0 0.5697350069735007 0.43194070080862534 0.03207810320781032 0.05660377358490566
0 0.596931659693166 0.9508086253369272 0.030683403068340307 0.04851752021563342
0 0.548465829846583 0.4784366576819407 0.026499302649930265 0.05390835579514825
0 0.5299860529986054 0.2688679245283019 0.03277545327754533 0.05121293800539083
0 0.5369595536959554 0.3780323450134771 0.030683403068340307 0.06199460916442048