0 0.4007768361581921 0.23529411764705882 0.03742937853107345 0.06818181818181818
0 0.23022598870056496 0.11296791443850267 0.03248587570621469 0.05080213903743316
0 0.3965395480225989 0.13101604278074866 0.023305084745762712 0.03877005347593583
0 0.4887005649717514 0.8683155080213903 0.028954802259887006 0.04946524064171123
0 0.5674435028248588 0.21457219251336898 0.033192090395480225 0.05481283422459893
0 0.5042372881355932 0.8709893048128342 0.02754237288135593 0.05080213903743316
0 0.408545197740113 0.13770053475935828 0.023305084745762712 0.03877005347593583
0 0.945268361581921 0.6122994652406417 0.02401129943502825 0.04411764705882353
0 0.9251412429378532 0.6276737967914439 0.023305084745762712 0.03877005347593583
0 0.9445621468926554 0.6450534759358288 0.023305084745762712 0.03877005347593583
0 0.0949858757062147 0.5073529411764706 0.03389830508474576 0.0481283422459893