0 0.8824152542372882 0.9286556603773585 0.0423728813559322 0.07783018867924528
0 0.554731638418079 0.2665094339622642 0.04943502824858757 0.07311320754716981
0 0.5727401129943502 0.14327830188679244 0.031073446327683617 0.05188679245283019
0 0.5388418079096046 0.41627358490566035 0.03884180790960452 0.06839622641509434
0 0.917725988700565 0.504127358490566 0.031073446327683617 0.05306603773584906
0 0.2334039548022599 0.25412735849056606 0.02754237288135593 0.049528301886792456
0 0.6140536723163842 0.5459905660377359 0.05155367231638418 0.08726415094339622
0 0.6560734463276836 0.23349056603773585 0.029661016949152543 0.055424528301886794
0 0.667725988700565 0.2446933962264151 0.0346045197740113 0.06132075471698113
0 0.942090395480226 0.5890330188679245 0.03531073446327684 0.05660377358490566
0 0.10769774011299435 0.018278301886792452 0.03177966101694915 0.036556603773584904
0 0.5134180790960452 0.14976415094339623 0.033192090395480225 0.05070754716981132
0 0.9293785310734464 0.46108490566037735 0.0346045197740113 0.060141509433962265
0 0.4141949152542373 0.7859669811320755 0.03177966101694915 0.049528301886792456
0 0.442090395480226 0.4858490566037736 0.04307909604519774 0.0625