0 0.3978382147838215 0.0660377358490566 0.03277545327754533 0.0660377358490566
0 0.5432357043235704 0.26549865229110514 0.03556485355648536 0.06873315363881402
0 0.3908647140864714 0.2055256064690027 0.030683403068340307 0.05929919137466307
0 0.6049511854951185 0.5545822102425876 0.03207810320781032 0.06334231805929919
0 0.5760111576011158 0.557277628032345 0.03626220362622036 0.0673854447439353
0 0.8647140864714087 0.1320754716981132 0.01882845188284519 0.03504043126684636
0 0.8800557880055788 0.14016172506738545 0.019525801952580194 0.03773584905660377
0 0.9372384937238494 0.16037735849056603 0.022315202231520222 0.04177897574123989
0 0.6032078103207811 0.47911051212938005 0.02510460251046025 0.04716981132075472
0 0.23535564853556484 0.9824797843665768 0.03417015341701534 0.03504043126684636
0 0.39539748953974896 0.12735849056603774 0.04951185495118549 0.09568733153638814
0 0.46548117154811713 0.21428571428571427 0.03486750348675035 0.06199460916442048
0 0.6223849372384938 0.4831536388140162 0.02510460251046025 0.04716981132075472
0 0.6324965132496513 0.46630727762803237 0.02301255230125523 0.0444743935309973
0 0.6199442119944212 0.4440700808625337 0.024407252440725245 0.0444743935309973