0 0.5338983050847458 0.13836898395721925 0.025423728813559324 0.05748663101604278
0 0.4982344632768362 0.056818181818181816 0.024717514124293787 0.06550802139037433
0 0.66454802259887 0.2446524064171123 0.02754237288135593 0.053475935828877004
0 0.3432203389830508 0.32219251336898397 0.03036723163841808 0.04411764705882353
0 0.698093220338983 0.17446524064171123 0.03248587570621469 0.045454545454545456
0 0.5056497175141242 0.32085561497326204 0.026129943502824857 0.0481283422459893
0 0.10769774011299435 0.4872994652406417 0.033192090395480225 0.05481283422459893
0 0.538135593220339 0.038101604278074866 0.03248587570621469 0.0374331550802139
0 0.4795197740112994 0.26537433155080214 0.026129943502824857 0.03609625668449198
0 0.4721045197740113 0.8877005347593583 0.03248587570621469 0.04679144385026738
0 0.6850282485875706 0.6403743315508021 0.029661016949152543 0.0427807486631016
0 0.3442796610169492 0.2660427807486631 0.024717514124293787 0.04144385026737968
0 0.3418079096045198 0.29612299465240643 0.021892655367231638 0.04946524064171123
0 0.4668079096045198 0.23328877005347592 0.02401129943502825 0.0374331550802139
0 0.17125706214689265 0.39371657754010697 0.029661016949152543 0.05213903743315508