0 0.5129009762900977 0.34299191374663074 0.027196652719665274 0.05929919137466307
0 0.5202231520223152 0.44878706199460916 0.02510460251046025 0.04716981132075472
0 0.296373779637378 0.6212938005390836 0.0299860529986053 0.04043126684636118
0 0.300557880055788 0.6516172506738545 0.027196652719665274 0.03908355795148248
0 0.48430962343096234 0.07884097035040431 0.028591352859135284 0.0431266846361186
0 0.49721059972105996 0.37601078167115903 0.02510460251046025 0.0444743935309973
0 0.6841004184100419 0.15161725067385445 0.023709902370990237 0.03504043126684636
0 0.6753835425383543 0.5303234501347709 0.024407252440725245 0.03908355795148248
0 0.5777545327754533 0.4797843665768194 0.030683403068340307 0.05390835579514825
0 0.45432357043235705 0.08827493261455525 0.028591352859135284 0.05390835579514825
0 0.5411436541143654 0.44272237196765496 0.024407252440725245 0.03908355795148248
0 0.4714086471408647 0.0747978436657682 0.027196652719665274 0.04177897574123989