0 0.6164574616457462 0.42280285035629456 0.0299860529986053 0.048693586698337295
0 0.5941422594142259 0.7749406175771971 0.041143654114365415 0.05938242280285035
0 0.5610181311018131 0.7779097387173397 0.03277545327754533 0.05463182897862233
0 0.12831241283124128 0.4916864608076009 0.03277545327754533 0.05819477434679335
0 0.5149930264993027 0.7891923990498813 0.03138075313807531 0.04156769596199525
0 0.19700139470013947 0.7494061757719715 0.027196652719665274 0.052256532066508314
0 0.3793584379358438 0.49346793349168644 0.027196652719665274 0.0498812351543943
0 0.4435146443514644 0.6347980997624703 0.02580195258019526 0.032066508313539195
0 0.47315202231520226 0.6431116389548693 0.038354253835425386 0.0510688836104513
0 0.799860529986053 0.7066508313539193 0.03905160390516039 0.05938242280285035
0 0.5428870292887029 0.04513064133016627 0.026499302649930265 0.048693586698337295
0 0.9309623430962343 0.14133016627078385 0.0299860529986053 0.0510688836104513
0 0.907252440725244 0.21140142517814728 0.02301255230125523 0.0498812351543943
0 0.47489539748953974 0.2844418052256532 0.029288702928870293 0.06294536817102138
0 0.5149930264993027 0.022565320665083134 0.03277545327754533 0.04513064133016627
0 0.75 0.663895486935867 0.03626220362622036 0.06294536817102138
0 0.558228730822873 0.6377672209026128 0.03556485355648536 0.05463182897862233
0 0.49407252440725247 0.09560570071258907 0.038354253835425386 0.047505938242280284
0 0.10285913528591353 0.7980997624703088 0.03138075313807531 0.0510688836104513
0 0.24721059972105996 0.7304038004750594 0.029288702928870293 0.06175771971496437