0 0.5370762711864406 0.23172169811320756 0.021892655367231638 0.03773584905660377
0 0.827683615819209 0.04186320754716981 0.036016949152542374 0.055424528301886794
0 0.4579802259887006 0.2617924528301887 0.043785310734463276 0.06485849056603774
0 0.6009887005649718 0.5283018867924528 0.02754237288135593 0.03537735849056604
0 0.7337570621468926 0.46639150943396224 0.022598870056497175 0.045990566037735846
0 0.1317090395480226 0.6173349056603774 0.029661016949152543 0.03891509433962264
0 0.7415254237288136 0.4964622641509434 0.021892655367231638 0.0330188679245283
0 0.8237994350282486 0.39740566037735847 0.022598870056497175 0.049528301886792456
0 0.6504237288135594 0.44516509433962265 0.01765536723163842 0.03537735849056604
0 0.6348870056497176 0.4380896226415094 0.02824858757062147 0.04245283018867924
0 0.7376412429378532 0.48172169811320753 0.024717514124293787 0.031839622641509434
0 0.765183615819209 0.3803066037735849 0.02824858757062147 0.04245283018867924
0 0.5222457627118644 0.23879716981132076 0.021892655367231638 0.045990566037735846