0 0.5575564971751412 0.2306149732620321 0.023305084745762712 0.05481283422459893
0 0.5353107344632768 0.1443850267379679 0.0211864406779661 0.06149732620320856
0 0.644774011299435 0.2894385026737968 0.026129943502824857 0.05213903743315508
0 0.4057203389830508 0.268048128342246 0.02824858757062147 0.04144385026737968
0 0.6578389830508474 0.19117647058823528 0.031073446327683617 0.04144385026737968
0 0.5173022598870056 0.1697860962566845 0.024717514124293787 0.045454545454545456
0 0.0858050847457627 0.3375668449197861 0.031073446327683617 0.05213903743315508
0 0.5282485875706214 0.26136363636363635 0.025423728813559324 0.03342245989304813
0 0.4480932203389831 0.8803475935828877 0.028954802259887006 0.040106951871657755
0 0.6744350282485876 0.6831550802139037 0.02754237288135593 0.0374331550802139
0 0.4088983050847458 0.2212566844919786 0.021892655367231638 0.03877005347593583
0 0.4053672316384181 0.24933155080213903 0.021892655367231638 0.04144385026737968
0 0.515183615819209 0.22727272727272727 0.0211864406779661 0.034759358288770054
0 0.1694915254237288 0.32085561497326204 0.02824858757062147 0.04946524064171123