0 0.07252440725244072 0.36282660332541566 0.03695955369595537 0.06294536817102138
0 0.051952580195258016 0.2321852731591449 0.04741980474198047 0.07125890736342043
0 0.9787308228730823 0.6514251781472684 0.03556485355648536 0.06532066508313539
0 0.5690376569037657 0.8230403800475059 0.038354253835425386 0.06769596199524941
0 0.6830543933054394 0.19655581947743467 0.03207810320781032 0.055819477434679333
0 0.6548117154811716 0.32244655581947745 0.03486750348675035 0.05819477434679335
0 0.7838214783821479 0.7309976247030879 0.040446304044630406 0.06175771971496437
0 0.6394700139470014 0.2333729216152019 0.043933054393305436 0.07363420427553444
0 0.6844490934449093 0.8812351543942993 0.03138075313807531 0.057007125890736345
0 0.9309623430962343 0.7036817102137767 0.03905160390516039 0.06769596199524941
0 0.5557880055788006 0.3022565320665083 0.041143654114365415 0.0831353919239905