0 0.8637005649717514 0.9663915094339622 0.043785310734463276 0.06721698113207547
0 0.5642655367231638 0.27358490566037735 0.04943502824858757 0.07547169811320754
0 0.5875706214689266 0.15271226415094338 0.031073446327683617 0.05306603773584906
0 0.5420197740112994 0.4209905660377358 0.04025423728813559 0.0695754716981132
0 0.9166666666666666 0.5530660377358491 0.03177966101694915 0.05306603773584906
0 0.2443502824858757 0.22346698113207547 0.02824858757062147 0.049528301886792456
0 0.6119350282485876 0.5589622641509434 0.052259887005649715 0.08844339622641509
0 0.6666666666666666 0.25235849056603776 0.031073446327683617 0.055424528301886794
0 0.6779661016949152 0.2647405660377358 0.03531073446327684 0.0625
0 0.9371468926553672 0.6403301886792453 0.036016949152542374 0.05778301886792453
0 0.5282485875706214 0.15212264150943397 0.033192090395480225 0.05188679245283019
0 0.929731638418079 0.5112028301886793 0.03531073446327684 0.060141509433962265
0 0.4025423728813559 0.7753537735849056 0.03177966101694915 0.05070754716981132
0 0.4427966101694915 0.4793632075471698 0.04307909604519774 0.06485849056603774