0 0.6021617852161785 0.42695961995249404 0.029288702928870293 0.052256532066508314
0 0.24721059972105996 0.4839667458432304 0.028591352859135284 0.043942992874109264
0 0.3396094839609484 0.4833729216152019 0.02789400278940028 0.04513064133016627
0 0.3158995815899582 0.505938242280285 0.03277545327754533 0.05463182897862233
0 0.45188284518828453 0.6045130641330166 0.042538354253835425 0.07125890736342043
0 0.6394700139470014 0.8699524940617577 0.041143654114365415 0.07125890736342043
0 0.3521617852161785 0.649643705463183 0.041143654114365415 0.0688836104513064
0 0.20362622036262204 0.32125890736342044 0.046722454672245464 0.07482185273159145
0 0.03347280334728033 0.2167458432304038 0.03695955369595537 0.05938242280285035
0 0.7594142259414226 0.7577197149643705 0.02580195258019526 0.04156769596199525
0 0.23709902370990238 0.49346793349168644 0.028591352859135284 0.043942992874109264
0 0.5920502092050209 0.41033254156769594 0.027196652719665274 0.047505938242280284
0 0.9696652719665272 0.7292161520190024 0.04951185495118549 0.0855106888361045
0 0.42433751743375175 0.580166270783848 0.03417015341701534 0.05463182897862233
0 0.4103905160390516 0.6846793349168646 0.03207810320781032 0.0498812351543943
0 0.40446304044630405 0.6882422802850356 0.026499302649930265 0.04156769596199525
0 0.5986750348675035 0.5593824228028503 0.04184100418410042 0.0688836104513064
0 0.7670850767085077 0.7410926365795725 0.03556485355648536 0.05344418052256532
0 0.32566248256624825 0.4910926365795725 0.026499302649930265 0.04275534441805225
0 0.3333333333333333 0.4578384798099763 0.0299860529986053 0.047505938242280284
0 0.9218967921896792 0.7583135391923991 0.03277545327754533 0.055819477434679333
0 0.5658995815899581 0.3159144893111639 0.040446304044630406 0.07244655581947744