0 0.6220735785953178 0.5357142857142857 0.07023411371237458 0.14285714285714285
0 0.39464882943143814 0.7380952380952381 0.06688963210702341 0.13095238095238096
0 0.10367892976588629 0.3482142857142857 0.06688963210702341 0.1488095238095238
0 0.617056856187291 0.6190476190476191 0.06020066889632107 0.13095238095238096
0 0.802675585284281 0.5059523809523809 0.09698996655518395 0.19047619047619047
0 0.19063545150501673 0.3005952380952381 0.08361204013377926 0.19047619047619047
0 0.8160535117056856 0.6130952380952381 0.07357859531772576 0.15476190476190477
0 0.3528428093645485 0.17559523809523808 0.06354515050167224 0.13095238095238096
0 0.5217391304347826 0.05654761904761905 0.06688963210702341 0.1130952380952381
0 0.4280936454849498 0.125 0.06354515050167224 0.1488095238095238
0 0.342809364548495 0.21726190476190477 0.07023411371237458 0.14285714285714285
0 0.5217391304347826 0.14285714285714285 0.05351170568561873 0.125
0 0.12876254180602006 0.5059523809523809 0.07357859531772576 0.16071428571428573
0 0.5183946488294314 0.20833333333333334 0.06688963210702341 0.1488095238095238
0 0.4882943143812709 0.27380952380952384 0.06020066889632107 0.15476190476190477
0 0.2040133779264214 0.5595238095238095 0.0802675585284281 0.16666666666666666
0 0.07357859531772576 0.6815476190476191 0.07692307692307693 0.17261904761904762
0 0.25752508361204013 0.19940476190476192 0.07023411371237458 0.11904761904761904
0 0.3494983277591973 0.5327380952380952 0.08695652173913043 0.20238095238095238
0 0.5016722408026756 0.40773809523809523 0.05016722408026756 0.10714285714285714
0 0.46488294314381273 0.4494047619047619 0.056856187290969896 0.14285714285714285
0 0.21739130434782608 0.6875 0.07023411371237458 0.16666666666666666
0 0.7876254180602007 0.22321428571428573 0.07692307692307693 0.16666666666666666
0 0.5301003344481605 0.4851190476190476 0.046822742474916385 0.11904761904761904
0 0.49331103678929766 0.5357142857142857 0.043478260869565216 0.10714285714285714
0 0.39297658862876256 0.6696428571428571 0.06688963210702341 0.13690476190476192
0 0.31605351170568563 0.7351190476190477 0.056856187290969896 0.125
0 0.3076923076923077 0.7619047619047619 0.056856187290969896 0.14285714285714285