0 0.3391003460207612 0.5942857142857143 0.058823529411764705 0.1657142857142857
0 0.8477508650519031 0.7028571428571428 0.0657439446366782 0.18857142857142858
0 0.801038062283737 0.7257142857142858 0.05190311418685121 0.18285714285714286
0 0.7785467128027682 0.8285714285714286 0.05536332179930796 0.17142857142857143
0 0.4619377162629758 0.7942857142857143 0.08650519031141868 0.17142857142857143
0 0.6003460207612457 0.8485714285714285 0.08996539792387544 0.17142857142857143
0 0.39100346020761245 0.14857142857142858 0.0657439446366782 0.2057142857142857
0 0.0657439446366782 0.19714285714285715 0.08650519031141868 0.19428571428571428
0 0.5415224913494809 0.3657142857142857 0.058823529411764705 0.18857142857142858
0 0.2301038062283737 0.3314285714285714 0.08650519031141868 0.28
0 0.28719723183391005 0.3457142857142857 0.06228373702422145 0.17714285714285713
0 0.5069204152249135 0.40285714285714286 0.0726643598615917 0.21142857142857144
0 0.9221453287197232 0.5142857142857142 0.07958477508650519 0.19428571428571428
0 0.7975778546712803 0.56 0.0657439446366782 0.18857142857142858
0 0.3737024221453287 0.54 0.058823529411764705 0.17142857142857143
0 0.7491349480968859 0.6085714285714285 0.0657439446366782 0.18857142857142858