0 0.3892733564013841 0.8085714285714286 0.08304498269896193 0.15428571428571428
0 0.039792387543252594 0.5342857142857143 0.07958477508650519 0.15428571428571428
0 0.6384083044982699 0.5628571428571428 0.07612456747404844 0.13714285714285715
0 0.5 0.76 0.0657439446366782 0.11428571428571428
0 0.5 0.8142857142857143 0.07612456747404844 0.13142857142857142
0 0.8875432525951558 0.44 0.07958477508650519 0.13142857142857142
0 0.745674740484429 0.6514285714285715 0.0726643598615917 0.11428571428571428
0 0.8581314878892734 0.5457142857142857 0.05536332179930796 0.09142857142857143
0 0.48788927335640137 0.2571428571428571 0.07612456747404844 0.13714285714285715
0 0.4411764705882353 0.37714285714285717 0.06228373702422145 0.12
0 0.48788927335640137 0.37142857142857144 0.08304498269896193 0.14285714285714285
0 0.3633217993079585 0.5657142857142857 0.07612456747404844 0.13142857142857142
0 0.444636678200692 0.5028571428571429 0.0657439446366782 0.12
0 0.6418685121107266 0.26285714285714284 0.10380622837370242 0.19428571428571428
0 0.5051903114186851 0.5114285714285715 0.06228373702422145 0.11428571428571428
0 0.45501730103806226 0.6285714285714286 0.07612456747404844 0.13142857142857142