0 0.39666666666666667 0.6011904761904762 0.06333333333333334 0.16666666666666666
0 0.7533333333333333 0.6339285714285714 0.08333333333333333 0.17857142857142858
0 0.7766666666666666 0.7083333333333334 0.04 0.09523809523809523
0 0.16666666666666666 0.6636904761904762 0.06 0.14285714285714285
0 0.14833333333333334 0.7232142857142857 0.06666666666666667 0.16071428571428573
0 0.585 0.2857142857142857 0.06666666666666667 0.16666666666666666
0 0.925 0.3482142857142857 0.056666666666666664 0.17261904761904762
0 0.34833333333333333 0.3005952380952381 0.07333333333333333 0.18452380952380953
0 0.6116666666666667 0.36904761904761907 0.04666666666666667 0.16666666666666666
0 0.85 0.43154761904761907 0.06666666666666667 0.125
0 0.8516666666666667 0.5029761904761905 0.05333333333333334 0.1488095238095238
0 0.22833333333333333 0.4583333333333333 0.04666666666666667 0.15476190476190477
0 0.08333333333333333 0.49107142857142855 0.07333333333333333 0.19642857142857142