0 0.19899665551839466 0.12202380952380952 0.023411371237458192 0.08928571428571429
0 0.03678929765886288 0.9255952380952381 0.046822742474916385 0.13095238095238096
0 0.12207357859531773 0.9285714285714286 0.03678929765886288 0.13690476190476192
0 0.2140468227424749 0.12797619047619047 0.026755852842809364 0.08928571428571429
0 0.40301003344481606 0.9434523809523809 0.030100334448160536 0.1130952380952381
0 0.09197324414715718 0.15773809523809523 0.030100334448160536 0.10119047619047619
0 0.8913043478260869 0.10714285714285714 0.030100334448160536 0.10714285714285714
0 0.8678929765886287 0.1130952380952381 0.023411371237458192 0.10714285714285714
0 0.31438127090301005 0.37797619047619047 0.04013377926421405 0.10714285714285714
0 0.18227424749163879 0.4255952380952381 0.026755852842809364 0.10714285714285714
0 0.1588628762541806 0.43154761904761907 0.026755852842809364 0.1130952380952381
0 0.34782608695652173 0.44047619047619047 0.030100334448160536 0.10119047619047619
0 0.6053511705685619 0.42857142857142855 0.030100334448160536 0.10119047619047619
0 0.6287625418060201 0.43452380952380953 0.026755852842809364 0.10119047619047619
0 0.657190635451505 0.44345238095238093 0.030100334448160536 0.125
0 0.8678929765886287 0.4255952380952381 0.030100334448160536 0.125
0 0.8461538461538461 0.43154761904761907 0.026755852842809364 0.125
0 0.6722408026755853 0.45535714285714285 0.026755852842809364 0.09523809523809523
0 0.23411371237458195 0.5714285714285714 0.04013377926421405 0.13095238095238096