0 0.20242214532871972 0.15428571428571428 0.08650519031141868 0.14857142857142858
0 0.7214532871972318 0.24857142857142858 0.07958477508650519 0.13142857142857142
0 0.6660899653979239 0.9371428571428572 0.08650519031141868 0.12571428571428572
0 0.2093425605536332 0.38285714285714284 0.08650519031141868 0.14857142857142858
0 0.3027681660899654 0.5342857142857143 0.06228373702422145 0.10857142857142857
0 0.11418685121107267 0.28 0.08996539792387544 0.14857142857142858
0 0.22664359861591696 0.45714285714285713 0.07612456747404844 0.12571428571428572
0 0.157439446366782 0.4342857142857143 0.07958477508650519 0.13142857142857142
0 0.050173010380622836 0.28285714285714286 0.09688581314878893 0.16
0 0.6678200692041523 0.3142857142857143 0.08650519031141868 0.14285714285714285
0 0.9463667820069204 0.7828571428571428 0.06920415224913495 0.12
0 0.8858131487889274 0.8228571428571428 0.07958477508650519 0.13142857142857142
0 0.9013840830449827 0.9 0.07958477508650519 0.13142857142857142
0 0.29411764705882354 0.07714285714285714 0.08304498269896193 0.13714285714285715
0 0.5934256055363322 0.64 0.11072664359861592 0.18285714285714286
0 0.3685121107266436 0.28285714285714286 0.10034602076124567 0.1657142857142857
0 0.27335640138408307 0.18285714285714286 0.09688581314878893 0.16