0 0.625 0.6020942408376964 0.20075757575757575 0.2670157068062827
0 0.8920454545454546 0.8403141361256544 0.125 0.21465968586387435
0 0.29545454545454547 0.518324607329843 0.1553030303030303 0.24083769633507854
0 0.6609848484848485 0.7486910994764397 0.17045454545454544 0.24607329842931938
0 0.3939393939393939 0.662303664921466 0.19318181818181818 0.24607329842931938
0 0.6420454545454546 0.8717277486910995 0.20833333333333334 0.25654450261780104
0 0.04924242424242424 0.5654450261780105 0.09848484848484848 0.2198952879581152
0 0.6515151515151515 0.18586387434554974 0.20833333333333334 0.3193717277486911
0 0.7556818181818182 0.3036649214659686 0.15151515151515152 0.24083769633507854
0 0.19507575757575757 0.07068062827225131 0.20075757575757575 0.14136125654450263
0 0.803030303030303 0.42670157068062825 0.17045454545454544 0.2356020942408377
0 0.9393939393939394 0.5392670157068062 0.12121212121212122 0.2513089005235602
0 0.15151515151515152 0.11518324607329843 0.18181818181818182 0.23036649214659685
0 0.5170454545454546 0.32460732984293195 0.20075757575757575 0.2879581151832461
0 0.7954545454545454 0.5418848167539267 0.14772727272727273 0.23036649214659685
0 0.5928030303030303 0.468586387434555 0.1856060606060606 0.28272251308900526
0 0.3503787878787879 0.36910994764397903 0.17424242424242425 0.2774869109947644
0 0.928030303030303 0.725130890052356 0.11363636363636363 0.18324607329842932
0 0.4659090909090909 0.46596858638743455 0.13636363636363635 0.25654450261780104