0 0.6090909090909091 0.7049180327868853 0.12727272727272726 0.22404371584699453
0 0.7909090909090909 0.8661202185792349 0.14545454545454545 0.25136612021857924
0 0.06363636363636363 0.4016393442622951 0.12 0.2185792349726776
0 0.2727272727272727 0.6284153005464481 0.12 0.20765027322404372
0 0.06363636363636363 0.5273224043715847 0.12363636363636364 0.22404371584699453
0 0.11636363636363636 0.5901639344262295 0.12 0.20218579234972678
0 0.4690909090909091 0.9234972677595629 0.13090909090909092 0.15300546448087432
0 0.34545454545454546 0.8661202185792349 0.09454545454545454 0.15300546448087432
0 0.9472727272727273 0.4426229508196721 0.10545454545454545 0.2185792349726776
0 0.4072727272727273 0.03278688524590164 0.10909090909090909 0.06557377049180328
0 0.48363636363636364 0.09289617486338798 0.12363636363636364 0.18579234972677597
0 0.8090909090909091 0.4207650273224044 0.12 0.2185792349726776
0 0.2727272727272727 0.040983606557377046 0.12363636363636364 0.08196721311475409
0 0.49636363636363634 0.3224043715846995 0.12363636363636364 0.23497267759562843
0 0.9145454545454546 0.7049180327868853 0.12363636363636364 0.21311475409836064
0 0.17454545454545456 0.12568306010928962 0.12363636363636364 0.21311475409836064
0 0.3563636363636364 0.30327868852459017 0.12363636363636364 0.2185792349726776
0 0.7636363636363637 0.6912568306010929 0.12 0.20218579234972678
0 0.41818181818181815 0.39344262295081966 0.12727272727272726 0.23497267759562843
0 0.08545454545454545 0.1366120218579235 0.09818181818181818 0.19672131147540983
0 0.5472727272727272 0.5628415300546448 0.10181818181818182 0.1912568306010929