0 0.58125 0.3885416666666667 0.075 0.3
0 0.4546875 0.41875 0.1015625 0.44166666666666665
0 0.24921875 0.14791666666666667 0.0421875 0.21666666666666667
0 0.1984375 0.15833333333333333 0.0359375 0.21041666666666667
0 0.42109375 0.21666666666666667 0.0359375 0.17291666666666666
0 0.478125 0.21666666666666667 0.0640625 0.08125
0 0.47890625 0.8427083333333333 0.103125 0.2625
0 0.5734375 0.565625 0.1296875 0.41458333333333336
0 0.7578125 0.4708333333333333 0.0640625 0.22083333333333333
0 0.86328125 0.43333333333333335 0.03125 0.15833333333333333
0 0.9015625 0.446875 0.034375 0.2125
0 0.7015625 0.26875 0.03125 0.08541666666666667
0 0.69765625 0.43125 0.06875 0.2375