0 0.609375 0.446875 0.165625 0.3125
0 0.4859375 0.4 0.2359375 0.45625
0 0.390625 0.07291666666666667 0.109375 0.14583333333333334
0 0.34140625 0.06041666666666667 0.1015625 0.12083333333333333
0 0.521875 0.19895833333333332 0.0890625 0.17708333333333334
0 0.5734375 0.23229166666666667 0.084375 0.11041666666666666
0 0.36875 0.7958333333333333 0.1796875 0.29583333333333334
0 0.54453125 0.6020833333333333 0.253125 0.4479166666666667
0 0.74140625 0.6239583333333333 0.1296875 0.23541666666666666
0 0.8484375 0.6520833333333333 0.0796875 0.16041666666666668
0 0.878125 0.6864583333333333 0.1 0.21041666666666667
0 0.75703125 0.41041666666666665 0.05625 0.09583333333333334
0 0.7 0.5541666666666667 0.140625 0.25416666666666665