0 0.15885416666666666 0.45555555555555555 0.034375 0.06666666666666667
0 0.5145833333333333 0.027777777777777776 0.03125 0.05555555555555555
0 0.2791666666666667 0.44814814814814813 0.03333333333333333 0.09444444444444444
0 0.496875 0.03333333333333333 0.027083333333333334 0.06666666666666667
0 0.25729166666666664 0.462037037037037 0.03125 0.08888888888888889
0 0.9619791666666667 0.2101851851851852 0.030208333333333334 0.08333333333333333
0 0.18072916666666666 0.5166666666666667 0.027083333333333334 0.09074074074074075
0 0.16041666666666668 0.5287037037037037 0.03958333333333333 0.1037037037037037
0 0.21302083333333333 0.5166666666666667 0.029166666666666667 0.09259259259259259
0 0.9442708333333333 0.23981481481481481 0.034375 0.08703703703703704
0 0.23645833333333333 0.5175925925925926 0.035416666666666666 0.10555555555555556
0 0.9234375 0.32037037037037036 0.0375 0.08888888888888889
0 0.8625 0.42314814814814816 0.030208333333333334 0.07592592592592592
0 0.8416666666666667 0.4666666666666667 0.03125 0.07592592592592592
0 0.071875 0.7583333333333333 0.034375 0.0962962962962963
0 0.9807291666666667 0.48055555555555557 0.03854166666666667 0.10185185185185185
0 0.5411458333333333 0.05092592592592592 0.036458333333333336 0.09259259259259259
0 0.8645833333333334 0.7111111111111111 0.040625 0.10185185185185185
0 0.6489583333333333 0.8027777777777778 0.030208333333333334 0.08518518518518518
0 0.6270833333333333 0.8212962962962963 0.029166666666666667 0.07777777777777778
0 0.7119791666666667 0.812037037037037 0.03958333333333333 0.10185185185185185
0 0.45625 0.0962962962962963 0.03125 0.09074074074074075
0 0.6885416666666667 0.8351851851851851 0.036458333333333336 0.08888888888888889
0 0.8744791666666667 0.8240740740740741 0.042708333333333334 0.07777777777777778
0 0.7661458333333333 0.8657407407407407 0.046875 0.0962962962962963
0 0.3802083333333333 0.9842592592592593 0.05625 0.03148148148148148
0 0.4828125 0.1037037037037037 0.029166666666666667 0.09259259259259259
0 0.6807291666666667 0.08518518518518518 0.040625 0.10185185185185185