0 0.504296875 0.11458333333333333 0.03359375 0.06388888888888888
0 0.30703125 0.28402777777777777 0.040625 0.08055555555555556
0 0.496875 0.15902777777777777 0.0359375 0.058333333333333334
0 0.590625 0.13333333333333333 0.03203125 0.058333333333333334
0 0.614453125 0.12777777777777777 0.03203125 0.0625
0 0.137109375 0.5777777777777777 0.0453125 0.06944444444444445
0 0.42734375 0.3680555555555556 0.0265625 0.05277777777777778
0 0.13515625 0.6055555555555555 0.04375 0.06805555555555555
0 0.458984375 0.38472222222222224 0.034375 0.059722222222222225
0 0.53671875 0.34652777777777777 0.0265625 0.044444444444444446
0 0.2375 0.5875 0.03671875 0.059722222222222225
0 0.478515625 0.40902777777777777 0.03046875 0.05277777777777778
0 0.07734375 0.7298611111111111 0.06171875 0.07361111111111111
0 0.53828125 0.38958333333333334 0.03828125 0.0625
0 0.480859375 0.4618055555555556 0.03359375 0.06111111111111111
0 0.62265625 0.35833333333333334 0.02734375 0.05277777777777778
0 0.079296875 0.7736111111111111 0.05625 0.0763888888888889
0 0.169921875 0.7291666666666666 0.0484375 0.06527777777777778
0 0.716015625 0.32916666666666666 0.04375 0.05555555555555555
0 0.180859375 0.7791666666666667 0.046875 0.0625
0 0.09140625 0.8590277777777777 0.0640625 0.0875
0 0.717578125 0.41944444444444445 0.03515625 0.059722222222222225
0 0.590234375 0.5180555555555556 0.0296875 0.05138888888888889
0 0.46484375 0.6229166666666667 0.03359375 0.06111111111111111
0 0.471875 0.65625 0.034375 0.06111111111111111
0 0.606640625 0.55625 0.02578125 0.05416666666666667
0 0.657421875 0.6138888888888889 0.03125 0.06111111111111111
0 0.62265625 0.65625 0.03359375 0.06527777777777778
0 0.658203125 0.6590277777777778 0.0328125 0.05555555555555555
0 0.503515625 0.07847222222222222 0.03046875 0.059722222222222225