0 0.333984375 0.5076388888888889 0.04140625 0.07361111111111111
0 0.128125 0.8486111111111111 0.05546875 0.09444444444444444
0 0.378515625 0.4736111111111111 0.04140625 0.07222222222222222
0 0.1375 0.8743055555555556 0.03984375 0.06666666666666667
0 0.27578125 0.6569444444444444 0.04453125 0.07777777777777778
0 0.246875 0.7284722222222222 0.0390625 0.06944444444444445
0 0.55390625 0.24097222222222223 0.03828125 0.06805555555555555
0 0.396875 0.5006944444444444 0.0390625 0.06944444444444445
0 0.477734375 0.4013888888888889 0.03515625 0.06111111111111111
0 0.706640625 0.04236111111111111 0.05078125 0.08472222222222223
0 0.265234375 0.7527777777777778 0.03828125 0.06527777777777778
0 0.458984375 0.4666666666666667 0.03203125 0.05694444444444444
0 0.600390625 0.25 0.0390625 0.06805555555555555
0 0.2296875 0.8611111111111112 0.05078125 0.0875
0 0.3125 0.7375 0.04453125 0.0763888888888889
0 0.573828125 0.3527777777777778 0.0328125 0.05694444444444444
0 0.231640625 0.9020833333333333 0.04609375 0.07916666666666666
0 0.31640625 0.7798611111111111 0.0390625 0.06805555555555555
0 0.56640625 0.3909722222222222 0.03984375 0.07222222222222222
0 0.788671875 0.05416666666666667 0.04921875 0.08472222222222223
0 0.290234375 0.8569444444444444 0.03359375 0.058333333333333334
0 0.84296875 0.016666666666666666 0.046875 0.03333333333333333
0 0.251953125 0.9451388888888889 0.04375 0.075
0 0.301171875 0.8875 0.02578125 0.04583333333333333
0 0.34296875 0.8416666666666667 0.0453125 0.07916666666666666
0 0.81484375 0.09027777777777778 0.04921875 0.08333333333333333
0 0.296484375 0.95 0.04375 0.075
0 0.82578125 0.12291666666666666 0.04140625 0.07222222222222222
0 0.550390625 0.5659722222222222 0.040625 0.07083333333333333
0 0.3640625 0.8666666666666667 0.03359375 0.059722222222222225
0 0.304296875 0.9708333333333333 0.04453125 0.058333333333333334
0 0.838671875 0.15763888888888888 0.0578125 0.09722222222222222
0 0.60625 0.56875 0.0375 0.06666666666666667
0 0.66328125 0.49027777777777776 0.040625 0.07083333333333333
0 0.675390625 0.5708333333333333 0.03125 0.05694444444444444
0 0.6609375 0.7527777777777778 0.04140625 0.07361111111111111
0 0.32109375 0.23819444444444443 0.0390625 0.06944444444444445