0 0.18541666666666667 0.5972222222222222 0.042708333333333334 0.07777777777777778
0 0.18072916666666666 0.6685185185185185 0.04895833333333333 0.09074074074074075
0 0.66875 0.012962962962962963 0.052083333333333336 0.025925925925925925
0 0.6130208333333333 0.19907407407407407 0.07291666666666667 0.13333333333333333
0 0.7046875 0.27314814814814814 0.058333333333333334 0.10740740740740741
0 0.6552083333333333 0.3888888888888889 0.06458333333333334 0.12037037037037036
0 0.6880208333333333 0.4064814814814815 0.06354166666666666 0.11481481481481481
0 0.7286458333333333 0.35555555555555557 0.06979166666666667 0.12777777777777777
0 0.8890625 0.18055555555555555 0.06666666666666667 0.12037037037037036
0 0.846875 0.27314814814814814 0.057291666666666664 0.10555555555555556
0 0.17864583333333334 0.475 0.06041666666666667 0.10925925925925926
0 0.14791666666666667 0.5296296296296297 0.057291666666666664 0.10555555555555556
0 0.11510416666666666 0.5888888888888889 0.057291666666666664 0.10740740740740741
0 0.15364583333333334 0.6092592592592593 0.04479166666666667 0.08148148148148149
0 0.5640625 0.012962962962962963 0.059375 0.025925925925925925