0 0.5416666666666666 0.2175925925925926 0.03958333333333333 0.09259259259259259
0 0.2833333333333333 0.3824074074074074 0.041666666666666664 0.11666666666666667
0 0.5333333333333333 0.25925925925925924 0.04583333333333333 0.10740740740740741
0 0.35833333333333334 0.4898148148148148 0.03854166666666667 0.10185185185185185
0 0.034375 0.75 0.04375 0.10740740740740741
0 0.10572916666666667 0.7101851851851851 0.041666666666666664 0.10555555555555556
0 0.5140625 0.4759259259259259 0.040625 0.10185185185185185
0 0.153125 0.7 0.04479166666666667 0.11481481481481481
0 0.4708333333333333 0.5092592592592593 0.034375 0.10555555555555556
0 0.4078125 0.5518518518518518 0.042708333333333334 0.09814814814814815
0 0.45208333333333334 0.5361111111111111 0.034375 0.08703703703703704
0 0.1328125 0.7379629629629629 0.04479166666666667 0.1037037037037037
0 0.5015625 0.5166666666666667 0.036458333333333336 0.09259259259259259
0 0.43645833333333334 0.5592592592592592 0.03125 0.07407407407407407
0 0.590625 0.5120370370370371 0.040625 0.10925925925925926
0 0.553125 0.5398148148148149 0.040625 0.10185185185185185
0 0.978125 0.3101851851851852 0.041666666666666664 0.11296296296296296
0 0.5770833333333333 0.575925925925926 0.04375 0.09814814814814815
0 0.9255208333333333 0.3638888888888889 0.058333333333333334 0.12962962962962962
0 0.46041666666666664 0.6537037037037037 0.040625 0.10185185185185185
0 0.484375 0.6518518518518519 0.0375 0.0962962962962963
0 0.9729166666666667 0.42962962962962964 0.053125 0.10925925925925926
0 0.5067708333333333 0.7388888888888889 0.05416666666666667 0.1259259259259259
0 0.29583333333333334 0.9 0.041666666666666664 0.12222222222222222
0 0.2671875 0.9185185185185185 0.04479166666666667 0.11296296296296296
0 0.240625 0.9425925925925925 0.04791666666666667 0.11481481481481481
0 0.203125 0.9527777777777777 0.04791666666666667 0.09444444444444444
0 0.17708333333333334 0.9722222222222222 0.03333333333333333 0.05555555555555555
0 0.13385416666666666 0.9787037037037037 0.051041666666666666 0.04259259259259259
0 0.16458333333333333 0.9796296296296296 0.041666666666666664 0.040740740740740744
0 0.20885416666666667 0.9888888888888889 0.03854166666666667 0.022222222222222223
0 0.6442708333333333 0.8416666666666667 0.034375 0.08703703703703704
0 0.7546875 0.8435185185185186 0.0375 0.06666666666666667
0 0.271875 0.21944444444444444 0.051041666666666666 0.11851851851851852
0 0.29635416666666664 0.21851851851851853 0.03854166666666667 0.10555555555555556
0 0.221875 0.2861111111111111 0.041666666666666664 0.10555555555555556