0 0.36484375 0.21875 0.02890625 0.05555555555555555
0 0.39921875 0.20347222222222222 0.02578125 0.06388888888888888
0 0.476953125 0.1638888888888889 0.02578125 0.05416666666666667
0 0.53671875 0.20625 0.01796875 0.0375
0 0.41796875 0.2916666666666667 0.0234375 0.03888888888888889
0 0.898046875 0.12638888888888888 0.0328125 0.058333333333333334
0 0.770703125 0.20347222222222222 0.0296875 0.04583333333333333
0 0.590625 0.3 0.02265625 0.0375
0 0.795703125 0.19722222222222222 0.0328125 0.04861111111111111
0 0.928125 0.14166666666666666 0.03046875 0.043055555555555555
0 0.6765625 0.2826388888888889 0.02421875 0.034722222222222224
0 0.76796875 0.24513888888888888 0.02578125 0.0375
0 0.61328125 0.3277777777777778 0.02265625 0.03333333333333333
0 0.818359375 0.23194444444444445 0.03984375 0.05277777777777778
0 0.923828125 0.18125 0.03203125 0.03888888888888889
0 0.86328125 0.21458333333333332 0.03203125 0.05
0 0.671875 0.31319444444444444 0.02265625 0.041666666666666664
0 0.62265625 0.34930555555555554 0.01875 0.03194444444444444
0 0.784765625 0.2791666666666667 0.03046875 0.043055555555555555
0 0.928125 0.20902777777777778 0.03203125 0.041666666666666664
0 0.85078125 0.25555555555555554 0.03515625 0.04583333333333333
0 0.499609375 0.44930555555555557 0.02578125 0.04583333333333333
0 0.19140625 0.6076388888888888 0.03203125 0.04722222222222222
0 0.629296875 0.39166666666666666 0.02109375 0.03194444444444444
0 0.287890625 0.5680555555555555 0.021875 0.03888888888888889
0 0.265625 0.58125 0.0265625 0.05138888888888889
0 0.87109375 0.2826388888888889 0.03359375 0.03333333333333333
0 0.471875 0.5138888888888888 0.02734375 0.044444444444444446
0 0.17109375 0.66875 0.03046875 0.043055555555555555
0 0.29453125 0.6118055555555556 0.0296875 0.05
0 0.614453125 0.48055555555555557 0.028125 0.06111111111111111
0 0.34140625 0.6361111111111111 0.0328125 0.05694444444444444
0 0.111328125 0.7777777777777778 0.0328125 0.04583333333333333
0 0.58515625 0.5666666666666667 0.028125 0.041666666666666664
0 0.1609375 0.7930555555555555 0.0234375 0.03888888888888889
0 0.583203125 0.5923611111111111 0.0203125 0.03888888888888889
0 0.65 0.70625 0.02265625 0.041666666666666664
0 0.643359375 0.7305555555555555 0.021875 0.04583333333333333