0 0.5453125 0.2 0.03854166666666667 0.11851851851851852
0 0.31927083333333334 0.13240740740740742 0.041666666666666664 0.10740740740740741
0 0.34791666666666665 0.1648148148148148 0.035416666666666666 0.0962962962962963
0 0.5171875 0.23425925925925925 0.034375 0.09259259259259259
0 0.2713541666666667 0.16296296296296298 0.03854166666666667 0.1
0 0.2947916666666667 0.2953703703703704 0.03125 0.09259259259259259
0 0.4588541666666667 0.4111111111111111 0.03854166666666667 0.10555555555555556
0 0.39375 0.4064814814814815 0.025 0.07222222222222222
0 0.43020833333333336 0.425 0.029166666666666667 0.07222222222222222
0 0.378125 0.41944444444444445 0.023958333333333335 0.07592592592592592
0 0.8395833333333333 0.15092592592592594 0.03125 0.08888888888888889
0 0.27708333333333335 0.46574074074074073 0.04375 0.12037037037037036
0 0.022916666666666665 0.45092592592592595 0.03958333333333333 0.11296296296296296
0 0.3765625 0.5694444444444444 0.036458333333333336 0.09074074074074075
0 0.065625 0.4824074074074074 0.034375 0.0962962962962963
0 0.42291666666666666 0.5972222222222222 0.034375 0.09074074074074075
0 0.04010416666666667 0.5064814814814815 0.03229166666666667 0.08148148148148149
0 0.9255208333333333 0.8175925925925925 0.03854166666666667 0.10740740740740741
0 0.51875 0.6916666666666667 0.034375 0.1
0 0.4744791666666667 0.6814814814814815 0.030208333333333334 0.08148148148148149
0 0.8510416666666667 0.8351851851851851 0.041666666666666664 0.11481481481481481
0 0.04739583333333333 0.5935185185185186 0.029166666666666667 0.09074074074074075
0 0.38177083333333334 0.7018518518518518 0.030208333333333334 0.07962962962962963
0 0.4864583333333333 0.7351851851851852 0.03229166666666667 0.09259259259259259
0 0.8026041666666667 0.16203703703703703 0.051041666666666666 0.1037037037037037
0 0.4088541666666667 0.7222222222222222 0.03125 0.08518518518518518
0 0.3171875 0.700925925925926 0.03229166666666667 0.08703703703703704
0 0.8817708333333333 0.9120370370370371 0.04791666666666667 0.11296296296296296
0 0.171875 0.7240740740740741 0.03958333333333333 0.09444444444444444
0 0.14583333333333334 0.7240740740740741 0.041666666666666664 0.10185185185185185
0 0.06979166666666667 0.7092592592592593 0.0375 0.12222222222222222
0 0.103125 0.7222222222222222 0.0375 0.10555555555555556
0 0.015625 0.7212962962962963 0.03125 0.07222222222222222
0 0.5692708333333333 0.9212962962962963 0.03125 0.07222222222222222
0 0.09947916666666666 0.7777777777777778 0.042708333333333334 0.1037037037037037
0 0.013541666666666667 0.7814814814814814 0.027083333333333334 0.08518518518518518
0 0.04739583333333333 0.799074074074074 0.04375 0.0962962962962963
0 0.6234375 0.9879629629629629 0.036458333333333336 0.024074074074074074