0 0.290234375 0.33125 0.04296875 0.07916666666666666
0 0.14609375 0.7222222222222222 0.05546875 0.09027777777777778
0 0.138671875 0.78125 0.053125 0.0875
0 0.278515625 0.6041666666666666 0.03984375 0.07083333333333333
0 0.473828125 0.3541666666666667 0.04375 0.07777777777777778
0 0.745703125 0.025 0.04609375 0.05
0 0.640234375 0.1625 0.04375 0.06944444444444445
0 0.37265625 0.5090277777777777 0.04765625 0.07916666666666666
0 0.294140625 0.6270833333333333 0.03984375 0.07222222222222222
0 0.15390625 0.8229166666666666 0.0546875 0.08333333333333333
0 0.3625 0.5694444444444444 0.0453125 0.07916666666666666
0 0.722265625 0.11388888888888889 0.04453125 0.07222222222222222
0 0.749609375 0.09444444444444444 0.03046875 0.04861111111111111
0 0.14375 0.88125 0.04296875 0.06666666666666667
0 0.462890625 0.47430555555555554 0.03671875 0.06805555555555555
0 0.8 0.041666666666666664 0.04609375 0.0763888888888889
0 0.504296875 0.43333333333333335 0.03984375 0.06805555555555555
0 0.821875 0.027777777777777776 0.0390625 0.05555555555555555
0 0.746484375 0.13958333333333334 0.0390625 0.07083333333333333
0 0.331640625 0.6805555555555556 0.04765625 0.08194444444444444
0 0.1546875 0.9125 0.05703125 0.09027777777777778
0 0.3671875 0.6506944444444445 0.03359375 0.058333333333333334
0 0.83203125 0.06180555555555556 0.04375 0.07083333333333333
0 0.41484375 0.60625 0.03359375 0.05694444444444444
0 0.171875 0.9458333333333333 0.0484375 0.07361111111111111
0 0.3828125 0.6951388888888889 0.0328125 0.059722222222222225
0 0.425390625 0.64375 0.02734375 0.04722222222222222
0 0.9078125 0.05486111111111111 0.0515625 0.08333333333333333
0 0.407421875 0.7180555555555556 0.04140625 0.06805555555555555
0 0.906640625 0.10069444444444445 0.05546875 0.08611111111111111
0 0.327734375 0.8520833333333333 0.04609375 0.0763888888888889
0 0.41796875 0.75625 0.0390625 0.07083333333333333
0 0.340234375 0.8777777777777778 0.04140625 0.06805555555555555
0 0.933984375 0.12430555555555556 0.05078125 0.08055555555555556
0 0.66875 0.5458333333333333 0.0359375 0.06111111111111111
0 0.649609375 0.5986111111111111 0.0296875 0.05
0 0.675 0.5888888888888889 0.03046875 0.058333333333333334
0 0.646484375 0.6270833333333333 0.0296875 0.05
0 0.65 0.7027777777777777 0.04609375 0.08333333333333333
0 0.4421875 0.09930555555555555 0.04140625 0.0763888888888889