0 0.144140625 0.8520833333333333 0.046875 0.08194444444444444
0 0.344921875 0.5375 0.03671875 0.06527777777777778
0 0.3859375 0.4701388888888889 0.034375 0.06111111111111111
0 0.1515625 0.8826388888888889 0.0453125 0.07916666666666666
0 0.2921875 0.6666666666666666 0.04609375 0.08194444444444444
0 0.55546875 0.2222222222222222 0.03671875 0.06527777777777778
0 0.260546875 0.73125 0.03984375 0.07083333333333333
0 0.40390625 0.4909722222222222 0.0390625 0.06805555555555555
0 0.482421875 0.38819444444444445 0.0375 0.06666666666666667
0 0.70703125 0.03125 0.046875 0.0625
0 0.280078125 0.7625 0.040625 0.07222222222222222
0 0.46484375 0.4548611111111111 0.0359375 0.06388888888888888
0 0.606640625 0.21875 0.0421875 0.075
0 0.559375 0.3326388888888889 0.0296875 0.05138888888888889
0 0.3109375 0.7791666666666667 0.03984375 0.07222222222222222
0 0.552734375 0.36875 0.0265625 0.04722222222222222
0 0.24609375 0.9118055555555555 0.04375 0.0763888888888889
0 0.771875 0.058333333333333334 0.0515625 0.09027777777777778
0 0.286328125 0.8923611111111112 0.03203125 0.05694444444444444
0 0.825390625 0.013888888888888888 0.04765625 0.027777777777777776
0 0.2546875 0.9638888888888889 0.0515625 0.07222222222222222
0 0.3 0.91875 0.03046875 0.05416666666666667
0 0.801171875 0.075 0.0453125 0.07916666666666666
0 0.34375 0.8611111111111112 0.0359375 0.06388888888888888
0 0.541015625 0.5534722222222223 0.0375 0.06666666666666667
0 0.297265625 0.9715277777777778 0.04296875 0.05694444444444444
0 0.362109375 0.8854166666666666 0.0359375 0.06388888888888888
0 0.809765625 0.11736111111111111 0.03984375 0.07083333333333333
0 0.311328125 0.9881944444444445 0.03671875 0.02361111111111111
0 0.829296875 0.14375 0.05546875 0.09722222222222222
0 0.6609375 0.46944444444444444 0.0421875 0.075
0 0.617578125 0.5770833333333333 0.040625 0.07222222222222222
0 0.673046875 0.5576388888888889 0.0421875 0.0763888888888889
0 0.653125 0.7284722222222222 0.03984375 0.07083333333333333
0 0.324609375 0.25833333333333336 0.040625 0.07222222222222222