0 0.8295223577235772 0.30277777777777776 0.02693089430894309 0.044444444444444446
0 0.8185975609756098 0.26805555555555555 0.019308943089430895 0.03611111111111111
0 0.8760162601626016 0.2513888888888889 0.017784552845528455 0.03148148148148148
0 0.8671239837398373 0.2449074074074074 0.018292682926829267 0.032407407407407406
0 0.8971036585365854 0.19814814814814816 0.02032520325203252 0.037037037037037035
0 0.9263211382113821 0.1 0.02032520325203252 0.03611111111111111
0 0.9275914634146342 0.14907407407407408 0.018800813008130083 0.03148148148148148
0 0.9220020325203252 0.12962962962962962 0.019308943089430895 0.032407407407407406
0 0.9059959349593496 0.3050925925925926 0.023373983739837397 0.040740740740740744
0 0.9260670731707317 0.3236111111111111 0.03048780487804878 0.049074074074074076
0 0.9227642276422764 0.3 0.02693089430894309 0.04722222222222222
0 0.9890752032520326 0.27037037037037037 0.02184959349593496 0.05
0 0.8983739837398373 0.004629629629629629 0.02540650406504065 0.009259259259259259
0 0.3671239837398374 0.08287037037037037 0.024898373983739838 0.03888888888888889