0 0.547510162601626 0.9875 0.019817073170731708 0.025
0 0.5698678861788617 0.687037037037037 0.022357723577235773 0.037037037037037035
0 0.626270325203252 0.6949074074074074 0.024898373983739838 0.041666666666666664
0 0.641260162601626 0.33055555555555555 0.024898373983739838 0.041666666666666664
0 0.71875 0.3523148148148148 0.026422764227642278 0.04351851851851852
0 0.9082825203252033 0.45555555555555555 0.028963414634146343 0.04259259259259259
0 0.10899390243902439 0.5083333333333333 0.02032520325203252 0.032407407407407406
0 0.13008130081300814 0.3611111111111111 0.017276422764227643 0.027777777777777776
0 0.15701219512195122 0.5092592592592593 0.016260162601626018 0.032407407407407406
0 0.13160569105691056 0.14027777777777778 0.014735772357723578 0.026851851851851852
0 0.5066056910569106 0.04259259259259259 0.017784552845528455 0.030555555555555555