0 0.5752032520325203 0.9421296296296297 0.018292682926829267 0.03518518518518519
0 0.6003556910569106 0.6953703703703704 0.021341463414634148 0.03333333333333333
0 0.6623475609756098 0.6949074074074074 0.022865853658536585 0.037037037037037035
0 0.5696138211382114 0.2388888888888889 0.022865853658536585 0.03796296296296296
0 0.6831808943089431 0.27175925925925926 0.024390243902439025 0.03796296296296296
0 0.8432418699186992 0.24814814814814815 0.027947154471544715 0.03611111111111111
0 0.1054369918699187 0.624537037037037 0.019308943089430895 0.028703703703703703
0 0.11102642276422764 0.46064814814814814 0.015752032520325202 0.025
0 0.1524390243902439 0.612037037037037 0.014735772357723578 0.030555555555555555
0 0.10289634146341463 0.262037037037037 0.013719512195121951 0.024074074074074074
0 0.45147357723577236 0.02824074074074074 0.016260162601626018 0.027777777777777776