0 0.6979166666666666 0.8490740740740741 0.01676829268292683 0.03333333333333333
0 0.6808943089430894 0.8935185185185185 0.021341463414634148 0.028703703703703703
0 0.616869918699187 0.5768518518518518 0.02032520325203252 0.030555555555555555
0 0.6648882113821138 0.5226851851851851 0.022357723577235773 0.03425925925925926
0 0.5594512195121951 0.21157407407407408 0.022357723577235773 0.03425925925925926
0 0.6293191056910569 0.14629629629629629 0.023882113821138213 0.03611111111111111
0 0.8158028455284553 0.026851851851851852 0.027439024390243903 0.032407407407407406
0 0.18648373983739838 0.9254629629629629 0.018292682926829267 0.025925925925925925
0 0.1559959349593496 0.7833333333333333 0.015752032520325202 0.023148148148148147
0 0.22560975609756098 0.875 0.013719512195121951 0.028703703703703703
0 0.0858739837398374 0.6032407407407407 0.012703252032520325 0.023148148148148147
0 0.35772357723577236 0.12314814814814815 0.016260162601626018 0.025925925925925925