0 0.5922256097560976 0.95 0.017276422764227643 0.03425925925925926
0 0.5889227642276422 0.9939814814814815 0.022357723577235773 0.012037037037037037
0 0.5985772357723578 0.6759259259259259 0.020833333333333332 0.032407407407407406
0 0.6567581300813008 0.6675925925925926 0.022865853658536585 0.037037037037037035
0 0.5871443089430894 0.25324074074074077 0.02184959349593496 0.037037037037037035
0 0.686229674796748 0.2657407407407407 0.024390243902439025 0.03796296296296296
0 0.8610264227642277 0.2587962962962963 0.027439024390243903 0.03518518518518519
0 0.11229674796747967 0.6518518518518519 0.019308943089430895 0.027777777777777776
0 0.11534552845528455 0.49166666666666664 0.015752032520325202 0.025
0 0.1603150406504065 0.6365740740740741 0.014227642276422764 0.02962962962962963
0 0.09857723577235772 0.2875 0.013211382113821139 0.024074074074074074
0 0.44690040650406504 0.04027777777777778 0.016260162601626018 0.026851851851851852