0 0.8447662601626016 0.43194444444444446 0.025914634146341462 0.03981481481481482
0 0.838160569105691 0.3939814814814815 0.018292682926829267 0.03425925925925926
0 0.8963414634146342 0.399537037037037 0.017276422764227643 0.028703703703703703
0 0.8882113821138211 0.38981481481481484 0.017276422764227643 0.02962962962962963
0 0.9227642276422764 0.35509259259259257 0.018800813008130083 0.03518518518518519
0 0.9626524390243902 0.26990740740740743 0.019308943089430895 0.03333333333333333
0 0.9573170731707317 0.32175925925925924 0.017784552845528455 0.026851851851851852
0 0.9507113821138211 0.3050925925925926 0.018800813008130083 0.030555555555555555
0 0.9202235772357723 0.4375 0.022357723577235773 0.037037037037037035
0 0.9369918699186992 0.4888888888888889 0.029979674796747968 0.04351851851851852
0 0.9364837398373984 0.46435185185185185 0.02540650406504065 0.04259259259259259
0 0.9852642276422764 0.37777777777777777 0.019817073170731708 0.03796296296296296
0 0.9923780487804879 0.4759259259259259 0.01524390243902439 0.044444444444444446
0 0.9479166666666666 0.14583333333333334 0.024390243902439025 0.041666666666666664
0 0.41234756097560976 0.05185185185185185 0.026422764227642278 0.03796296296296296