0 0.570630081300813 0.9333333333333333 0.02032520325203252 0.022222222222222223
0 0.5365853658536586 0.5027777777777778 0.018800813008130083 0.025925925925925925
0 0.5571646341463414 0.44722222222222224 0.02032520325203252 0.030555555555555555
0 0.8107215447154471 0.2375 0.019817073170731708 0.030555555555555555
0 0.735010162601626 0.1962962962962963 0.021341463414634148 0.02962962962962963
0 0.16996951219512196 0.07407407407407407 0.018800813008130083 0.020370370370370372
0 0.20223577235772358 0.8351851851851851 0.017276422764227643 0.022222222222222223
0 0.16946138211382114 0.7481481481481481 0.014227642276422764 0.019444444444444445
0 0.241869918699187 0.8032407407407407 0.011686991869918699 0.025925925925925925
0 0.10086382113821138 0.5296296296296297 0.011686991869918699 0.020370370370370372
0 0.44613821138211385 0.1287037037037037 0.014735772357723578 0.022222222222222223