0 0.5048272357723578 0.986574074074074 0.022865853658536585 0.026851851851851852
0 0.5599593495934959 0.6402777777777777 0.022357723577235773 0.037037037037037035
0 0.6095020325203252 0.6361111111111111 0.024898373983739838 0.041666666666666664
0 0.6979166666666666 0.3939814814814815 0.024390243902439025 0.041666666666666664
0 0.7378048780487805 0.3675925925925926 0.02540650406504065 0.041666666666666664
0 0.9611280487804879 0.5365740740740741 0.028963414634146343 0.04259259259259259
0 0.1211890243902439 0.5291666666666667 0.02032520325203252 0.032407407407407406
0 0.13617886178861788 0.3925925925925926 0.017276422764227643 0.028703703703703703
0 0.1681910569105691 0.5324074074074074 0.015752032520325202 0.03148148148148148
0 0.12830284552845528 0.15185185185185185 0.014735772357723578 0.025925925925925925
0 0.5139735772357723 0.06851851851851852 0.017784552845528455 0.02962962962962963