0 0.20553861788617886 0.2199074074074074 0.03201219512195122 0.046296296296296294
0 0.7583841463414634 0.49027777777777776 0.0350609756097561 0.05648148148148148
0 0.8429878048780488 0.3939814814814815 0.026422764227642278 0.041666666666666664
0 0.8333333333333334 0.3509259259259259 0.018800813008130083 0.03518518518518519
0 0.8915142276422764 0.3490740740740741 0.017784552845528455 0.02962962962962963
0 0.883130081300813 0.34074074074074073 0.017784552845528455 0.030555555555555555
0 0.9161585365853658 0.3013888888888889 0.019308943089430895 0.03611111111111111
0 0.9527439024390244 0.21203703703703702 0.019817073170731708 0.03425925925925926
0 0.9519817073170732 0.25046296296296294 0.018292682926829267 0.02962962962962963
0 0.9578252032520326 0.23703703703703705 0.019308943089430895 0.03148148148148148
0 0.9349593495934959 0.4199074074074074 0.03048780487804878 0.04537037037037037
0 0.9339430894308943 0.40925925925925927 0.026422764227642278 0.044444444444444446