0 0.696900406504065 0.7865740740740741 0.03353658536585366 0.05
0 0.8000508130081301 0.8203703703703704 0.02540650406504065 0.03611111111111111
0 0.8079268292682927 0.7763888888888889 0.017276422764227643 0.032407407407407406
0 0.853150406504065 0.8430555555555556 0.01676829268292683 0.025925925925925925
0 0.8495934959349594 0.8263888888888888 0.01676829268292683 0.026851851851851852
0 0.8889735772357723 0.8356481481481481 0.017784552845528455 0.03333333333333333
0 0.9484247967479674 0.8097222222222222 0.018292682926829267 0.03148148148148148
0 0.9341971544715447 0.8379629629629629 0.017276422764227643 0.025925925925925925
0 0.9433434959349594 0.8347222222222223 0.018292682926829267 0.027777777777777776
0 0.8615345528455285 0.9481481481481482 0.029979674796747968 0.03888888888888889
0 0.8645833333333334 0.9388888888888889 0.024390243902439025 0.03981481481481482