0 0.805640243902439 0.2013888888888889 0.026422764227642278 0.04722222222222222
0 0.7916666666666666 0.17083333333333334 0.02032520325203252 0.037037037037037035
0 0.8467987804878049 0.1361111111111111 0.017784552845528455 0.032407407407407406
0 0.8371443089430894 0.13287037037037036 0.018292682926829267 0.03333333333333333
0 0.8622967479674797 0.07685185185185185 0.020833333333333332 0.03796296296296296
0 0.8874491869918699 0.022685185185185187 0.018292682926829267 0.032407407407407406
0 0.8775406504065041 0.014351851851851852 0.019308943089430895 0.028703703703703703
0 0.8767784552845529 0.15555555555555556 0.023373983739837397 0.04259259259259259
0 0.9029471544715447 0.19166666666666668 0.029471544715447155 0.05277777777777778
0 0.8973577235772358 0.16944444444444445 0.02693089430894309 0.049074074074074076
0 0.9247967479674797 0.05555555555555555 0.022357723577235773 0.040740740740740744
0 0.958079268292683 0.13657407407407407 0.029471544715447155 0.053703703703703705
0 0.32672764227642276 0.14444444444444443 0.025914634146341462 0.046296296296296294