0 0.21484375 0.4583333333333333 0.0875 0.14791666666666667
0 0.59609375 0.15520833333333334 0.096875 0.16458333333333333
0 0.55859375 0.19479166666666667 0.0953125 0.16041666666666668
0 0.52734375 0.22291666666666668 0.1 0.16041666666666668
0 0.82109375 0.22291666666666668 0.1046875 0.18333333333333332
0 0.8046875 0.24270833333333333 0.13125 0.20833333333333334
0 0.68828125 0.3375 0.128125 0.21041666666666667
0 0.7296875 0.3072916666666667 0.134375 0.22083333333333333
0 0.6046875 0.5041666666666667 0.15 0.20625
0 0.6296875 0.49270833333333336 0.115625 0.15833333333333333
0 0.540625 0.584375 0.1171875 0.18333333333333332
0 0.57421875 0.7333333333333333 0.1484375 0.24583333333333332
0 0.45859375 0.9416666666666667 0.1328125 0.11666666666666667
0 0.090625 0.3802083333333333 0.059375 0.1
0 0.565625 0.075 0.05625 0.08541666666666667