0 0.8046875 0.28854166666666664 0.053125 0.15208333333333332
0 0.565625 0.490625 0.03125 0.06041666666666667
0 0.39375 0.5270833333333333 0.059375 0.0625
0 0.6171875 0.5802083333333333 0.084375 0.125
0 0.50625 0.6072916666666667 0.065625 0.18125
0 0.86953125 0.8166666666666667 0.090625 0.2833333333333333
0 0.7875 0.8364583333333333 0.09375 0.275
0 0.45859375 0.8614583333333333 0.0953125 0.27708333333333335
0 0.1859375 0.103125 0.0359375 0.1
0 0.26875 0.12604166666666666 0.0265625 0.0625
0 0.6 0.11354166666666667 0.028125 0.05
0 0.30859375 0.12916666666666668 0.0328125 0.06875
0 0.60859375 0.16041666666666668 0.0421875 0.10208333333333333