0 0.5484375 0.16979166666666667 0.071875 0.14166666666666666
0 0.571875 0.153125 0.0859375 0.14583333333333334
0 0.16171875 0.5020833333333333 0.0921875 0.1625
0 0.24921875 0.46770833333333334 0.1 0.17083333333333334
0 0.29453125 0.44479166666666664 0.0953125 0.17083333333333334
0 0.228125 0.5145833333333333 0.1109375 0.19166666666666668
0 0.609375 0.353125 0.146875 0.2375
0 0.559375 0.39791666666666664 0.1203125 0.21458333333333332
0 0.43203125 0.5854166666666667 0.0515625 0.07083333333333333
0 0.2328125 0.19583333333333333 0.046875 0.07916666666666666
0 0.55 0.584375 0.1421875 0.22291666666666668
0 0.80390625 0.40208333333333335 0.134375 0.24583333333333332
0 0.8734375 0.38125 0.140625 0.25833333333333336
0 0.22109375 0.21145833333333333 0.04375 0.07083333333333333
0 0.26875 0.865625 0.0984375 0.15208333333333332
0 0.78984375 0.5010416666666667 0.1640625 0.2791666666666667
0 0.70625 0.59375 0.159375 0.29583333333333334
0 0.359375 0.915625 0.153125 0.16875
0 0.33828125 0.934375 0.1671875 0.13125
0 0.18359375 0.27291666666666664 0.0359375 0.058333333333333334
0 0.14765625 0.3104166666666667 0.0875 0.14166666666666666
0 0.21796875 0.2989583333333333 0.0578125 0.10625
0 0.51640625 0.078125 0.075 0.11666666666666667
0 0.1140625 0.3927083333333333 0.078125 0.12291666666666666
0 0.565625 0.065625 0.0859375 0.12708333333333333
0 0.20078125 0.35625 0.0703125 0.11875
0 0.1453125 0.39895833333333336 0.059375 0.09583333333333334
0 0.4875 0.16770833333333332 0.090625 0.14791666666666667
0 0.51953125 0.14375 0.078125 0.13541666666666666