0 0.5328125 0.18645833333333334 0.0625 0.12916666666666668
0 0.6421875 0.15416666666666667 0.0625 0.13125
0 0.615625 0.246875 0.078125 0.16666666666666666
0 0.6703125 0.23541666666666666 0.0640625 0.14166666666666666
0 0.2609375 0.41041666666666665 0.08125 0.17916666666666667
0 0.2296875 0.425 0.0703125 0.16041666666666668
0 0.30234375 0.39895833333333336 0.075 0.175
0 0.18984375 0.44479166666666664 0.0734375 0.17291666666666666
0 0.80546875 0.225 0.0703125 0.14166666666666666
0 0.353125 0.3885416666666667 0.0703125 0.1625
0 0.76953125 0.25416666666666665 0.071875 0.17083333333333334
0 0.68984375 0.34791666666666665 0.075 0.125
0 0.86171875 0.31979166666666664 0.090625 0.20416666666666666
0 0.8171875 0.34479166666666666 0.0796875 0.18333333333333332
0 0.13203125 0.6416666666666667 0.0921875 0.21041666666666667
0 0.08671875 0.6604166666666667 0.1015625 0.2125
0 0.3921875 0.5645833333333333 0.0515625 0.06666666666666667
0 0.603125 0.5291666666666667 0.1453125 0.20416666666666666
0 0.52578125 0.603125 0.0953125 0.19375
0 0.84453125 0.5635416666666667 0.1140625 0.2791666666666667
0 0.7953125 0.5885416666666666 0.178125 0.2916666666666667
0 0.76640625 0.6 0.1140625 0.2520833333333333
0 0.953125 0.5895833333333333 0.09375 0.2875
0 0.51875 0.83125 0.1375 0.30625
0 0.8015625 0.7979166666666667 0.1359375 0.24375
0 0.21953125 0.23125 0.059375 0.13125
0 0.58515625 0.159375 0.05625 0.09791666666666667