0 0.40859375 0.11666666666666667 0.0859375 0.14791666666666667
0 0.375 0.1 0.0796875 0.13541666666666666
0 0.68671875 0.4427083333333333 0.1078125 0.18333333333333332
0 0.265625 0.13541666666666666 0.05 0.06875
0 0.64375 0.42291666666666666 0.096875 0.16875
0 0.2125 0.18854166666666666 0.1078125 0.18333333333333332
0 0.2234375 0.22291666666666668 0.1453125 0.23333333333333334
0 0.2875 0.28020833333333334 0.128125 0.21458333333333332
0 0.2390625 0.25 0.109375 0.19166666666666668
0 0.70859375 0.6145833333333334 0.0828125 0.125
0 0.3921875 0.44583333333333336 0.0703125 0.0875
0 0.55546875 0.6229166666666667 0.171875 0.23541666666666666
0 0.46328125 0.5916666666666667 0.115625 0.18958333333333333
0 0.0578125 0.35520833333333335 0.115625 0.27708333333333335
0 0.12109375 0.41875 0.1390625 0.2375
0 0.66953125 0.8979166666666667 0.1484375 0.20416666666666666
0 0.60625 0.86875 0.16875 0.2625
0 0.7609375 0.9375 0.171875 0.125
0 0.359375 0.75625 0.165625 0.2916666666666667
0 0.49140625 0.9489583333333333 0.1328125 0.10208333333333333
0 0.3984375 0.0125 0.071875 0.025
0 0.44140625 0.03125 0.0515625 0.0625
0 0.8 0.3177083333333333 0.0703125 0.125
0 0.81875 0.3375 0.0671875 0.1125
0 0.36171875 0.023958333333333335 0.0546875 0.04791666666666667
0 0.4578125 0.07916666666666666 0.0578125 0.09791666666666667
0 0.77265625 0.3541666666666667 0.071875 0.125