0 0.240625 0.39375 0.0890625 0.13125
0 0.20703125 0.44166666666666665 0.059375 0.08541666666666667
0 0.11015625 0.55 0.0859375 0.13333333333333333
0 0.53125 0.14270833333333333 0.1109375 0.16458333333333333
0 0.15703125 0.50625 0.078125 0.12083333333333333
0 0.1375 0.53125 0.084375 0.13333333333333333
0 0.3375 0.340625 0.090625 0.13333333333333333
0 0.49921875 0.19270833333333334 0.09375 0.14583333333333334
0 0.3140625 0.37604166666666666 0.10625 0.15625
0 0.2890625 0.5572916666666666 0.1203125 0.18958333333333333
0 0.25546875 0.6041666666666666 0.1265625 0.20416666666666666
0 0.20546875 0.69375 0.153125 0.23125
0 0.41875 0.5958333333333333 0.0453125 0.06666666666666667
0 0.44375 0.5989583333333334 0.0453125 0.06458333333333334
0 0.69140625 0.3697916666666667 0.1515625 0.2375
0 0.7375 0.3260416666666667 0.1625 0.25
0 0.559375 0.5864583333333333 0.140625 0.21458333333333332
0 0.40703125 0.9333333333333333 0.1515625 0.13333333333333333
0 0.74296875 0.6958333333333333 0.2046875 0.3125
0 0.4015625 0.9510416666666667 0.15625 0.09791666666666667
0 0.90546875 0.56875 0.1859375 0.27708333333333335
0 0.85703125 0.6385416666666667 0.165625 0.24166666666666667
0 0.97734375 0.5135416666666667 0.0453125 0.18958333333333333
0 0.0890625 0.434375 0.0734375 0.10625
0 0.446875 0.10208333333333333 0.0671875 0.09583333333333334
0 0.1296875 0.43333333333333335 0.059375 0.08958333333333333
0 0.49296875 0.08125 0.0640625 0.09166666666666666