0 0.7703125 0.284375 0.04375 0.1
0 0.7734375 0.3875 0.0640625 0.16875
0 0.87265625 0.41041666666666665 0.071875 0.16458333333333333
0 0.83125 0.409375 0.0671875 0.1625
0 0.7203125 0.43020833333333336 0.078125 0.20833333333333334
0 0.7453125 0.43854166666666666 0.078125 0.21666666666666667
0 0.675 0.4270833333333333 0.0734375 0.19791666666666666
0 0.62734375 0.428125 0.075 0.19375
0 0.58984375 0.5864583333333333 0.128125 0.1875
0 0.49140625 0.60625 0.0828125 0.19166666666666668
0 0.42890625 0.671875 0.05 0.07291666666666667
0 0.421875 0.8239583333333333 0.096875 0.29583333333333334
0 0.334375 0.059375 0.034375 0.04583333333333333
0 0.36640625 0.08645833333333333 0.0359375 0.07083333333333333
0 0.20390625 0.096875 0.0375 0.11666666666666667
0 0.31875 0.12291666666666666 0.04375 0.1125
0 0.28828125 0.121875 0.0453125 0.11041666666666666