0 0.565625 0.175 0.065625 0.14583333333333334
0 0.58984375 0.16041666666666668 0.08125 0.14583333333333334
0 0.1625 0.4708333333333333 0.0875 0.1625
0 0.2515625 0.44479166666666664 0.0953125 0.17291666666666666
0 0.2984375 0.42604166666666665 0.0875 0.17291666666666666
0 0.228125 0.4895833333333333 0.103125 0.19375
0 0.6171875 0.36354166666666665 0.1390625 0.2375
0 0.56484375 0.403125 0.1125 0.21666666666666667
0 0.428125 0.5791666666666667 0.05 0.06875
0 0.24921875 0.171875 0.04375 0.07916666666666666
0 0.54609375 0.5885416666666666 0.1359375 0.22291666666666668
0 0.80859375 0.43125 0.1234375 0.25
0 0.878125 0.4166666666666667 0.1296875 0.2604166666666667
0 0.23671875 0.18645833333333334 0.0421875 0.07083333333333333
0 0.25078125 0.84375 0.0953125 0.15
0 0.7890625 0.528125 0.1546875 0.28125
0 0.70078125 0.6135416666666667 0.146875 0.3
0 0.33515625 0.9083333333333333 0.1421875 0.18333333333333332
0 0.3125 0.9260416666666667 0.15625 0.14791666666666667
0 0.19609375 0.24375 0.0328125 0.058333333333333334
0 0.15859375 0.278125 0.0828125 0.13958333333333334
0 0.22890625 0.27291666666666664 0.0546875 0.10833333333333334
0 0.53828125 0.08020833333333334 0.071875 0.11458333333333333
0 0.12109375 0.3572916666666667 0.075 0.12083333333333333
0 0.58828125 0.07291666666666667 0.0828125 0.125
0 0.209375 0.32916666666666666 0.0671875 0.11875
0 0.1515625 0.365625 0.05625 0.09583333333333334
0 0.5046875 0.16666666666666666 0.0859375 0.15
0 0.53828125 0.14583333333333334 0.0734375 0.13541666666666666