0 0.6265625 0.17083333333333334 0.075 0.15625
0 0.59140625 0.190625 0.078125 0.1625
0 0.5671875 0.21041666666666667 0.075 0.15625
0 0.6671875 0.16458333333333333 0.0765625 0.15833333333333333
0 0.22265625 0.41875 0.08125 0.15625
0 0.8375 0.27291666666666664 0.065625 0.11458333333333333
0 0.5328125 0.45416666666666666 0.046875 0.07083333333333333
0 0.578125 0.48125 0.078125 0.11458333333333333
0 0.4046875 0.56875 0.06875 0.08541666666666667
0 0.875 0.35833333333333334 0.1171875 0.23541666666666666
0 0.775 0.42291666666666666 0.121875 0.24791666666666667
0 0.7125 0.45625 0.115625 0.23541666666666666
0 0.6 0.5458333333333333 0.140625 0.21041666666666667
0 0.52890625 0.59375 0.1 0.18541666666666667
0 0.5328125 0.74375 0.11875 0.24375
0 0.31015625 0.95 0.1265625 0.1
0 0.12265625 0.2625 0.0390625 0.08125
0 0.19375 0.23854166666666668 0.0359375 0.06458333333333334
0 0.1796875 0.246875 0.03125 0.0625
0 0.23359375 0.22604166666666667 0.04375 0.075
0 0.62734375 0.08125 0.0484375 0.08541666666666667
0 0.6578125 0.07604166666666666 0.0546875 0.10625