0 0.26640625 0.2864583333333333 0.0640625 0.15833333333333333
0 0.2328125 0.2947916666666667 0.0515625 0.15
0 0.63203125 0.24895833333333334 0.0515625 0.12291666666666666
0 0.3859375 0.5322916666666667 0.0484375 0.0625
0 0.40859375 0.54375 0.0296875 0.06041666666666667
0 0.1234375 0.584375 0.0765625 0.20625
0 0.6 0.5541666666666667 0.125 0.1875
0 0.5109375 0.6072916666666667 0.075 0.18333333333333332
0 0.475 0.815625 0.121875 0.3020833333333333
0 0.85390625 0.8635416666666667 0.10625 0.20208333333333334
0 0.2 0.12708333333333333 0.028125 0.06875
0 0.62734375 0.08333333333333333 0.03125 0.07083333333333333
0 0.1875 0.13645833333333332 0.0203125 0.0625
0 0.2515625 0.14166666666666666 0.025 0.058333333333333334
0 0.27421875 0.15833333333333333 0.0375 0.10208333333333333
0 0.18046875 0.175 0.046875 0.0875
0 0.62578125 0.140625 0.0515625 0.09166666666666666
0 0.71328125 0.1375 0.0453125 0.11041666666666666
0 0.2109375 0.2 0.0359375 0.1
0 0.1671875 0.21979166666666666 0.040625 0.1375