0 0.2125 0.37916666666666665 0.078125 0.17916666666666667
0 0.390625 0.503125 0.0578125 0.06875
0 0.54609375 0.559375 0.0609375 0.12916666666666668
0 0.60078125 0.59375 0.1015625 0.14375
0 0.49375 0.60625 0.0765625 0.18333333333333332
0 0.8484375 0.6708333333333333 0.084375 0.23125
0 0.909375 0.7114583333333333 0.109375 0.24791666666666667
0 0.44296875 0.76875 0.0953125 0.2520833333333333
0 0.63828125 0.803125 0.103125 0.26875
0 0.71875 0.8229166666666666 0.1125 0.27291666666666664
0 0.24296875 0.05520833333333333 0.034375 0.08541666666666667
0 0.3046875 0.08333333333333333 0.0265625 0.06041666666666667
0 0.35703125 0.09479166666666666 0.034375 0.07083333333333333
0 0.78046875 0.21041666666666667 0.0375 0.1
0 0.69140625 0.225 0.0484375 0.13541666666666666
0 0.71015625 0.228125 0.090625 0.15
0 0.64765625 0.21979166666666666 0.0484375 0.13125
0 0.7328125 0.23541666666666666 0.0453125 0.12916666666666668
0 0.61640625 0.21875 0.0484375 0.1375