0 0.30703125 0.2552083333333333 0.0765625 0.16875
0 0.25625 0.25 0.06875 0.14166666666666666
0 0.359375 0.28541666666666665 0.078125 0.16041666666666668
0 0.3875 0.48541666666666666 0.040625 0.07916666666666666
0 0.41015625 0.49583333333333335 0.0515625 0.07708333333333334
0 0.16875 0.46041666666666664 0.1140625 0.24583333333333332
0 0.10546875 0.44166666666666665 0.1 0.24166666666666667
0 0.48515625 0.6041666666666666 0.096875 0.2
0 0.72734375 0.7 0.11875 0.25
0 0.1671875 0.7041666666666667 0.096875 0.25416666666666665
0 0.1359375 0.7395833333333334 0.1453125 0.31666666666666665
0 0.2734375 0.026041666666666668 0.053125 0.052083333333333336
0 0.37890625 0.06770833333333333 0.0453125 0.08958333333333333
0 0.42421875 0.08854166666666667 0.0421875 0.07916666666666666
0 0.72578125 0.215625 0.04375 0.10208333333333333
0 0.2546875 0.09270833333333334 0.0578125 0.14375
0 0.69453125 0.24791666666666667 0.0546875 0.12916666666666668
0 0.7671875 0.2760416666666667 0.0578125 0.11875