0 0.4125 0.415625 0.0734375 0.09791666666666667
0 0.53125 0.6333333333333333 0.178125 0.2375
0 0.14609375 0.17395833333333333 0.1671875 0.22291666666666668
0 0.44609375 0.5791666666666667 0.140625 0.1875
0 0.6390625 0.9427083333333334 0.1875 0.11458333333333333
0 0.59765625 0.9270833333333334 0.1828125 0.14583333333333334
0 0.33046875 0.634375 0.1328125 0.17708333333333334
0 0.26171875 0.7270833333333333 0.1796875 0.23958333333333334
0 0.3359375 0.8760416666666667 0.1453125 0.19375
0 0.3640625 0.890625 0.203125 0.21875
0 0.38828125 0.9322916666666666 0.1421875 0.13541666666666666
0 0.54609375 0.027083333333333334 0.0515625 0.05416666666666667
0 0.57421875 0.0625 0.0578125 0.07708333333333334
0 0.75859375 0.36875 0.0921875 0.12291666666666666
0 0.77890625 0.4083333333333333 0.08125 0.10833333333333334