0 0.55078125 0.14375 0.0953125 0.13958333333333334
0 0.60703125 0.08645833333333333 0.1015625 0.14583333333333334
0 0.21484375 0.5333333333333333 0.0765625 0.11041666666666666
0 0.24921875 0.5 0.0890625 0.12916666666666668
0 0.303125 0.46041666666666664 0.1109375 0.1625
0 0.5265625 0.22083333333333333 0.1046875 0.15
0 0.19609375 0.584375 0.0625 0.0875
0 0.25234375 0.5822916666666667 0.059375 0.08125
0 0.2359375 0.65625 0.1109375 0.16458333333333333
0 0.34453125 0.5947916666666667 0.14375 0.21041666666666667
0 0.29609375 0.671875 0.1234375 0.18125
0 0.4265625 0.5635416666666667 0.0453125 0.0625
0 0.4234375 0.609375 0.0453125 0.06666666666666667
0 0.13828125 0.9125 0.1234375 0.175
0 0.44296875 0.5989583333333334 0.0515625 0.07083333333333333
0 0.18515625 0.890625 0.1515625 0.21875
0 0.2671875 0.84375 0.1453125 0.21041666666666667
0 0.55390625 0.58125 0.1359375 0.19375
0 0.42421875 0.9239583333333333 0.1640625 0.15208333333333332
0 0.421875 0.9375 0.215625 0.125
0 0.0734375 0.459375 0.053125 0.07916666666666666
0 0.46484375 0.08854166666666667 0.06875 0.1
0 0.17109375 0.4125 0.078125 0.11458333333333333
0 0.196875 0.38645833333333335 0.0765625 0.11041666666666666
0 0.546875 0.036458333333333336 0.075 0.07291666666666667
0 0.52109375 0.06458333333333334 0.0671875 0.09375
0 0.13828125 0.4947916666666667 0.078125 0.11458333333333333
0 0.1703125 0.46041666666666664 0.08125 0.11875