0 0.39296875 0.15416666666666667 0.084375 0.16666666666666666
0 0.3625 0.13958333333333334 0.0609375 0.13333333333333333
0 0.44453125 0.21979166666666666 0.0625 0.10208333333333333
0 0.73671875 0.41875 0.1046875 0.1875
0 0.68125 0.3875 0.09375 0.17916666666666667
0 0.18828125 0.2635416666666667 0.1203125 0.24166666666666667
0 0.23359375 0.309375 0.1078125 0.21041666666666667
0 0.246875 0.3927083333333333 0.134375 0.2375
0 0.47734375 0.6010416666666667 0.1296875 0.21041666666666667
0 0.6890625 0.815625 0.134375 0.26875
0 0.63671875 0.7895833333333333 0.1234375 0.26458333333333334
0 0.72578125 0.9072916666666667 0.1609375 0.18541666666666667
0 0.1421875 0.63125 0.1421875 0.26875
0 0.78671875 0.95625 0.1453125 0.0875
0 0.09609375 0.6385416666666667 0.1484375 0.29375
0 0.59296875 0.95625 0.1265625 0.0875
0 0.353125 0.007291666666666667 0.034375 0.014583333333333334
0 0.384375 0.053125 0.0625 0.10625
0 0.41953125 0.06770833333333333 0.059375 0.09375
0 0.46640625 0.10416666666666667 0.0796875 0.14791666666666667
0 0.715625 0.265625 0.1234375 0.15416666666666667
0 0.34453125 0.059375 0.0765625 0.11875