0 0.16640625 0.471875 0.0859375 0.12708333333333333
0 0.13515625 0.50625 0.0890625 0.13125
0 0.2421875 0.41458333333333336 0.0796875 0.12083333333333333
0 0.2078125 0.4947916666666667 0.0875 0.13333333333333333
0 0.3421875 0.44479166666666664 0.1203125 0.18125
0 0.30234375 0.48541666666666666 0.1015625 0.15833333333333333
0 0.575 0.225 0.084375 0.125
0 0.58125 0.296875 0.1203125 0.18541666666666667
0 0.54609375 0.3302083333333333 0.1234375 0.19166666666666668
0 0.2203125 0.671875 0.109375 0.16875
0 0.1875 0.7125 0.115625 0.175
0 0.64375 0.3458333333333333 0.15 0.225
0 0.7546875 0.23958333333333334 0.134375 0.2125
0 0.82578125 0.19791666666666666 0.1375 0.20833333333333334
0 0.42109375 0.6052083333333333 0.0703125 0.08958333333333333
0 0.55078125 0.584375 0.134375 0.2
0 0.3703125 0.9260416666666667 0.115625 0.14791666666666667
0 0.38515625 0.953125 0.1640625 0.09375
0 0.47265625 0.9802083333333333 0.1421875 0.03958333333333333
0 0.11796875 0.38229166666666664 0.059375 0.08958333333333333
0 0.17578125 0.3416666666666667 0.0578125 0.08541666666666667
0 0.10234375 0.421875 0.0546875 0.08125
0 0.0828125 0.44895833333333335 0.0375 0.052083333333333336
0 0.48671875 0.08125 0.06875 0.10416666666666667
0 0.5234375 0.06041666666666667 0.0734375 0.10416666666666667