0 0.73515625 0.403125 0.0875 0.125
0 0.7578125 0.4354166666666667 0.096875 0.1375
0 0.48828125 0.15520833333333334 0.0734375 0.10625
0 0.4578125 0.128125 0.090625 0.12916666666666668
0 0.8296875 0.565625 0.1078125 0.15208333333333332
0 0.8390625 0.58125 0.109375 0.16458333333333333
0 0.5265625 0.628125 0.1640625 0.22291666666666668
0 0.45078125 0.584375 0.134375 0.19166666666666668
0 0.68125 0.8666666666666667 0.1765625 0.25833333333333336
0 0.625 0.8083333333333333 0.1859375 0.26875
0 0.65 0.8354166666666667 0.240625 0.32916666666666666
0 0.71796875 0.903125 0.1640625 0.19375
0 0.5578125 0.7916666666666666 0.1765625 0.25416666666666665
0 0.3546875 0.6354166666666666 0.1015625 0.14166666666666666
0 0.28984375 0.740625 0.1921875 0.27708333333333335
0 0.3890625 0.8927083333333333 0.16875 0.21458333333333332
0 0.45390625 0.9614583333333333 0.1328125 0.07708333333333334
0 0.5140625 0.025 0.046875 0.05
0 0.47421875 0.03229166666666667 0.0703125 0.06458333333333334