0 0.77109375 0.446875 0.0921875 0.12708333333333333
0 0.4265625 0.053125 0.090625 0.10625
0 0.54921875 0.6458333333333334 0.15625 0.2125
0 0.44765625 0.5822916666666667 0.1390625 0.19375
0 0.7890625 0.275 0.075 0.1
0 0.3109375 0.7104166666666667 0.2 0.28125
0 0.528125 0.023958333333333335 0.046875 0.04791666666666667
0 0.51796875 0.019791666666666666 0.0453125 0.03958333333333333
0 0.55703125 0.058333333333333334 0.0546875 0.07708333333333334
0 0.48984375 0.017708333333333333 0.0671875 0.035416666666666666
0 0.74140625 0.3958333333333333 0.0640625 0.08958333333333333