0 0.56328125 0.17604166666666668 0.0875 0.14583333333333334
0 0.23984375 0.4354166666666667 0.09375 0.15416666666666667
0 0.2015625 0.46458333333333335 0.084375 0.14583333333333334
0 0.29609375 0.3958333333333333 0.0953125 0.16041666666666668
0 0.37578125 0.3625 0.09375 0.16041666666666668
0 0.63515625 0.20625 0.1046875 0.17708333333333334
0 0.20625 0.5395833333333333 0.090625 0.15416666666666667
0 0.69140625 0.21875 0.103125 0.18333333333333332
0 0.7484375 0.18645833333333334 0.109375 0.1875
0 0.54453125 0.59375 0.1265625 0.20208333333333334
0 0.15546875 0.8864583333333333 0.1359375 0.22708333333333333
0 0.08984375 0.30625 0.05625 0.08541666666666667
0 0.246875 0.86875 0.178125 0.2625
0 0.35703125 0.9260416666666667 0.1859375 0.14791666666666667
0 0.084375 0.3572916666666667 0.0453125 0.08125
0 0.190625 0.2916666666666667 0.0609375 0.10208333333333333
0 0.2359375 0.26666666666666666 0.059375 0.08958333333333333
0 0.52421875 0.08333333333333333 0.059375 0.1
0 0.56640625 0.0625 0.0828125 0.10833333333333334
0 0.15546875 0.38645833333333335 0.0484375 0.075
0 0.13671875 0.41875 0.053125 0.08541666666666667