0 0.56015625 0.14583333333333334 0.09375 0.13958333333333334
0 0.61796875 0.09166666666666666 0.1 0.14791666666666667
0 0.2140625 0.5197916666666667 0.075 0.11041666666666666
0 0.24921875 0.48854166666666665 0.0875 0.13125
0 0.30390625 0.4510416666666667 0.1078125 0.16458333333333333
0 0.53359375 0.221875 0.103125 0.15
0 0.19453125 0.5697916666666667 0.0609375 0.0875
0 0.25078125 0.5708333333333333 0.059375 0.08125
0 0.23203125 0.64375 0.1078125 0.16666666666666666
0 0.3421875 0.5875 0.140625 0.2125
0 0.29140625 0.6625 0.121875 0.18333333333333332
0 0.425 0.559375 0.0453125 0.0625
0 0.42109375 0.6052083333333333 0.04375 0.06666666666666667
0 0.128125 0.9010416666666666 0.1203125 0.1875
0 0.43984375 0.596875 0.0515625 0.07083333333333333
0 0.175 0.8791666666666667 0.1484375 0.22916666666666666
0 0.25859375 0.8322916666666667 0.1421875 0.2125
0 0.55234375 0.5833333333333334 0.1328125 0.19583333333333333
0 0.41328125 0.921875 0.1609375 0.15625
0 0.40859375 0.934375 0.2109375 0.13125
0 0.07421875 0.4395833333333333 0.0515625 0.07916666666666666
0 0.47578125 0.0875 0.0671875 0.1
0 0.17421875 0.396875 0.0765625 0.11666666666666667
0 0.2 0.371875 0.0765625 0.1125
0 0.56015625 0.0375 0.0734375 0.075
0 0.53203125 0.065625 0.065625 0.09375
0 0.13828125 0.478125 0.075 0.11458333333333333
0 0.171875 0.44479166666666664 0.0796875 0.11875