0 0.44765625 0.06458333333333334 0.0921875 0.12916666666666668
0 0.78125 0.45208333333333334 0.090625 0.12708333333333333
0 0.82734375 0.509375 0.096875 0.13541666666666666
0 0.54453125 0.30416666666666664 0.109375 0.15416666666666667
0 0.3375 0.11666666666666667 0.0625 0.0875
0 0.51171875 0.31979166666666664 0.1203125 0.16875
0 0.475 0.28125 0.1203125 0.16875
0 0.284375 0.11979166666666667 0.1109375 0.15416666666666667
0 0.34140625 0.221875 0.134375 0.18958333333333333
0 0.3140625 0.19270833333333334 0.109375 0.15833333333333333
0 0.37109375 0.27395833333333336 0.140625 0.2
0 0.71796875 0.6875 0.1359375 0.18958333333333333
0 0.40859375 0.4239583333333333 0.0578125 0.07916666666666666
0 0.41171875 0.446875 0.059375 0.07916666666666666
0 0.18984375 0.21875 0.13125 0.19166666666666668
0 0.21484375 0.275 0.1578125 0.225
0 0.44921875 0.5864583333333333 0.1390625 0.19375
0 0.13125 0.484375 0.1671875 0.23958333333333334
0 0.10234375 0.49166666666666664 0.2046875 0.30833333333333335
0 0.4890625 0.035416666666666666 0.06875 0.07083333333333333
0 0.8015625 0.384375 0.0703125 0.09791666666666667
0 0.875 0.47708333333333336 0.0859375 0.12083333333333333
0 0.4953125 0.052083333333333336 0.075 0.10416666666666667