0 0.434375 0.24479166666666666 0.04375 0.11666666666666667
0 0.30859375 0.271875 0.053125 0.1875
0 0.23359375 0.2791666666666667 0.0546875 0.08125
0 0.35703125 0.28020833333333334 0.0453125 0.12916666666666668
0 0.24296875 0.340625 0.0625 0.1625
0 0.20078125 0.34270833333333334 0.046875 0.16666666666666666
0 0.4546875 0.35520833333333335 0.0375 0.1125
0 0.3984375 0.39895833333333336 0.0484375 0.19375
0 0.67265625 0.40520833333333334 0.0296875 0.09375
0 0.64375 0.5208333333333334 0.0484375 0.22291666666666668
0 0.6953125 0.5260416666666666 0.0515625 0.24583333333333332
0 0.88671875 0.5395833333333333 0.078125 0.25416666666666665
0 0.821875 0.5729166666666666 0.0578125 0.2625
0 0.5015625 0.596875 0.0453125 0.18125
0 0.5625 0.6364583333333333 0.0890625 0.23958333333333334
0 0.21171875 0.8270833333333333 0.0609375 0.24791666666666667
0 0.1734375 0.8604166666666667 0.06875 0.2791666666666667
0 0.9015625 0.9083333333333333 0.090625 0.16666666666666666
0 0.98515625 0.9229166666666667 0.0296875 0.12916666666666668
0 0.23359375 0.11458333333333333 0.0328125 0.05416666666666667
0 0.2609375 0.12395833333333334 0.03125 0.09583333333333334
0 0.3 0.12291666666666666 0.04375 0.075
0 0.3421875 0.12291666666666666 0.034375 0.06458333333333334
0 0.6640625 0.14895833333333333 0.025 0.12291666666666666
0 0.2375 0.16041666666666668 0.05625 0.07708333333333334
0 0.2109375 0.17291666666666666 0.03125 0.1
0 0.71015625 0.16354166666666667 0.0734375 0.10208333333333333
0 0.22109375 0.19166666666666668 0.0203125 0.03333333333333333