0 0.340625 0.18229166666666666 0.071875 0.15
0 0.76015625 0.3770833333333333 0.078125 0.16875
0 0.71328125 0.36354166666666665 0.078125 0.16458333333333333
0 0.6765625 0.35 0.0828125 0.1625
0 0.865625 0.65 0.08125 0.18958333333333333
0 0.84375 0.6458333333333334 0.109375 0.20833333333333334
0 0.71484375 0.5875 0.1046875 0.2125
0 0.7578125 0.6104166666666667 0.1109375 0.22291666666666668
0 0.56484375 0.609375 0.1359375 0.19375
0 0.5875 0.628125 0.10625 0.15
0 0.478125 0.5958333333333333 0.1 0.18333333333333332
0 0.41328125 0.7260416666666667 0.121875 0.24791666666666667
0 0.1890625 0.775 0.1078125 0.225
0 0.30546875 0.027083333333333334 0.0484375 0.05416666666666667
0 0.78671875 0.29375 0.0484375 0.08333333333333333