0 0.76484375 0.39895833333333336 0.0796875 0.125
0 0.484375 0.17291666666666666 0.103125 0.16041666666666668
0 0.4125 0.1125 0.0859375 0.1375
0 0.7390625 0.4 0.0921875 0.14583333333333334
0 0.70703125 0.371875 0.084375 0.1375
0 0.37265625 0.09583333333333334 0.0796875 0.12708333333333333
0 0.40078125 0.44166666666666665 0.0734375 0.09166666666666666
0 0.459375 0.5947916666666667 0.13125 0.20208333333333334
0 0.5546875 0.036458333333333336 0.053125 0.07291666666666667
0 0.1765625 0.44375 0.140625 0.2125
0 0.1 0.5489583333333333 0.1703125 0.26875
0 0.13203125 0.621875 0.18125 0.2833333333333333
0 0.4921875 0.041666666666666664 0.071875 0.08333333333333333
0 0.71484375 0.2604166666666667 0.05625 0.08958333333333333
0 0.78671875 0.32395833333333335 0.0546875 0.08541666666666667