0 0.8125 0.1763888888888889 0.0296875 0.13055555555555556
0 0.629296875 0.4895833333333333 0.03203125 0.125
0 0.568359375 0.25416666666666665 0.03125 0.12916666666666668
0 0.508203125 0.7375 0.046875 0.16666666666666666
0 0.6640625 0.3840277777777778 0.0359375 0.15
0 0.499609375 0.05 0.0265625 0.09583333333333334
0 0.485546875 0.2902777777777778 0.03046875 0.13472222222222222
0 0.381640625 0.46944444444444444 0.04296875 0.15694444444444444
0 0.3703125 0.10347222222222222 0.02734375 0.11944444444444445
0 0.930859375 0.34791666666666665 0.0421875 0.1388888888888889
0 0.387109375 0.052083333333333336 0.02734375 0.1
0 0.2984375 0.8840277777777777 0.05390625 0.18055555555555555
0 0.0453125 0.7236111111111111 0.0515625 0.17222222222222222
0 0.629296875 0.11319444444444444 0.03203125 0.11388888888888889
0 0.421875 0.9340277777777778 0.0484375 0.12777777777777777
0 0.52421875 0.5854166666666667 0.04453125 0.1736111111111111
0 0.5328125 0.04652777777777778 0.02109375 0.09166666666666666
0 0.463671875 0.044444444444444446 0.02890625 0.0875
0 0.973828125 0.20833333333333334 0.03125 0.11388888888888889
0 0.278125 0.6854166666666667 0.04296875 0.15
0 0.730859375 0.08263888888888889 0.0234375 0.12638888888888888
0 0.950390625 0.20902777777777778 0.0296875 0.10833333333333334
0 0.64375 0.03194444444444444 0.02109375 0.06388888888888888
0 0.0375 0.16875 0.0359375 0.12083333333333333
0 0.43828125 0.05 0.0265625 0.09722222222222222
0 0.98125 0.6409722222222223 0.0375 0.18055555555555555
0 0.148828125 0.9701388888888889 0.05390625 0.059722222222222225
0 0.86484375 0.019444444444444445 0.03203125 0.03888888888888889
0 0.550390625 0.3729166666666667 0.02421875 0.11805555555555555
0 0.124609375 0.12222222222222222 0.04375 0.1361111111111111
0 0.219140625 0.5215277777777778 0.0421875 0.15416666666666667
0 0.22421875 0.44930555555555557 0.02578125 0.06111111111111111
0 0.992578125 0.02638888888888889 0.01484375 0.05277777777777778
0 0.29609375 0.06111111111111111 0.01953125 0.09444444444444444
0 0.610546875 0.03333333333333333 0.025 0.06666666666666667
0 0.188671875 0.5 0.0328125 0.14027777777777778
0 0.251171875 0.5104166666666666 0.03671875 0.13472222222222222