0 0.618359375 0.39166666666666666 0.0359375 0.11944444444444445
0 0.569140625 0.32916666666666666 0.0328125 0.13055555555555556
0 0.965234375 0.50625 0.046875 0.16666666666666666
0 0.4390625 0.06666666666666667 0.02421875 0.11805555555555555
0 0.621875 0.16597222222222222 0.028125 0.10972222222222222
0 0.378125 0.5958333333333333 0.05546875 0.19583333333333333
0 0.49921875 0.030555555555555555 0.02734375 0.06111111111111111
0 0.824609375 0.2361111111111111 0.0328125 0.13472222222222222
0 0.29765625 0.7409722222222223 0.04609375 0.16805555555555557
0 0.119140625 0.8645833333333334 0.05546875 0.20833333333333334
0 0.38515625 0.10138888888888889 0.025 0.10833333333333334
0 0.36875 0.16875 0.02734375 0.12777777777777777
0 0.96015625 0.17083333333333334 0.0296875 0.11666666666666667
0 0.4890625 0.22916666666666666 0.02890625 0.12777777777777777
0 0.669140625 0.5006944444444444 0.0390625 0.16111111111111112
0 0.498828125 0.6125 0.040625 0.15138888888888888
0 0.787890625 0.018055555555555554 0.04140625 0.03611111111111111
0 0.93671875 0.17222222222222222 0.0265625 0.1111111111111111
0 0.5328125 0.02847222222222222 0.02109375 0.05694444444444444
0 0.286328125 0.5715277777777777 0.03671875 0.14166666666666666
0 0.459765625 0.0625 0.02734375 0.11666666666666667
0 0.508984375 0.475 0.04140625 0.15
0 0.73203125 0.08402777777777778 0.02421875 0.12777777777777777
0 0.5515625 0.47291666666666665 0.02734375 0.14583333333333334
0 0.9203125 0.2791666666666667 0.0421875 0.15416666666666667
0 0.0140625 0.6069444444444444 0.028125 0.1486111111111111
0 0.0515625 0.15902777777777777 0.03046875 0.11666666666666667
0 0.239453125 0.06736111111111111 0.03046875 0.09305555555555556
0 0.653125 0.034722222222222224 0.02421875 0.06944444444444445
0 0.12421875 0.08194444444444444 0.0328125 0.11805555555555555
0 0.384375 0.016666666666666666 0.01640625 0.03333333333333333
0 0.25 0.5111111111111111 0.0328125 0.13055555555555556
0 0.6265625 0.03680555555555556 0.02890625 0.07361111111111111
0 0.220703125 0.5236111111111111 0.04140625 0.15
0 0.225 0.44722222222222224 0.02421875 0.0625
0 0.190625 0.5020833333333333 0.03203125 0.14583333333333334