0 0.59921875 0.2611111111111111 0.03359375 0.11527777777777778
0 0.494921875 0.42986111111111114 0.04140625 0.15
0 0.566796875 0.5208333333333334 0.0453125 0.15694444444444444
0 0.93984375 0.36666666666666664 0.046875 0.1527777777777778
0 0.068359375 0.8694444444444445 0.0625 0.18472222222222223
0 0.39375 0.075 0.02734375 0.11805555555555555
0 0.918359375 0.22291666666666668 0.0375 0.12222222222222222
0 0.39921875 0.21736111111111112 0.03515625 0.11944444444444445
0 0.892578125 0.8368055555555556 0.06484375 0.18333333333333332
0 0.634375 0.8125 0.05546875 0.18472222222222223
0 0.311328125 0.5145833333333333 0.05234375 0.16805555555555557
0 0.629296875 0.29375 0.03515625 0.12777777777777777
0 0.87109375 0.4236111111111111 0.04609375 0.15
0 0.533984375 0.33541666666666664 0.0421875 0.15
0 0.358984375 0.86875 0.05859375 0.19722222222222222
0 0.038671875 0.5826388888888889 0.06875 0.19027777777777777
0 0.9765625 0.4736111111111111 0.046875 0.1527777777777778
0 0.890625 0.9513888888888888 0.065625 0.09722222222222222
0 0.540234375 0.9229166666666667 0.04609375 0.1527777777777778
0 0.740625 0.11319444444444444 0.0265625 0.13055555555555556
0 0.38203125 0.3013888888888889 0.0359375 0.14027777777777778
0 0.315234375 0.39375 0.03671875 0.11527777777777778
0 0.9921875 0.2923611111111111 0.015625 0.12361111111111112
0 0.534765625 0.7138888888888889 0.03671875 0.1486111111111111
0 0.612890625 0.05694444444444444 0.0265625 0.09444444444444444
0 0.1359375 0.059027777777777776 0.0359375 0.09305555555555556
0 0.11171875 0.9243055555555556 0.05703125 0.08611111111111111
0 0.53984375 0.03333333333333333 0.02421875 0.0625
0 0.499609375 0.1284722222222222 0.0296875 0.12638888888888888
0 0.14296875 0.02638888888888889 0.03125 0.05277777777777778
0 0.068359375 0.11666666666666667 0.034375 0.12361111111111112
0 0.440625 0.09513888888888888 0.0296875 0.12083333333333333
0 0.895703125 0.1597222222222222 0.02890625 0.10555555555555556
0 0.225390625 0.43125 0.0265625 0.058333333333333334
0 0.469921875 0.10486111111111111 0.028125 0.11805555555555555
0 0.218359375 0.5048611111111111 0.04765625 0.15694444444444444
0 0.706640625 0.05 0.021875 0.06388888888888888
0 0.99296875 0.059027777777777776 0.0140625 0.029166666666666667
0 0.66484375 0.04791666666666667 0.025 0.06944444444444445
0 0.190234375 0.4826388888888889 0.0390625 0.14444444444444443
0 0.959375 0.05416666666666667 0.02265625 0.025
0 0.24921875 0.4986111111111111 0.0390625 0.13333333333333333
0 0.642578125 0.049305555555555554 0.02265625 0.07222222222222222
0 0.6703125 0.08402777777777778 0.01953125 0.058333333333333334
0 0.63046875 0.05416666666666667 0.03359375 0.0875