0 0.915234375 0.5270833333333333 0.07734375 0.18472222222222223
0 0.630859375 0.84375 0.075 0.19305555555555556
0 0.478125 0.41875 0.06015625 0.15555555555555556
0 0.9328125 0.15069444444444444 0.06875 0.1638888888888889
0 0.948828125 0.6770833333333334 0.0875 0.19444444444444445
0 0.5421875 0.19305555555555556 0.0421875 0.1125
0 0.7 0.7645833333333333 0.0828125 0.21666666666666667
0 0.572265625 0.5069444444444444 0.0671875 0.17916666666666667
0 0.35234375 0.3138888888888889 0.05078125 0.13333333333333333
0 0.06640625 0.8520833333333333 0.0796875 0.19027777777777777
0 0.583203125 0.23541666666666666 0.0515625 0.1361111111111111
0 0.44765625 0.9236111111111112 0.0875 0.1527777777777778
0 0.526171875 0.03680555555555556 0.05078125 0.07361111111111111
0 0.880078125 0.0763888888888889 0.06015625 0.15138888888888888
0 0.31640625 0.17847222222222223 0.0453125 0.12222222222222222
0 0.498046875 0.3076388888888889 0.0625 0.16527777777777777
0 0.84296875 0.21666666666666667 0.06328125 0.17083333333333334
0 0.648046875 0.027083333333333334 0.04453125 0.05416666666666667
0 0.32265625 0.6097222222222223 0.065625 0.1638888888888889
0 0.83359375 0.017361111111111112 0.0546875 0.034722222222222224
0 0.068359375 0.26805555555555555 0.0453125 0.09722222222222222
0 0.353125 0.4125 0.05703125 0.15416666666666667
0 0.055859375 0.33125 0.03984375 0.10416666666666667
0 0.581640625 0.71875 0.06015625 0.175
0 0.422265625 0.14375 0.04375 0.125
0 0.30625 0.4979166666666667 0.05546875 0.14583333333333334
0 0.438671875 0.04722222222222222 0.034375 0.08055555555555556
0 0.022265625 0.4166666666666667 0.04453125 0.13055555555555556
0 0.91875 0.022222222222222223 0.0421875 0.044444444444444446
0 0.230859375 0.6118055555555556 0.0328125 0.06944444444444445
0 0.362109375 0.16180555555555556 0.046875 0.12777777777777777
0 0.392578125 0.15069444444444444 0.04453125 0.12361111111111112
0 0.208203125 0.6826388888888889 0.0578125 0.15694444444444444
0 0.237890625 0.6847222222222222 0.0671875 0.16666666666666666
0 0.198046875 0.16041666666666668 0.02421875 0.03333333333333333
0 0.564453125 0.009027777777777777 0.03515625 0.018055555555555554
0 0.2671875 0.6583333333333333 0.0640625 0.15
0 0.573828125 0.015277777777777777 0.03046875 0.030555555555555555
0 0.54609375 0.0125 0.028125 0.025