0 0.503125 0.20069444444444445 0.0375 0.12916666666666668
0 0.67578125 0.08402777777777778 0.028125 0.11388888888888889
0 0.55234375 0.044444444444444446 0.02421875 0.08611111111111111
0 0.4140625 0.46319444444444446 0.0375 0.14166666666666666
0 0.840234375 0.08888888888888889 0.03515625 0.1111111111111111
0 0.043359375 0.6930555555555555 0.05234375 0.17083333333333334
0 0.833984375 0.6645833333333333 0.04296875 0.16805555555555557
0 0.7703125 0.8451388888888889 0.0453125 0.1527777777777778
0 0.76171875 0.9618055555555556 0.0578125 0.0763888888888889
0 0.502734375 0.6493055555555556 0.040625 0.1638888888888889
0 0.941796875 0.052083333333333336 0.03046875 0.10416666666666667
0 0.53671875 0.1986111111111111 0.02734375 0.10555555555555556
0 0.86484375 0.08194444444444444 0.025 0.10972222222222222
0 0.90234375 0.05347222222222222 0.03671875 0.10555555555555556
0 0.553515625 0.65 0.04609375 0.1875
0 0.616796875 0.9708333333333333 0.046875 0.058333333333333334
0 0.731640625 0.08125 0.021875 0.12222222222222222
0 0.405078125 0.18611111111111112 0.0328125 0.14305555555555555
0 0.026953125 0.175 0.034375 0.1125
0 0.96171875 0.15902777777777777 0.03203125 0.11805555555555555
0 0.644140625 0.03125 0.01953125 0.0625
0 0.556640625 0.1284722222222222 0.01875 0.08888888888888889
0 0.611328125 0.03333333333333333 0.0234375 0.06666666666666667
0 0.019921875 0.3875 0.03984375 0.14583333333333334
0 0.962109375 0.09652777777777778 0.034375 0.10555555555555556
0 0.093359375 0.28541666666666665 0.04375 0.1486111111111111
0 0.528125 0.09375 0.02421875 0.10833333333333334
0 0.50390625 0.058333333333333334 0.0265625 0.1
0 0.219921875 0.5173611111111112 0.04140625 0.15138888888888888
0 0.980859375 0.6777777777777778 0.03828125 0.1625
0 0.25234375 0.5041666666666667 0.03125 0.13055555555555556
0 0.192578125 0.49236111111111114 0.03671875 0.15138888888888888
0 0.481640625 0.052083333333333336 0.01796875 0.09444444444444444
0 0.3390625 0.020833333333333332 0.01953125 0.041666666666666664
0 0.23125 0.44930555555555557 0.01796875 0.04861111111111111
0 0.594140625 0.034027777777777775 0.01875 0.06666666666666667
0 0.990625 0.38055555555555554 0.01875 0.1
0 0.73515625 0.01597222222222222 0.021875 0.03194444444444444