0 0.47265625 0.18958333333333333 0.04296875 0.12916666666666668
0 0.51015625 0.05 0.034375 0.1
0 0.412890625 0.5361111111111111 0.0515625 0.1625
0 0.728515625 0.8958333333333334 0.059375 0.09444444444444444
0 0.842578125 0.6118055555555556 0.0640625 0.18611111111111112
0 0.36875 0.23680555555555555 0.04609375 0.14305555555555555
0 0.630859375 0.06041666666666667 0.03984375 0.12083333333333333
0 0.975390625 0.4909722222222222 0.04921875 0.18472222222222223
0 0.80390625 0.8180555555555555 0.0640625 0.17916666666666667
0 0.0546875 0.8145833333333333 0.078125 0.19027777777777777
0 0.51171875 0.6055555555555555 0.05078125 0.16527777777777777
0 0.68828125 0.03958333333333333 0.0375 0.07916666666666666
0 0.503515625 0.18055555555555555 0.03828125 0.11666666666666667
0 0.014453125 0.3215277777777778 0.02890625 0.12916666666666668
0 0.93828125 0.05 0.0484375 0.1
0 0.92265625 0.02847222222222222 0.053125 0.05694444444444444
0 0.595703125 0.01597222222222222 0.02578125 0.03194444444444444
0 0.56328125 0.022916666666666665 0.0296875 0.04583333333333333
0 0.080859375 0.40069444444444446 0.059375 0.1625
0 0.519140625 0.13541666666666666 0.02734375 0.09305555555555556
0 0.815234375 0.03263888888888889 0.04765625 0.06527777777777778
0 0.590234375 0.6652777777777777 0.059375 0.20416666666666666
0 0.54609375 0.025694444444444443 0.025 0.05138888888888889
0 0.012890625 0.5277777777777778 0.02578125 0.14722222222222223
0 0.473046875 0.02638888888888889 0.02578125 0.05277777777777778
0 0.25625 0.5854166666666667 0.0453125 0.13472222222222222
0 0.478125 0.08263888888888889 0.03984375 0.11388888888888889
0 0.19453125 0.59375 0.05078125 0.15833333333333333
0 0.225 0.6076388888888888 0.05390625 0.1597222222222222
0 0.41953125 0.07083333333333333 0.025 0.09722222222222222
0 0.29453125 0.07222222222222222 0.02421875 0.0375
0 0.226953125 0.5381944444444444 0.025 0.06111111111111111
0 0.459375 0.058333333333333334 0.0359375 0.1111111111111111
0 0.83359375 0.022222222222222223 0.0359375 0.044444444444444446
0 0.474609375 0.029861111111111113 0.03828125 0.059722222222222225