0 0.502734375 0.1111111111111111 0.03203125 0.11527777777777778
0 0.659765625 0.19791666666666666 0.03203125 0.125
0 0.56953125 0.13194444444444445 0.028125 0.11388888888888889
0 0.80078125 0.9395833333333333 0.05390625 0.12083333333333333
0 0.66015625 0.7270833333333333 0.040625 0.15555555555555556
0 0.040234375 0.16666666666666666 0.03671875 0.10972222222222222
0 0.251953125 0.9326388888888889 0.04921875 0.13472222222222222
0 0.949609375 0.4840277777777778 0.0453125 0.14583333333333334
0 0.691796875 0.9076388888888889 0.05625 0.17916666666666667
0 0.403515625 0.6736111111111112 0.0421875 0.16944444444444445
0 0.732421875 0.07361111111111111 0.02421875 0.12638888888888888
0 0.531640625 0.11388888888888889 0.0234375 0.1
0 0.673828125 0.04236111111111111 0.025 0.08194444444444444
0 0.39375 0.059722222222222225 0.02890625 0.1
0 0.496875 0.4388888888888889 0.03203125 0.14444444444444443
0 0.548828125 0.8319444444444445 0.05625 0.20277777777777778
0 0.77265625 0.06527777777777778 0.028125 0.11666666666666667
0 0.38125 0.3 0.0421875 0.16805555555555557
0 0.5 0.030555555555555555 0.0296875 0.06111111111111111
0 0.148046875 0.9534722222222223 0.06640625 0.08611111111111111
0 0.12109375 0.19166666666666668 0.04453125 0.14166666666666666
0 0.9859375 0.27569444444444446 0.028125 0.13055555555555556
0 0.960546875 0.1527777777777778 0.04921875 0.12638888888888888
0 0.646484375 0.03125 0.01953125 0.0625
0 0.61171875 0.03333333333333333 0.02265625 0.06666666666666667
0 0.55 0.22569444444444445 0.02265625 0.1125
0 0.371875 0.025694444444444443 0.02109375 0.05138888888888889
0 0.96953125 0.10138888888888889 0.0296875 0.06944444444444445
0 0.2203125 0.5159722222222223 0.04453125 0.15416666666666667
0 0.528125 0.9798611111111111 0.06015625 0.04027777777777778
0 0.2359375 0.44583333333333336 0.0234375 0.05694444444444444
0 0.43828125 0.013888888888888888 0.01796875 0.027777777777777776
0 0.4609375 0.014583333333333334 0.01796875 0.029166666666666667
0 0.18984375 0.4986111111111111 0.0328125 0.14305555555555555
0 0.24921875 0.5006944444444444 0.03515625 0.13194444444444445
0 0.99453125 0.13402777777777777 0.0109375 0.1
0 0.594140625 0.043055555555555555 0.01875 0.06527777777777778
0 0.010546875 0.3 0.0203125 0.11527777777777778
0 0.991015625 0.12986111111111112 0.01796875 0.1111111111111111