0 0.755078125 0.2673611111111111 0.07890625 0.17083333333333334
0 0.790625 0.46944444444444444 0.103125 0.2111111111111111
0 0.530859375 0.09236111111111112 0.06015625 0.13333333333333333
0 0.705859375 0.1486111111111111 0.0703125 0.1527777777777778
0 0.72578125 0.7541666666666667 0.0875 0.1763888888888889
0 0.60078125 0.41458333333333336 0.07421875 0.15694444444444444
0 0.41640625 0.5527777777777778 0.07109375 0.15694444444444444
0 0.455078125 0.08402777777777778 0.046875 0.10277777777777777
0 0.191796875 0.8034722222222223 0.0765625 0.16527777777777777
0 0.42421875 0.27152777777777776 0.06171875 0.1361111111111111
0 0.029296875 0.6097222222222223 0.05859375 0.13055555555555556
0 0.05859375 0.47291666666666665 0.06015625 0.12916666666666668
0 0.27578125 0.2048611111111111 0.04921875 0.10277777777777777
0 0.433203125 0.18472222222222223 0.07109375 0.15416666666666667
0 0.430078125 0.7506944444444444 0.0828125 0.18333333333333332
0 0.339453125 0.40902777777777777 0.06328125 0.14305555555555555
0 0.125 0.38958333333333334 0.05859375 0.12222222222222222
0 0.29140625 0.5118055555555555 0.07109375 0.1486111111111111
0 0.261328125 0.43472222222222223 0.04921875 0.09722222222222222
0 0.3375 0.24027777777777778 0.0609375 0.13055555555555556
0 0.5203125 0.12291666666666666 0.05625 0.12638888888888888
0 0.012890625 0.4444444444444444 0.02578125 0.05
0 0.381640625 0.20625 0.05390625 0.11944444444444445
0 0.967578125 0.24513888888888888 0.06484375 0.18472222222222223
0 0.35546875 0.2152777777777778 0.0578125 0.13194444444444445
0 0.291796875 0.16319444444444445 0.040625 0.06805555555555555
0 0.355859375 0.11458333333333333 0.03671875 0.07916666666666666
0 0.294921875 0.75 0.07109375 0.1486111111111111
0 0.25625 0.7215277777777778 0.0375 0.07361111111111111
0 0.246484375 0.7944444444444444 0.0796875 0.16805555555555557
0 0.098046875 0.3541666666666667 0.0359375 0.05555555555555555
0 0.269921875 0.79375 0.07890625 0.16666666666666666
0 0.06953125 0.3729166666666667 0.025 0.03333333333333333
0 0.532421875 0.010416666666666666 0.03515625 0.020833333333333332