0 0.56953125 0.18819444444444444 0.03125 0.11666666666666667
0 0.50078125 0.08125 0.028125 0.10972222222222222
0 0.516796875 0.9020833333333333 0.0515625 0.1875
0 0.266015625 0.8159722222222222 0.0453125 0.1486111111111111
0 0.109375 0.8520833333333333 0.059375 0.19444444444444445
0 0.660546875 0.2833333333333333 0.03125 0.1361111111111111
0 0.40859375 0.7986111111111112 0.046875 0.16944444444444445
0 0.6453125 0.6076388888888888 0.03984375 0.13472222222222222
0 0.7890625 0.11458333333333333 0.03125 0.11388888888888889
0 0.0375 0.17430555555555555 0.03359375 0.10555555555555556
0 0.286328125 0.9736111111111111 0.05703125 0.05277777777777778
0 0.371484375 0.058333333333333334 0.02578125 0.11388888888888889
0 0.487109375 0.3645833333333333 0.0296875 0.13194444444444445
0 0.530859375 0.08472222222222223 0.02109375 0.09722222222222222
0 0.122265625 0.1638888888888889 0.0359375 0.12777777777777777
0 0.43515625 0.029166666666666667 0.02421875 0.058333333333333334
0 0.54140625 0.7111111111111111 0.05078125 0.1875
0 0.730078125 0.08194444444444444 0.01953125 0.11666666666666667
0 0.941796875 0.4152777777777778 0.04765625 0.1625
0 0.37890625 0.38125 0.04296875 0.1625
0 0.459765625 0.02847222222222222 0.021875 0.05694444444444444
0 0.546484375 0.28541666666666665 0.02265625 0.11805555555555555
0 0.65390625 0.06458333333333334 0.028125 0.1125
0 0.343359375 0.06666666666666667 0.0234375 0.09722222222222222
0 0.0546875 0.018055555555555554 0.0296875 0.03611111111111111
0 0.937890625 0.018055555555555554 0.03359375 0.03611111111111111
0 0.488671875 0.02361111111111111 0.02578125 0.04722222222222222
0 0.391015625 0.027777777777777776 0.01796875 0.05555555555555555
0 0.9640625 0.24930555555555556 0.02578125 0.1111111111111111
0 0.2328125 0.4486111111111111 0.0234375 0.06388888888888888
0 0.218359375 0.5229166666666667 0.04375 0.15138888888888888
0 0.609765625 0.0375 0.0234375 0.075
0 0.644921875 0.034722222222222224 0.025 0.06944444444444445
0 0.985546875 0.24791666666666667 0.02890625 0.12638888888888888
0 0.18828125 0.5055555555555555 0.03203125 0.1375
0 0.25 0.5152777777777777 0.040625 0.1361111111111111
0 0.60390625 0.0375 0.02421875 0.075
0 0.98828125 0.1597222222222222 0.0234375 0.1111111111111111
0 0.591015625 0.052083333333333336 0.0234375 0.04722222222222222