0 0.56953125 0.27361111111111114 0.03203125 0.12916666666666668
0 0.03671875 0.6854166666666667 0.05078125 0.15138888888888888
0 0.665625 0.4041666666666667 0.0359375 0.14583333333333334
0 0.816796875 0.18888888888888888 0.0328125 0.13055555555555556
0 0.295703125 0.8444444444444444 0.04921875 0.17083333333333334
0 0.625 0.4583333333333333 0.0328125 0.12222222222222222
0 0.500390625 0.04513888888888889 0.02890625 0.0875
0 0.368359375 0.11944444444444445 0.028125 0.12083333333333333
0 0.37421875 0.5055555555555555 0.05 0.18472222222222223
0 0.1390625 0.9451388888888889 0.05703125 0.10972222222222222
0 0.98125 0.6013888888888889 0.0375 0.16666666666666666
0 0.62734375 0.12777777777777777 0.02734375 0.10555555555555556
0 0.384375 0.06319444444444444 0.02734375 0.10972222222222222
0 0.926953125 0.3326388888888889 0.04296875 0.14027777777777778
0 0.43984375 0.05 0.0234375 0.09722222222222222
0 0.487109375 0.2798611111111111 0.02890625 0.13472222222222222
0 0.462109375 0.050694444444444445 0.02421875 0.10138888888888889
0 0.53359375 0.04513888888888889 0.02109375 0.0875
0 0.2828125 0.6555555555555556 0.03984375 0.1486111111111111
0 0.5015625 0.7097222222222223 0.0421875 0.16527777777777777
0 0.847265625 0.019444444444444445 0.03671875 0.03888888888888889
0 0.521484375 0.5701388888888889 0.0453125 0.1763888888888889
0 0.973046875 0.20208333333333334 0.03203125 0.12083333333333333
0 0.421484375 0.9590277777777778 0.053125 0.08194444444444444
0 0.28125 0.06527777777777778 0.02890625 0.09166666666666666
0 0.73125 0.08263888888888889 0.02265625 0.12777777777777777
0 0.948828125 0.1951388888888889 0.0296875 0.10555555555555556
0 0.550390625 0.3993055555555556 0.0234375 0.13333333333333333
0 0.6453125 0.034027777777777775 0.0234375 0.06805555555555555
0 0.123046875 0.11458333333333333 0.03984375 0.13333333333333333
0 0.042578125 0.16666666666666666 0.0359375 0.11666666666666667
0 0.223828125 0.4486111111111111 0.02734375 0.0625
0 0.61953125 0.029861111111111113 0.02265625 0.059722222222222225
0 0.21875 0.51875 0.0421875 0.15555555555555556
0 0.603125 0.04513888888888889 0.02265625 0.06805555555555555
0 0.1890625 0.5 0.03515625 0.14722222222222223
0 0.25078125 0.5076388888888889 0.03828125 0.13472222222222222
0 0.993359375 0.027083333333333334 0.01328125 0.05416666666666667
0 0.946484375 0.006944444444444444 0.02265625 0.013888888888888888
0 0.6125 0.03125 0.01953125 0.0625