0 0.655859375 0.35625 0.04765625 0.14583333333333334
0 0.791015625 0.12013888888888889 0.0390625 0.1361111111111111
0 0.553125 0.2569444444444444 0.040625 0.1361111111111111
0 0.623046875 0.44722222222222224 0.040625 0.13055555555555556
0 0.46875 0.050694444444444445 0.034375 0.09722222222222222
0 0.452734375 0.9569444444444445 0.05703125 0.08611111111111111
0 0.32265625 0.8972222222222223 0.06328125 0.17916666666666667
0 0.914453125 0.2465277777777778 0.05078125 0.14305555555555555
0 0.5203125 0.7215277777777778 0.05390625 0.16805555555555557
0 0.34296875 0.1486111111111111 0.03671875 0.12638888888888888
0 0.057421875 0.7993055555555556 0.06015625 0.16805555555555557
0 0.3765625 0.5277777777777778 0.06328125 0.19166666666666668
0 0.601171875 0.10138888888888889 0.03671875 0.11527777777777778
0 0.43203125 0.059027777777777776 0.03125 0.09722222222222222
0 0.408984375 0.06666666666666667 0.03046875 0.1
0 0.471484375 0.28958333333333336 0.03671875 0.1375
0 0.355859375 0.08611111111111111 0.03515625 0.1125
0 0.528125 0.5645833333333333 0.0546875 0.17916666666666667
0 0.94921875 0.10555555555555556 0.03984375 0.12222222222222222
0 0.29609375 0.7194444444444444 0.0515625 0.16527777777777777
0 0.981640625 0.5145833333333333 0.03671875 0.18194444444444444
0 0.501953125 0.04513888888888889 0.02734375 0.09027777777777778
0 0.54140625 0.37222222222222223 0.03359375 0.12916666666666668
0 0.700390625 0.050694444444444445 0.03203125 0.10138888888888889
0 0.61171875 0.020833333333333332 0.028125 0.041666666666666664
0 0.021484375 0.26875 0.04296875 0.12638888888888888
0 0.09765625 0.19930555555555557 0.0453125 0.1375
0 0.58515625 0.022222222222222223 0.03125 0.044444444444444446
0 0.92734375 0.10555555555555556 0.0375 0.11666666666666667
0 0.262109375 0.1111111111111111 0.034375 0.09861111111111111
0 0.221484375 0.5090277777777777 0.03125 0.06666666666666667
0 0.223046875 0.5826388888888889 0.0515625 0.16111111111111112
0 0.19140625 0.5666666666666667 0.04453125 0.1527777777777778
0 0.253125 0.5625 0.046875 0.14166666666666666
0 0.56953125 0.030555555555555555 0.0265625 0.06111111111111111