0 0.783203125 0.5916666666666667 0.0515625 0.15694444444444444
0 0.784375 0.44583333333333336 0.04765625 0.14722222222222223
0 0.7375 0.7875 0.06875 0.18888888888888888
0 0.592578125 0.925 0.06171875 0.15
0 0.148828125 0.4263888888888889 0.053125 0.16944444444444445
0 0.605078125 0.12152777777777778 0.02890625 0.09861111111111111
0 0.610546875 0.5333333333333333 0.0484375 0.14583333333333334
0 0.515234375 0.2375 0.0390625 0.12777777777777777
0 0.72109375 0.09791666666666667 0.0296875 0.09722222222222222
0 0.919921875 0.3076388888888889 0.05390625 0.14583333333333334
0 0.03125 0.7215277777777778 0.0625 0.19305555555555556
0 0.161328125 0.03194444444444444 0.03984375 0.06388888888888888
0 0.4203125 0.034722222222222224 0.0328125 0.06944444444444445
0 0.9671875 0.30486111111111114 0.04140625 0.12777777777777777
0 0.916796875 0.13541666666666666 0.0359375 0.07361111111111111
0 0.0859375 0.08055555555555556 0.0421875 0.12777777777777777
0 0.554296875 0.175 0.04609375 0.14722222222222223
0 0.36015625 0.6159722222222223 0.05390625 0.18888888888888888
0 0.93984375 0.225 0.03984375 0.10555555555555556
0 0.6625 0.20416666666666666 0.0375 0.1388888888888889
0 0.4015625 0.25069444444444444 0.03984375 0.14166666666666666
0 0.98671875 0.12569444444444444 0.02578125 0.05
0 0.965625 0.8006944444444445 0.0453125 0.16805555555555557
0 0.33203125 0.19305555555555556 0.034375 0.08194444444444444
0 0.768359375 0.09305555555555556 0.03203125 0.0763888888888889
0 0.328125 0.2875 0.05078125 0.14444444444444443
0 0.879296875 0.1423611111111111 0.0359375 0.10972222222222222
0 0.914453125 0.18958333333333333 0.03359375 0.06111111111111111
0 0.41640625 0.45069444444444445 0.0484375 0.15694444444444444
0 0.239453125 0.03333333333333333 0.03828125 0.06666666666666667
0 0.64296875 0.21597222222222223 0.0328125 0.12361111111111112
0 0.4484375 0.016666666666666666 0.0328125 0.03333333333333333
0 0.45859375 0.11597222222222223 0.04296875 0.13194444444444445
0 0.25078125 0.4791666666666667 0.0484375 0.14027777777777778
0 0.503515625 0.1326388888888889 0.0375 0.12916666666666668
0 0.51640625 0.03680555555555556 0.0265625 0.07361111111111111
0 0.198828125 0.45625 0.0453125 0.14583333333333334
0 0.2296875 0.4125 0.02734375 0.0625
0 0.48125 0.11736111111111111 0.03671875 0.13194444444444445
0 0.7609375 0.16666666666666666 0.0359375 0.12638888888888888
0 0.217578125 0.48541666666666666 0.05234375 0.16111111111111112
0 0.863671875 0.14305555555555555 0.025 0.10277777777777777
0 0.768359375 0.13958333333333334 0.04375 0.1736111111111111