0 0.689453125 0.35138888888888886 0.0515625 0.14166666666666666
0 0.618359375 0.2263888888888889 0.04609375 0.12777777777777777
0 0.564453125 0.1 0.04765625 0.12638888888888888
0 0.453125 0.9097222222222222 0.071875 0.18055555555555555
0 0.07109375 0.6743055555555556 0.08125 0.1986111111111111
0 0.370703125 0.7201388888888889 0.06875 0.1875
0 0.93671875 0.6520833333333333 0.06640625 0.16666666666666666
0 0.83515625 0.26319444444444445 0.04453125 0.12361111111111112
0 0.509375 0.37916666666666665 0.05234375 0.1486111111111111
0 0.5921875 0.12361111111111112 0.03828125 0.10833333333333334
0 0.2140625 0.7097222222222223 0.0734375 0.19722222222222222
0 0.50625 0.7465277777777778 0.08125 0.20972222222222223
0 0.622265625 0.7 0.05625 0.15138888888888888
0 0.5671875 0.041666666666666664 0.03515625 0.06388888888888888
0 0.18671875 0.03194444444444444 0.05625 0.06388888888888888
0 0.72109375 0.15902777777777777 0.0421875 0.11388888888888889
0 0.509765625 0.020833333333333332 0.03203125 0.041666666666666664
0 0.4078125 0.30625 0.07421875 0.2013888888888889
0 0.785546875 0.20972222222222223 0.03828125 0.125
0 0.53359375 0.029861111111111113 0.034375 0.059722222222222225
0 0.579296875 0.3138888888888889 0.03984375 0.12222222222222222
0 0.989453125 0.25277777777777777 0.02109375 0.05277777777777778
0 0.445703125 0.025694444444444443 0.03984375 0.05138888888888889
0 0.9875 0.4597222222222222 0.025 0.225
0 0.71171875 0.12152777777777778 0.03125 0.07361111111111111
0 0.22578125 0.38333333333333336 0.06640625 0.16666666666666666
0 0.469140625 0.008333333333333333 0.02578125 0.016666666666666666
0 0.421484375 0.03125 0.03984375 0.0625
0 0.678125 0.10694444444444444 0.03359375 0.07777777777777778
0 0.25234375 0.32083333333333336 0.0359375 0.07916666666666666
0 0.2578125 0.3923611111111111 0.05546875 0.14027777777777778
0 0.199609375 0.35208333333333336 0.05390625 0.1527777777777778
0 0.416015625 0.02847222222222222 0.03203125 0.05694444444444444