0 0.5875 0.1736111111111111 0.02734375 0.10277777777777777
0 0.577734375 0.6729166666666667 0.04375 0.16666666666666666
0 0.49453125 0.3298611111111111 0.034375 0.13472222222222222
0 0.383984375 0.15833333333333333 0.0265625 0.11666666666666667
0 0.629296875 0.76875 0.04140625 0.14722222222222223
0 0.83828125 0.5756944444444444 0.0453125 0.15
0 0.93828125 0.31180555555555556 0.03984375 0.1375
0 0.929296875 0.225 0.03515625 0.13194444444444445
0 0.846484375 0.7409722222222223 0.0484375 0.17916666666666667
0 0.119140625 0.6923611111111111 0.0515625 0.18055555555555555
0 0.916015625 0.5131944444444444 0.04296875 0.15138888888888888
0 0.102734375 0.9020833333333333 0.059375 0.175
0 0.617578125 0.1 0.03515625 0.11388888888888889
0 0.89921875 0.12361111111111112 0.0328125 0.11527777777777778
0 0.210546875 0.029861111111111113 0.028125 0.059722222222222225
0 0.405078125 0.32083333333333336 0.03046875 0.13194444444444445
0 0.556640625 0.9145833333333333 0.0375 0.15
0 0.98125 0.30416666666666664 0.03515625 0.12361111111111112
0 0.534765625 0.25069444444444444 0.0359375 0.14722222222222223
0 0.621484375 0.3784722222222222 0.03359375 0.125
0 0.37109375 0.45208333333333334 0.03984375 0.16805555555555557
0 0.730859375 0.09722222222222222 0.025 0.12222222222222222
0 0.534765625 0.019444444444444445 0.0359375 0.03888888888888889
0 0.034765625 0.11041666666666666 0.025 0.10138888888888889
0 0.05234375 0.1638888888888889 0.0390625 0.14027777777777778
0 0.66328125 0.06458333333333334 0.02421875 0.07777777777777778
0 0.9546875 0.018055555555555554 0.01875 0.03611111111111111
0 0.246875 0.022222222222222223 0.0265625 0.044444444444444446
0 0.321875 0.42569444444444443 0.0453125 0.15
0 0.676953125 0.044444444444444446 0.02265625 0.08888888888888889
0 0.4828125 0.07569444444444444 0.02109375 0.10833333333333334
0 0.991015625 0.19305555555555556 0.01796875 0.11666666666666667
0 0.505078125 0.06388888888888888 0.0234375 0.10833333333333334
0 0.315234375 0.31527777777777777 0.0359375 0.09583333333333334
0 0.876953125 0.08958333333333333 0.025 0.11666666666666667
0 0.428515625 0.10694444444444444 0.021875 0.11666666666666667
0 0.14140625 0.027777777777777776 0.02890625 0.05555555555555555
0 0.19140625 0.5173611111111112 0.034375 0.14305555555555555
0 0.225390625 0.46319444444444446 0.025 0.059722222222222225
0 0.459765625 0.1125 0.0265625 0.11666666666666667
0 0.712109375 0.05 0.02578125 0.09722222222222222
0 0.857421875 0.09097222222222222 0.02109375 0.1125
0 0.219921875 0.5368055555555555 0.04453125 0.15416666666666667
0 0.25234375 0.5229166666666667 0.0421875 0.13055555555555556
0 0.402734375 0.006944444444444444 0.01953125 0.013888888888888888
0 0.994140625 0.010416666666666666 0.01171875 0.019444444444444445
0 0.632421875 0.052083333333333336 0.02578125 0.05555555555555555
0 0.6265625 0.08680555555555555 0.0296875 0.125