0 0.570703125 0.18541666666666667 0.0296875 0.11527777777777778
0 0.500390625 0.08263888888888889 0.02890625 0.1111111111111111
0 0.112109375 0.8625 0.0546875 0.1736111111111111
0 0.64765625 0.6145833333333334 0.0375 0.12916666666666668
0 0.5171875 0.9076388888888889 0.05 0.17777777777777778
0 0.659765625 0.2791666666666667 0.03046875 0.13472222222222222
0 0.944140625 0.4270833333333333 0.04296875 0.15416666666666667
0 0.265234375 0.8319444444444445 0.04609375 0.1597222222222222
0 0.48828125 0.36736111111111114 0.0296875 0.13194444444444445
0 0.786328125 0.11319444444444444 0.02890625 0.1111111111111111
0 0.03828125 0.1736111111111111 0.03515625 0.10555555555555556
0 0.530859375 0.08819444444444445 0.021875 0.09861111111111111
0 0.411328125 0.7951388888888888 0.04375 0.1736111111111111
0 0.434765625 0.02847222222222222 0.021875 0.05694444444444444
0 0.54140625 0.7166666666666667 0.05234375 0.18472222222222223
0 0.371484375 0.05 0.02421875 0.1
0 0.059765625 0.018055555555555554 0.034375 0.03611111111111111
0 0.730078125 0.08194444444444444 0.01953125 0.11666666666666667
0 0.38046875 0.3784722222222222 0.046875 0.16944444444444445
0 0.656640625 0.07083333333333333 0.028125 0.1
0 0.121484375 0.16458333333333333 0.03671875 0.12777777777777777
0 0.459375 0.02847222222222222 0.02109375 0.05694444444444444
0 0.939453125 0.017361111111111112 0.03515625 0.034722222222222224
0 0.284375 0.9826388888888888 0.0515625 0.034722222222222224
0 0.644921875 0.034722222222222224 0.0234375 0.06944444444444445
0 0.4890625 0.02361111111111111 0.02578125 0.04722222222222222
0 0.546484375 0.28680555555555554 0.0203125 0.11805555555555555
0 0.346875 0.06944444444444445 0.0296875 0.09444444444444444
0 0.391015625 0.029166666666666667 0.01796875 0.058333333333333334
0 0.609765625 0.03888888888888889 0.02421875 0.07777777777777778
0 0.233203125 0.45 0.02421875 0.06666666666666667
0 0.21875 0.5229166666666667 0.04375 0.15138888888888888
0 0.985546875 0.21180555555555555 0.02890625 0.20555555555555555
0 0.9859375 0.25416666666666665 0.02734375 0.12083333333333333
0 0.60390625 0.03888888888888889 0.02578125 0.07777777777777778
0 0.25 0.5145833333333333 0.040625 0.13333333333333333
0 0.96796875 0.2388888888888889 0.02734375 0.13194444444444445
0 0.1921875 0.49722222222222223 0.03671875 0.14166666666666666
0 0.23671875 0.4576388888888889 0.034375 0.08333333333333333
0 0.58671875 0.04791666666666667 0.02109375 0.05
0 0.591015625 0.050694444444444445 0.021875 0.04722222222222222