0 0.549609375 0.41458333333333336 0.0859375 0.15555555555555556
0 0.93203125 0.23958333333333334 0.1140625 0.20416666666666666
0 0.471875 0.20625 0.06171875 0.1111111111111111
0 0.54765625 0.9006944444444445 0.1359375 0.1986111111111111
0 0.470703125 0.46805555555555556 0.07890625 0.14166666666666666
0 0.7125 0.02361111111111111 0.0875 0.04722222222222222
0 0.45625 0.35555555555555557 0.08671875 0.15555555555555556
0 0.7140625 0.5201388888888889 0.115625 0.20833333333333334
0 0.246484375 0.34097222222222223 0.06015625 0.10833333333333334
0 0.38125 0.7694444444444445 0.0859375 0.15555555555555556
0 0.6984375 0.7583333333333333 0.0859375 0.15416666666666667
0 0.4984375 0.18125 0.06875 0.125
0 0.603125 0.5868055555555556 0.08359375 0.15138888888888888
0 0.3328125 0.5166666666666667 0.07890625 0.14305555555555555
0 0.9671875 0.3194444444444444 0.065625 0.1388888888888889
0 0.333984375 0.6791666666666667 0.075 0.13472222222222222
0 0.39296875 0.050694444444444445 0.05390625 0.09722222222222222
0 0.306640625 0.43194444444444446 0.06875 0.12361111111111112
0 0.3484375 0.24791666666666667 0.06640625 0.11944444444444445
0 0.28359375 0.8083333333333333 0.04140625 0.07361111111111111
0 0.045703125 0.8069444444444445 0.06875 0.12361111111111112
0 0.336328125 0.12291666666666666 0.03671875 0.06527777777777778
0 0.292578125 0.3013888888888889 0.06484375 0.11666666666666667
0 0.053515625 0.6277777777777778 0.053125 0.09583333333333334
0 0.315234375 0.2701388888888889 0.06640625 0.11944444444444445
0 0.28125 0.8909722222222223 0.0796875 0.14305555555555555
0 0.308984375 0.8680555555555556 0.08828125 0.15833333333333333
0 0.327734375 0.8236111111111111 0.07265625 0.13055555555555556
0 0.075 0.6645833333333333 0.05390625 0.09722222222222222
0 0.439453125 0.011805555555555555 0.03515625 0.02361111111111111
0 0.39765625 0.04236111111111111 0.0546875 0.08472222222222223
0 0.41171875 0.022222222222222223 0.040625 0.044444444444444446