0 0.634765625 0.5298611111111111 0.0359375 0.12777777777777777
0 0.569921875 0.2326388888888889 0.03046875 0.12361111111111112
0 0.501171875 0.05763888888888889 0.0296875 0.10833333333333334
0 0.50703125 0.7875 0.0453125 0.1625
0 0.29453125 0.91875 0.05234375 0.15694444444444444
0 0.487109375 0.3173611111111111 0.0296875 0.1361111111111111
0 0.370703125 0.08611111111111111 0.0265625 0.12222222222222222
0 0.075390625 0.7659722222222223 0.05390625 0.16527777777777777
0 0.42109375 0.9076388888888889 0.046875 0.18472222222222223
0 0.6625 0.34305555555555556 0.03203125 0.13472222222222222
0 0.933203125 0.37430555555555556 0.0453125 0.14583333333333334
0 0.5328125 0.05763888888888889 0.021875 0.09861111111111111
0 0.387109375 0.04791666666666667 0.0234375 0.09305555555555556
0 0.53203125 0.6243055555555556 0.04609375 0.175
0 0.8015625 0.15486111111111112 0.03203125 0.12777777777777777
0 0.437109375 0.03888888888888889 0.02578125 0.07777777777777778
0 0.458203125 0.03680555555555556 0.025 0.07361111111111111
0 0.276953125 0.7319444444444444 0.0421875 0.15833333333333333
0 0.37890625 0.44166666666666665 0.0515625 0.19166666666666668
0 0.012890625 0.022916666666666665 0.02578125 0.044444444444444446
0 0.889453125 0.019444444444444445 0.0359375 0.03888888888888889
0 0.64453125 0.03194444444444444 0.021875 0.06388888888888888
0 0.730078125 0.08402777777777778 0.02109375 0.12083333333333333
0 0.98125 0.22361111111111112 0.0359375 0.13194444444444445
0 0.641015625 0.09861111111111111 0.0296875 0.11666666666666667
0 0.548046875 0.3423611111111111 0.0234375 0.12777777777777777
0 0.0390625 0.17152777777777778 0.03203125 0.11944444444444445
0 0.308203125 0.06597222222222222 0.02421875 0.09305555555555556
0 0.482421875 0.020833333333333332 0.0234375 0.041666666666666664
0 0.954296875 0.2222222222222222 0.02734375 0.11388888888888889
0 0.125 0.13819444444444445 0.04609375 0.13055555555555556
0 0.991796875 0.02638888888888889 0.01640625 0.05
0 0.2296875 0.44930555555555557 0.021875 0.058333333333333334
0 0.987890625 0.7076388888888889 0.02421875 0.1763888888888889
0 0.218359375 0.5229166666666667 0.0421875 0.15416666666666667
0 0.608984375 0.034722222222222224 0.02578125 0.06944444444444445
0 0.250390625 0.5118055555555555 0.0390625 0.1375
0 0.19296875 0.5006944444444444 0.03671875 0.1388888888888889
0 0.594140625 0.05 0.02265625 0.058333333333333334