0 0.5046875 0.20277777777777778 0.034375 0.12777777777777777
0 0.676171875 0.07916666666666666 0.028125 0.1125
0 0.835546875 0.08680555555555555 0.0328125 0.11388888888888889
0 0.049609375 0.7152777777777778 0.05546875 0.19027777777777777
0 0.50390625 0.6555555555555556 0.040625 0.15
0 0.76796875 0.8131944444444444 0.0453125 0.13333333333333333
0 0.898828125 0.050694444444444445 0.03671875 0.10138888888888889
0 0.759375 0.9444444444444444 0.0609375 0.1111111111111111
0 0.835546875 0.6534722222222222 0.04140625 0.1736111111111111
0 0.5515625 0.03888888888888889 0.02421875 0.07777777777777778
0 0.4140625 0.4576388888888889 0.0328125 0.14583333333333334
0 0.61640625 0.9569444444444445 0.046875 0.08611111111111111
0 0.9546875 0.14097222222222222 0.0296875 0.12083333333333333
0 0.9390625 0.05 0.0296875 0.09861111111111111
0 0.5375 0.20555555555555555 0.02734375 0.10833333333333334
0 0.02109375 0.3972222222222222 0.0421875 0.14027777777777778
0 0.400390625 0.1701388888888889 0.03203125 0.13194444444444445
0 0.091796875 0.2923611111111111 0.04609375 0.14444444444444443
0 0.5484375 0.6430555555555556 0.04453125 0.1875
0 0.982421875 0.6916666666666667 0.03515625 0.17083333333333334
0 0.55703125 0.1111111111111111 0.01875 0.09583333333333334
0 0.64453125 0.03125 0.01953125 0.0625
0 0.024609375 0.17430555555555555 0.03046875 0.1111111111111111
0 0.530078125 0.09861111111111111 0.0234375 0.10277777777777777
0 0.611328125 0.03263888888888889 0.02265625 0.06527777777777778
0 0.85625 0.075 0.02734375 0.12083333333333333
0 0.7328125 0.07222222222222222 0.02265625 0.13055555555555556
0 0.487109375 0.05277777777777778 0.021875 0.10277777777777777
0 0.253125 0.5020833333333333 0.0328125 0.13472222222222222
0 0.5203125 0.029861111111111113 0.0234375 0.059722222222222225
0 0.503125 0.05625 0.0203125 0.09166666666666666
0 0.190234375 0.49236111111111114 0.0390625 0.15416666666666667
0 0.219140625 0.5104166666666666 0.0390625 0.1486111111111111
0 0.960546875 0.07083333333333333 0.034375 0.0875
0 0.3375 0.021527777777777778 0.01953125 0.043055555555555555
0 0.7328125 0.011111111111111112 0.02265625 0.022222222222222223
0 0.96015625 0.11736111111111111 0.0328125 0.16944444444444445
0 0.99140625 0.3638888888888889 0.0171875 0.11805555555555555
0 0.59453125 0.03333333333333333 0.01875 0.06666666666666667
0 0.232421875 0.44722222222222224 0.01796875 0.04583333333333333