0 0.850390625 0.38055555555555554 0.04609375 0.14722222222222223
0 0.62265625 0.34652777777777777 0.0390625 0.12083333333333333
0 0.57734375 0.4166666666666667 0.046875 0.14722222222222223
0 0.653125 0.6506944444444445 0.05546875 0.16944444444444445
0 0.362890625 0.6756944444444445 0.0734375 0.21805555555555556
0 0.95 0.5256944444444445 0.05625 0.1625
0 0.0703125 0.64375 0.06171875 0.2013888888888889
0 0.4890625 0.5229166666666667 0.046875 0.1527777777777778
0 0.394921875 0.19583333333333333 0.040625 0.1375
0 0.639453125 0.24444444444444444 0.03828125 0.12083333333333333
0 0.465234375 0.07013888888888889 0.03515625 0.12083333333333333
0 0.29453125 0.44930555555555557 0.0453125 0.14305555555555555
0 0.519140625 0.41805555555555557 0.053125 0.17083333333333334
0 0.4140625 0.12708333333333333 0.0359375 0.11805555555555555
0 0.75703125 0.07430555555555556 0.03828125 0.0375
0 0.288671875 0.5944444444444444 0.0546875 0.16805555555555557
0 0.41328125 0.025694444444444443 0.028125 0.05138888888888889
0 0.48828125 0.08055555555555556 0.0359375 0.125
0 0.515625 0.18125 0.034375 0.13333333333333333
0 0.226953125 0.027083333333333334 0.03828125 0.05416666666666667
0 0.6234375 0.04791666666666667 0.0234375 0.04722222222222222
0 0.542578125 0.5743055555555555 0.03828125 0.15138888888888888
0 0.082421875 0.05763888888888889 0.04140625 0.11527777777777778
0 0.76171875 0.1451388888888889 0.034375 0.1388888888888889
0 0.164453125 0.019444444444444445 0.04609375 0.03888888888888889
0 0.69921875 0.08888888888888889 0.0296875 0.08888888888888889
0 0.960546875 0.25416666666666665 0.0328125 0.11388888888888889
0 0.229296875 0.3861111111111111 0.03203125 0.07777777777777778
0 0.2515625 0.4513888888888889 0.040625 0.1375
0 0.221484375 0.45694444444444443 0.053125 0.1597222222222222
0 0.191796875 0.42986111111111114 0.04453125 0.1527777777777778
0 0.582421875 0.027777777777777776 0.0171875 0.027777777777777776
0 0.53984375 0.024305555555555556 0.021875 0.041666666666666664
0 0.940625 0.24930555555555556 0.0359375 0.10972222222222222
0 0.934375 0.31180555555555556 0.04140625 0.08194444444444444
0 0.558203125 0.025 0.01875 0.034722222222222224
0 0.653125 0.06875 0.03125 0.075
0 0.9234375 0.37222222222222223 0.0328125 0.06944444444444445
0 0.674609375 0.0798611111111111 0.03515625 0.08611111111111111
0 0.98046875 0.12430555555555556 0.0203125 0.022222222222222223
0 0.928125 0.33958333333333335 0.04765625 0.13055555555555556