0 0.467578125 0.15763888888888888 0.0453125 0.13055555555555556
0 0.70625 0.7868055555555555 0.05703125 0.14722222222222223
0 0.62890625 0.10486111111111111 0.040625 0.12916666666666668
0 0.8625 0.035416666666666666 0.0484375 0.07083333333333333
0 0.958203125 0.4125 0.06328125 0.16944444444444445
0 0.521484375 0.08819444444444445 0.03828125 0.125
0 0.412890625 0.6125 0.0546875 0.16666666666666666
0 0.0890625 0.3625 0.0578125 0.1527777777777778
0 0.50234375 0.51875 0.0484375 0.15555555555555556
0 0.834765625 0.7361111111111112 0.06875 0.20416666666666666
0 0.944921875 0.04236111111111111 0.04140625 0.08472222222222223
0 0.36484375 0.2875 0.05 0.1527777777777778
0 0.6875 0.04097222222222222 0.0359375 0.08194444444444444
0 0.497265625 0.14930555555555555 0.034375 0.10694444444444444
0 0.01796875 0.31666666666666665 0.0359375 0.125
0 0.891796875 0.014583333333333334 0.04296875 0.029166666666666667
0 0.651171875 0.7493055555555556 0.06796875 0.2152777777777778
0 0.588671875 0.9180555555555555 0.07734375 0.14027777777777778
0 0.59609375 0.016666666666666666 0.0265625 0.03333333333333333
0 0.462890625 0.05625 0.04296875 0.10972222222222222
0 0.81953125 0.8840277777777777 0.0609375 0.0625
0 0.56328125 0.024305555555555556 0.03125 0.04861111111111111
0 0.51875 0.16875 0.03359375 0.11666666666666667
0 0.008984375 0.4875 0.01796875 0.1361111111111111
0 0.546484375 0.029861111111111113 0.02421875 0.059722222222222225
0 0.25546875 0.5895833333333333 0.0453125 0.1361111111111111
0 0.394140625 0.09236111111111112 0.028125 0.09722222222222222
0 0.038671875 0.75625 0.0578125 0.18055555555555555
0 0.224609375 0.6055555555555555 0.05859375 0.16944444444444445
0 0.194140625 0.5951388888888889 0.05234375 0.15833333333333333
0 0.965625 0.1736111111111111 0.0296875 0.12083333333333333
0 0.47265625 0.015277777777777777 0.021875 0.030555555555555555
0 0.541796875 0.02847222222222222 0.02265625 0.05694444444444444
0 0.227734375 0.5368055555555555 0.02421875 0.058333333333333334