0 0.44765625 0.39652777777777776 0.075 0.14444444444444443
0 0.59140625 0.5034722222222222 0.09140625 0.1736111111111111
0 0.46328125 0.16319444444444445 0.0578125 0.1111111111111111
0 0.541015625 0.23472222222222222 0.071875 0.1375
0 0.7640625 0.6875 0.084375 0.1527777777777778
0 0.90078125 0.3375 0.10390625 0.19722222222222222
0 0.651171875 0.7027777777777777 0.08046875 0.15694444444444444
0 0.6875 0.6534722222222222 0.10234375 0.19305555555555556
0 0.833203125 0.2152777777777778 0.08828125 0.16666666666666666
0 0.791796875 0.05694444444444444 0.09296875 0.11388888888888889
0 0.27734375 0.33541666666666664 0.06015625 0.11805555555555555
0 0.360546875 0.55 0.08046875 0.15555555555555556
0 0.565234375 0.9743055555555555 0.06796875 0.05138888888888889
0 0.304296875 0.5881944444444445 0.06015625 0.11388888888888889
0 0.34453125 0.44583333333333336 0.06875 0.13333333333333333
0 0.451171875 0.2881944444444444 0.08046875 0.15555555555555556
0 0.343359375 0.6708333333333333 0.10390625 0.19444444444444445
0 0.3484375 0.13472222222222222 0.046875 0.09027777777777778
0 0.468359375 0.011111111111111112 0.05859375 0.022222222222222223
0 0.4328125 0.04861111111111111 0.059375 0.09722222222222222
0 0.1265625 0.41805555555555557 0.03671875 0.0625
0 0.030078125 0.6638888888888889 0.06015625 0.11388888888888889
0 0.03671875 0.7284722222222222 0.06484375 0.125
0 0.329296875 0.2388888888888889 0.06796875 0.13055555555555556
0 0.30390625 0.27152777777777776 0.0609375 0.11944444444444445
0 0.44140625 0.0375 0.059375 0.075
0 0.347265625 0.20625 0.06640625 0.13055555555555556
0 0.383984375 0.043055555555555555 0.03515625 0.058333333333333334
0 0.26484375 0.8548611111111111 0.07734375 0.15
0 0.05 0.5479166666666667 0.053125 0.09444444444444444
0 0.27421875 0.775 0.03671875 0.06805555555555555
0 0.293359375 0.8395833333333333 0.08671875 0.16527777777777777
0 0.3203125 0.8013888888888889 0.08828125 0.16527777777777777
0 0.148046875 0.375 0.02421875 0.03888888888888889
0 0.43046875 0.013194444444444444 0.0375 0.02638888888888889