0 0.71171875 0.83125 0.08671875 0.1638888888888889
0 0.57265625 0.6597222222222222 0.08359375 0.15833333333333333
0 0.61953125 0.9409722222222222 0.109375 0.11805555555555555
0 0.722265625 0.41875 0.06953125 0.13333333333333333
0 0.953125 0.6076388888888888 0.0671875 0.125
0 0.432421875 0.39652777777777776 0.084375 0.1597222222222222
0 0.756640625 0.7097222222222223 0.078125 0.1486111111111111
0 0.436328125 0.9479166666666666 0.08671875 0.10416666666666667
0 0.48671875 0.21180555555555555 0.075 0.14444444444444443
0 0.597265625 0.28541666666666665 0.0703125 0.13333333333333333
0 0.706640625 0.2763888888888889 0.04921875 0.09444444444444444
0 0.238671875 0.09097222222222222 0.0859375 0.1625
0 0.954296875 0.775 0.0640625 0.12083333333333333
0 0.64765625 0.26944444444444443 0.0734375 0.1388888888888889
0 0.04375 0.21597222222222223 0.0875 0.20416666666666666
0 0.32734375 0.4979166666666667 0.103125 0.19722222222222222
0 0.808203125 0.3784722222222222 0.05 0.09583333333333334
0 0.578515625 0.04375 0.06171875 0.0875
0 0.912890625 0.7243055555555555 0.08125 0.15
0 0.422265625 0.15208333333333332 0.084375 0.15555555555555556
0 0.699609375 0.40555555555555556 0.0640625 0.12361111111111112
0 0.848828125 0.41805555555555557 0.04375 0.08194444444444444
0 0.92578125 0.5659722222222222 0.0578125 0.10833333333333334
0 0.61171875 0.20069444444444445 0.059375 0.11388888888888889
0 0.57890625 0.1388888888888889 0.0671875 0.12777777777777777
0 0.955859375 0.6777777777777778 0.05625 0.10277777777777777
0 0.456640625 0.07222222222222222 0.059375 0.10972222222222222
0 0.91328125 0.5479166666666667 0.0515625 0.1
0 0.60078125 0.1625 0.0625 0.12083333333333333
0 0.820703125 0.4701388888888889 0.06328125 0.12222222222222222
0 0.254296875 0.18055555555555555 0.08671875 0.1638888888888889
0 0.3 0.1673611111111111 0.03515625 0.0625
0 0.654296875 0.12152777777777778 0.03671875 0.06944444444444445
0 0.994140625 0.7819444444444444 0.01171875 0.09444444444444444
0 0.2984375 0.24444444444444444 0.07890625 0.15
0 0.61640625 0.029166666666666667 0.0234375 0.0375
0 0.0203125 0.2861111111111111 0.040625 0.08333333333333333
0 0.784375 0.37777777777777777 0.04140625 0.07777777777777778
0 0.266015625 0.21805555555555556 0.09140625 0.17083333333333334