0 0.54453125 0.40208333333333335 0.08046875 0.1527777777777778
0 0.719921875 0.03125 0.08046875 0.0625
0 0.9515625 0.30625 0.096875 0.1986111111111111
0 0.474609375 0.4777777777777778 0.07890625 0.15
0 0.58828125 0.5791666666666667 0.07421875 0.14305555555555555
0 0.68515625 0.7972222222222223 0.08125 0.14722222222222223
0 0.490234375 0.20902777777777778 0.059375 0.1125
0 0.409765625 0.04236111111111111 0.05546875 0.08472222222222223
0 0.2484375 0.30694444444444446 0.05859375 0.1125
0 0.7015625 0.5090277777777777 0.0984375 0.18611111111111112
0 0.464453125 0.36180555555555555 0.08359375 0.1597222222222222
0 0.521484375 0.8868055555555555 0.12265625 0.2263888888888889
0 0.3265625 0.4888888888888889 0.0765625 0.14583333333333334
0 0.363671875 0.2388888888888889 0.06171875 0.11944444444444445
0 0.30625 0.40555555555555556 0.0671875 0.12777777777777777
0 0.508984375 0.18125 0.06640625 0.12638888888888888
0 0.300390625 0.27569444444444446 0.06171875 0.11944444444444445
0 0.373828125 0.7743055555555556 0.0890625 0.16805555555555557
0 0.326171875 0.6722222222222223 0.06875 0.12916666666666668
0 0.35390625 0.10069444444444445 0.03828125 0.06944444444444445
0 0.271484375 0.7819444444444444 0.0421875 0.0763888888888889
0 0.034765625 0.7458333333333333 0.06796875 0.12777777777777777
0 0.98125 0.37777777777777777 0.0375 0.11388888888888889
0 0.26640625 0.8631944444444445 0.07734375 0.14722222222222223
0 0.322265625 0.2423611111111111 0.06796875 0.12916666666666668
0 0.066796875 0.5861111111111111 0.08828125 0.1625
0 0.29453125 0.84375 0.084375 0.1597222222222222
0 0.31484375 0.8013888888888889 0.071875 0.1375
0 0.4296875 0.019444444444444445 0.040625 0.03888888888888889
0 0.3234375 0.12361111111111112 0.02265625 0.0375