0 0.8265625 0.6791666666666667 0.05078125 0.1763888888888889
0 0.0140625 0.11666666666666667 0.028125 0.09722222222222222
0 0.81328125 0.525 0.0421875 0.15555555555555556
0 0.583203125 0.7347222222222223 0.04296875 0.17083333333333334
0 0.65859375 0.7520833333333333 0.04921875 0.15138888888888888
0 0.93203125 0.5590277777777778 0.0453125 0.16527777777777777
0 0.187109375 0.04097222222222222 0.03203125 0.07777777777777778
0 0.61953125 0.41041666666666665 0.0328125 0.12638888888888888
0 0.378125 0.18819444444444444 0.02890625 0.125
0 0.405078125 0.35694444444444445 0.0328125 0.1375
0 0.921875 0.29097222222222224 0.03984375 0.1375
0 0.89375 0.1111111111111111 0.0328125 0.11944444444444445
0 0.497265625 0.30277777777777776 0.03203125 0.13194444444444445
0 0.583203125 0.14930555555555555 0.02578125 0.1
0 0.61640625 0.12361111111111112 0.02734375 0.11944444444444445
0 0.976953125 0.2722222222222222 0.03671875 0.14027777777777778
0 0.130078125 0.6333333333333333 0.04609375 0.18055555555555555
0 0.0875 0.8826388888888889 0.05703125 0.18055555555555555
0 0.53359375 0.225 0.03515625 0.14027777777777778
0 0.05859375 0.16875 0.03125 0.12083333333333333
0 0.568359375 0.9611111111111111 0.03671875 0.07777777777777778
0 0.728125 0.10138888888888889 0.021875 0.12361111111111112
0 0.632421875 0.11041666666666666 0.02734375 0.12777777777777777
0 0.36875 0.4930555555555556 0.03984375 0.16805555555555557
0 0.230078125 0.03263888888888889 0.03359375 0.06527777777777778
0 0.453125 0.11666666666666667 0.02734375 0.11805555555555555
0 0.4859375 0.0625 0.02578125 0.11388888888888889
0 0.683203125 0.04722222222222222 0.02265625 0.09166666666666666
0 0.92578125 0.19930555555555557 0.03828125 0.13194444444444445
0 0.953515625 0.02013888888888889 0.02109375 0.04027777777777778
0 0.5015625 0.018055555555555554 0.03515625 0.03611111111111111
0 0.317578125 0.38680555555555557 0.04765625 0.14722222222222223
0 0.315625 0.29097222222222224 0.03515625 0.09722222222222222
0 0.427734375 0.10902777777777778 0.02578125 0.11944444444444445
0 0.718359375 0.04583333333333333 0.025 0.09166666666666666
0 0.499609375 0.08194444444444444 0.02109375 0.10694444444444444
0 0.14609375 0.021527777777777778 0.02421875 0.043055555555555555
0 0.22421875 0.46875 0.025 0.05555555555555555
0 0.399609375 0.017361111111111112 0.0234375 0.034722222222222224
0 0.85 0.08680555555555555 0.0203125 0.10555555555555556
0 0.190234375 0.5180555555555556 0.03515625 0.14166666666666666
0 0.21875 0.5375 0.04453125 0.15138888888888888
0 0.866015625 0.08472222222222223 0.02734375 0.10694444444444444
0 0.9921875 0.1673611111111111 0.01640625 0.1125
0 0.66484375 0.07291666666666667 0.02109375 0.06805555555555555
0 0.25234375 0.5256944444444445 0.04453125 0.13333333333333333
0 0.506640625 0.08333333333333333 0.03046875 0.12222222222222222