0 0.641015625 0.24791666666666667 0.05390625 0.12916666666666668
0 0.852734375 0.3368055555555556 0.0515625 0.12638888888888888
0 0.701953125 0.3875 0.06015625 0.14444444444444443
0 0.592578125 0.12708333333333333 0.053125 0.125
0 0.421484375 0.9069444444444444 0.07734375 0.16111111111111112
0 0.35546875 0.6548611111111111 0.07421875 0.1763888888888889
0 0.60703125 0.74375 0.06484375 0.15138888888888888
0 0.516015625 0.39861111111111114 0.0640625 0.15416666666666667
0 0.06171875 0.5958333333333333 0.09609375 0.21666666666666667
0 0.1953125 0.6506944444444445 0.07734375 0.16944444444444445
0 0.919921875 0.7638888888888888 0.0734375 0.16111111111111112
0 0.61953125 0.15208333333333332 0.04296875 0.10694444444444444
0 0.6046875 0.06527777777777778 0.0359375 0.06805555555555555
0 0.483203125 0.7708333333333334 0.0953125 0.22361111111111112
0 0.42421875 0.2673611111111111 0.07578125 0.1763888888888889
0 0.571484375 0.034027777777777775 0.028125 0.05555555555555555
0 0.806640625 0.28194444444444444 0.046875 0.125
0 0.5984375 0.3173611111111111 0.04765625 0.125
0 0.549609375 0.022222222222222223 0.02890625 0.044444444444444446
0 0.741015625 0.17847222222222223 0.03671875 0.0763888888888889
0 0.7484375 0.21805555555555556 0.0484375 0.11388888888888889
0 0.23828125 0.31527777777777777 0.0734375 0.16805555555555557
0 0.7078125 0.15763888888888888 0.0421875 0.0875
0 0.4828125 0.02361111111111111 0.0484375 0.04722222222222222
0 0.98671875 0.5472222222222223 0.0265625 0.17222222222222222
0 0.26875 0.2625 0.0390625 0.08194444444444444
0 0.98828125 0.6381944444444444 0.0234375 0.13472222222222222
0 0.268359375 0.33194444444444443 0.0625 0.14166666666666666
0 0.214453125 0.2791666666666667 0.0609375 0.15
0 0.475390625 0.030555555555555555 0.05390625 0.06111111111111111