0 0.6625 0.7451388888888889 0.0453125 0.14722222222222223
0 0.56796875 0.12291666666666666 0.028125 0.1111111111111111
0 0.66171875 0.19722222222222222 0.03125 0.13472222222222222
0 0.50078125 0.12430555555555556 0.0328125 0.11527777777777778
0 0.803125 0.9215277777777777 0.05234375 0.1486111111111111
0 0.4015625 0.6458333333333334 0.04140625 0.15
0 0.039453125 0.16944444444444445 0.03671875 0.10972222222222222
0 0.951171875 0.5027777777777778 0.04921875 0.16111111111111112
0 0.76875 0.05694444444444444 0.02734375 0.11388888888888889
0 0.731640625 0.0798611111111111 0.02421875 0.12222222222222222
0 0.550390625 0.8826388888888889 0.059375 0.21805555555555556
0 0.531640625 0.12083333333333333 0.025 0.10138888888888889
0 0.497265625 0.46458333333333335 0.03359375 0.15
0 0.6734375 0.04236111111111111 0.0265625 0.08194444444444444
0 0.383984375 0.28888888888888886 0.046875 0.1736111111111111
0 0.24296875 0.9416666666666667 0.05859375 0.11666666666666667
0 0.94140625 0.15347222222222223 0.0453125 0.11944444444444445
0 0.501953125 0.0375 0.028125 0.075
0 0.55078125 0.21319444444444444 0.0234375 0.11388888888888889
0 0.64609375 0.03263888888888889 0.01953125 0.06527777777777778
0 0.611328125 0.035416666666666666 0.0234375 0.07083333333333333
0 0.680078125 0.8875 0.05390625 0.20833333333333334
0 0.371484375 0.025694444444444443 0.0234375 0.05138888888888889
0 0.21953125 0.5194444444444445 0.04140625 0.15
0 0.987890625 0.12083333333333333 0.02421875 0.12222222222222222
0 0.986328125 0.011805555555555555 0.02578125 0.02361111111111111
0 0.23671875 0.44930555555555557 0.028125 0.06527777777777778
0 0.965234375 0.10208333333333333 0.02578125 0.07777777777777778
0 0.43828125 0.011111111111111112 0.01875 0.022222222222222223
0 0.116796875 0.2013888888888889 0.04609375 0.1388888888888889
0 0.251953125 0.5083333333333333 0.03828125 0.12777777777777777
0 0.59453125 0.04583333333333333 0.01953125 0.06805555555555555
0 0.39921875 0.06388888888888888 0.015625 0.10138888888888889
0 0.987109375 0.2833333333333333 0.02578125 0.12222222222222222
0 0.1890625 0.5 0.0328125 0.14305555555555555
0 0.461328125 0.013888888888888888 0.015625 0.027777777777777776
0 0.154296875 0.9854166666666667 0.05625 0.029166666666666667
0 0.008984375 0.3013888888888889 0.0171875 0.11805555555555555
0 0.966015625 0.12569444444444444 0.0265625 0.12222222222222222
0 0.590625 0.04027777777777778 0.01796875 0.06944444444444445
0 0.958984375 0.13472222222222222 0.03359375 0.14166666666666666