0 0.720703125 0.4340277777777778 0.0671875 0.1388888888888889
0 0.668359375 0.2777777777777778 0.059375 0.12361111111111112
0 0.571484375 0.80625 0.08125 0.1638888888888889
0 0.86484375 0.42569444444444443 0.06015625 0.125
0 0.353515625 0.5784722222222223 0.08515625 0.1763888888888889
0 0.626171875 0.1701388888888889 0.0609375 0.125
0 0.38203125 0.90625 0.07421875 0.13055555555555556
0 0.06328125 0.4875 0.09765625 0.18611111111111112
0 0.883984375 0.9159722222222222 0.08515625 0.16805555555555557
0 0.521875 0.4215277777777778 0.071875 0.15138888888888888
0 0.650390625 0.20069444444444445 0.04921875 0.10138888888888889
0 0.167578125 0.5909722222222222 0.09765625 0.19722222222222222
0 0.825390625 0.37916666666666665 0.0578125 0.125
0 0.446484375 0.7916666666666666 0.1109375 0.2263888888888889
0 0.453125 0.23472222222222222 0.0875 0.17916666666666667
0 0.6484375 0.1076388888888889 0.040625 0.07222222222222222
0 0.78125 0.29305555555555557 0.05234375 0.10694444444444444
0 0.97734375 0.6861111111111111 0.0453125 0.175
0 0.9703125 0.7798611111111111 0.059375 0.1375
0 0.769140625 0.25833333333333336 0.03984375 0.0763888888888889
0 0.61953125 0.33541666666666664 0.05546875 0.11944444444444445
0 0.6 0.03611111111111111 0.02578125 0.044444444444444446
0 0.616796875 0.06111111111111111 0.02734375 0.05138888888888889
0 0.26328125 0.23541666666666666 0.08515625 0.17083333333333334
0 0.737890625 0.2263888888888889 0.0453125 0.0875
0 0.298046875 0.19375 0.040625 0.0763888888888889
0 0.56484375 0.005555555555555556 0.0234375 0.011111111111111112
0 0.537109375 0.008333333333333333 0.04140625 0.016666666666666666
0 0.724609375 0.21666666666666667 0.03984375 0.07916666666666666
0 0.291796875 0.2569444444444444 0.0796875 0.15694444444444444
0 0.2421875 0.19305555555555556 0.0734375 0.15138888888888888
0 0.534765625 0.034722222222222224 0.05703125 0.06944444444444445
0 0.72109375 0.20902777777777778 0.040625 0.08194444444444444