0 0.685546875 0.4222222222222222 0.0578125 0.1486111111111111
0 0.61875 0.27569444444444446 0.0515625 0.13333333333333333
0 0.5796875 0.0875 0.046875 0.11527777777777778
0 0.933984375 0.6402777777777777 0.06875 0.1638888888888889
0 0.052734375 0.5375 0.08515625 0.20416666666666666
0 0.237109375 0.6055555555555555 0.0671875 0.1625
0 0.3546875 0.79375 0.07734375 0.18888888888888888
0 0.451953125 0.8243055555555555 0.078125 0.20416666666666666
0 0.225 0.7930555555555555 0.0796875 0.15555555555555556
0 0.504296875 0.6701388888888888 0.07890625 0.20555555555555555
0 0.622265625 0.6340277777777777 0.05390625 0.14027777777777778
0 0.516015625 0.3388888888888889 0.05703125 0.15138888888888888
0 0.9890625 0.525 0.021875 0.13333333333333333
0 0.455078125 0.044444444444444446 0.04921875 0.08888888888888889
0 0.712890625 0.19444444444444445 0.05078125 0.13333333333333333
0 0.847265625 0.33402777777777776 0.05 0.13472222222222222
0 0.609375 0.11041666666666666 0.03828125 0.10555555555555556
0 0.525 0.034722222222222224 0.040625 0.06944444444444445
0 0.478515625 0.02013888888888889 0.03828125 0.04027777777777778
0 0.394921875 0.3506944444444444 0.0765625 0.18611111111111112
0 0.79375 0.2388888888888889 0.04140625 0.12638888888888888
0 0.57421875 0.04097222222222222 0.03359375 0.058333333333333334
0 0.409765625 0.02013888888888889 0.04296875 0.04027777777777778
0 0.978125 0.5076388888888889 0.04375 0.12361111111111112
0 0.544921875 0.03888888888888889 0.03671875 0.07777777777777778
0 0.972265625 0.2798611111111111 0.03203125 0.05138888888888889
0 0.722265625 0.1361111111111111 0.03125 0.06388888888888888
0 0.578515625 0.36180555555555555 0.04453125 0.13333333333333333
0 0.689453125 0.125 0.0359375 0.08055555555555556
0 0.2296875 0.3597222222222222 0.06875 0.16666666666666666
0 0.255859375 0.29305555555555557 0.03203125 0.06805555555555555
0 0.922265625 0.9659722222222222 0.04140625 0.06805555555555555
0 0.2625 0.36666666666666664 0.0625 0.1527777777777778
0 0.669921875 0.12777777777777777 0.0296875 0.06388888888888888
0 0.205078125 0.3194444444444444 0.0546875 0.14583333333333334
0 0.918359375 0.9597222222222223 0.05234375 0.08055555555555556