0 0.630078125 0.4965277777777778 0.034375 0.12083333333333333
0 0.56796875 0.24583333333333332 0.03125 0.125
0 0.508203125 0.7513888888888889 0.04609375 0.1736111111111111
0 0.81171875 0.1701388888888889 0.03125 0.12777777777777777
0 0.93125 0.35 0.04609375 0.14444444444444443
0 0.04765625 0.7319444444444444 0.053125 0.16111111111111112
0 0.3 0.8916666666666667 0.0546875 0.18055555555555555
0 0.48515625 0.2986111111111111 0.03046875 0.13472222222222222
0 0.3875 0.05 0.0265625 0.09583333333333334
0 0.66484375 0.37222222222222223 0.03515625 0.14722222222222223
0 0.277734375 0.6902777777777778 0.04296875 0.14444444444444443
0 0.37109375 0.09652777777777778 0.028125 0.12083333333333333
0 0.500390625 0.05277777777777778 0.02734375 0.10416666666666667
0 0.63046875 0.1111111111111111 0.03125 0.10972222222222222
0 0.532421875 0.05138888888888889 0.02265625 0.09583333333333334
0 0.975390625 0.20972222222222223 0.03125 0.11527777777777778
0 0.42109375 0.9229166666666667 0.0484375 0.14583333333333334
0 0.52890625 0.5951388888888889 0.05390625 0.1875
0 0.039453125 0.16597222222222222 0.0328125 0.12777777777777777
0 0.644140625 0.034027777777777775 0.02265625 0.06805555555555555
0 0.98203125 0.6520833333333333 0.0359375 0.16527777777777777
0 0.730859375 0.08263888888888889 0.0234375 0.125
0 0.380859375 0.4625 0.0421875 0.1625
0 0.951171875 0.2125 0.0296875 0.10972222222222222
0 0.14921875 0.9756944444444444 0.05234375 0.04861111111111111
0 0.548828125 0.36944444444444446 0.025 0.12777777777777777
0 0.87578125 0.02013888888888889 0.03359375 0.04027777777777778
0 0.121875 0.12569444444444444 0.03671875 0.12777777777777777
0 0.4390625 0.04861111111111111 0.02734375 0.09444444444444444
0 0.46171875 0.04513888888888889 0.0296875 0.0875
0 0.296484375 0.06458333333333334 0.01796875 0.09583333333333334
0 0.225 0.44722222222222224 0.0265625 0.06666666666666667
0 0.992578125 0.02638888888888889 0.01484375 0.05277777777777778
0 0.21875 0.5222222222222223 0.0421875 0.15416666666666667
0 0.609765625 0.034027777777777775 0.025 0.06805555555555555
0 0.18828125 0.5 0.0328125 0.14027777777777778
0 0.59765625 0.05 0.01875 0.058333333333333334
0 0.251953125 0.5076388888888889 0.03828125 0.1361111111111111
0 0.94609375 0.006944444444444444 0.021875 0.0125