0 0.411328125 0.23680555555555555 0.0703125 0.14583333333333334
0 0.42265625 0.5708333333333333 0.075 0.1597222222222222
0 0.411328125 0.06805555555555555 0.04921875 0.10277777777777777
0 0.804296875 0.725 0.0546875 0.08472222222222223
0 0.834375 0.3597222222222222 0.0859375 0.18472222222222223
0 0.542578125 0.5979166666666667 0.08046875 0.17222222222222222
0 0.52890625 0.030555555555555555 0.059375 0.06111111111111111
0 0.841796875 0.5680555555555555 0.084375 0.175
0 0.951953125 0.17569444444444443 0.08515625 0.18333333333333332
0 0.320703125 0.33402777777777776 0.06875 0.14583333333333334
0 0.437890625 0.20625 0.05625 0.11944444444444445
0 0.017578125 0.6673611111111111 0.03515625 0.12916666666666668
0 0.609765625 0.5944444444444444 0.0875 0.18333333333333332
0 0.437890625 0.1361111111111111 0.04296875 0.09444444444444444
0 0.090234375 0.6958333333333333 0.078125 0.1625
0 0.050390625 0.8569444444444444 0.06484375 0.14722222222222223
0 0.4546875 0.020833333333333332 0.040625 0.041666666666666664
0 0.341796875 0.15416666666666667 0.04921875 0.10277777777777777
0 0.267578125 0.78125 0.07890625 0.16527777777777777
0 0.396875 0.13125 0.0546875 0.11527777777777778
0 0.234765625 0.7847222222222222 0.07578125 0.1625
0 0.868359375 0.6506944444444445 0.0640625 0.09861111111111111
0 0.437109375 0.029166666666666667 0.03515625 0.058333333333333334
0 0.2921875 0.7388888888888889 0.06484375 0.1375
0 0.369140625 0.11875 0.0515625 0.10972222222222222
0 0.255859375 0.7138888888888889 0.0328125 0.06527777777777778
0 0.375 0.08055555555555556 0.0359375 0.06805555555555555
0 0.219140625 0.2423611111111111 0.02578125 0.04583333333333333
0 0.751953125 0.7951388888888888 0.040625 0.058333333333333334