0 0.5703125 0.16458333333333333 0.028125 0.11805555555555555
0 0.781640625 0.09027777777777778 0.02890625 0.11944444444444445
0 0.49921875 0.09652777777777778 0.0296875 0.10972222222222222
0 0.125 0.9166666666666666 0.0609375 0.16111111111111112
0 0.0390625 0.17152777777777778 0.0375 0.1111111111111111
0 0.9484375 0.4534722222222222 0.04453125 0.16111111111111112
0 0.659765625 0.24305555555555555 0.034375 0.1375
0 0.653515625 0.6625 0.04375 0.1388888888888889
0 0.49140625 0.40347222222222223 0.034375 0.14305555555555555
0 0.529296875 0.09930555555555555 0.02421875 0.1
0 0.5265625 0.9409722222222222 0.05234375 0.11805555555555555
0 0.255078125 0.8875 0.04765625 0.18472222222222223
0 0.546484375 0.7729166666666667 0.0546875 0.20416666666666666
0 0.7359375 0.9541666666666667 0.06171875 0.09166666666666666
0 0.730859375 0.07916666666666666 0.0203125 0.12083333333333333
0 0.406640625 0.7381944444444445 0.04375 0.1763888888888889
0 0.376171875 0.3388888888888889 0.0453125 0.16111111111111112
0 0.664453125 0.058333333333333334 0.0265625 0.10138888888888889
0 0.49765625 0.027083333333333334 0.02578125 0.05416666666666667
0 0.645703125 0.03125 0.02265625 0.0625
0 0.119921875 0.17430555555555555 0.03984375 0.13472222222222222
0 0.548828125 0.25763888888888886 0.0234375 0.11944444444444445
0 0.083203125 0.015277777777777777 0.03671875 0.030555555555555555
0 0.37109375 0.030555555555555555 0.0234375 0.06111111111111111
0 0.36953125 0.07361111111111111 0.02890625 0.08055555555555556
0 0.45859375 0.022222222222222223 0.01875 0.044444444444444446
0 0.4359375 0.02013888888888889 0.0171875 0.04027777777777778
0 0.21953125 0.5194444444444445 0.04296875 0.15
0 0.39375 0.01875 0.01484375 0.0375
0 0.978515625 0.16458333333333333 0.04296875 0.15694444444444444
0 0.234375 0.44930555555555557 0.02578125 0.059722222222222225
0 0.612109375 0.0375 0.0265625 0.075
0 0.9890625 0.26319444444444445 0.021875 0.12777777777777777
0 0.965625 0.01597222222222222 0.0296875 0.03194444444444444
0 0.250390625 0.5111111111111111 0.0375 0.13194444444444445
0 0.005859375 0.2763888888888889 0.0109375 0.10277777777777777
0 0.389453125 0.01875 0.01796875 0.0375
0 0.189453125 0.5048611111111111 0.0328125 0.1388888888888889
0 0.5953125 0.04722222222222222 0.01953125 0.06805555555555555
0 0.590234375 0.04513888888888889 0.01953125 0.06805555555555555