0 0.55625 0.4201388888888889 0.0625 0.16111111111111112
0 0.331640625 0.2722222222222222 0.0484375 0.12361111111111112
0 0.48671875 0.4798611111111111 0.0609375 0.15138888888888888
0 0.551171875 0.23541666666666666 0.04921875 0.12361111111111112
0 0.80234375 0.14097222222222222 0.06328125 0.1638888888888889
0 0.325 0.7027777777777777 0.07265625 0.17083333333333334
0 0.969140625 0.6145833333333334 0.06171875 0.2152777777777778
0 0.42421875 0.18055555555555555 0.04609375 0.12638888888888888
0 0.637109375 0.02013888888888889 0.04296875 0.04027777777777778
0 0.61640625 0.9208333333333333 0.0625 0.09583333333333334
0 0.3046875 0.5784722222222223 0.05625 0.1388888888888889
0 0.683984375 0.6020833333333333 0.078125 0.20277777777777778
0 0.56484375 0.5972222222222222 0.05625 0.15694444444444444
0 0.502734375 0.021527777777777778 0.04765625 0.043055555555555555
0 0.33359375 0.36180555555555555 0.05859375 0.15416666666666667
0 0.298828125 0.15555555555555556 0.04296875 0.1125
0 0.89140625 0.10833333333333334 0.06640625 0.16111111111111112
0 0.116796875 0.9208333333333333 0.07734375 0.15833333333333333
0 0.494921875 0.36527777777777776 0.06875 0.17222222222222222
0 0.565234375 0.1875 0.05 0.12777777777777777
0 0.382421875 0.1486111111111111 0.0515625 0.13472222222222222
0 0.35390625 0.16597222222222222 0.04609375 0.12777777777777777
0 0.020703125 0.4479166666666667 0.04140625 0.12916666666666668
0 0.44453125 0.85 0.0921875 0.23333333333333334
0 0.82265625 0.02847222222222222 0.0828125 0.05694444444444444
0 0.230859375 0.6270833333333333 0.034375 0.06805555555555555
0 0.062890625 0.30625 0.0515625 0.11805555555555555
0 0.91875 0.03263888888888889 0.04375 0.06527777777777778
0 0.549609375 0.013888888888888888 0.03984375 0.027777777777777776
0 0.21015625 0.6972222222222222 0.0578125 0.15
0 0.24140625 0.6986111111111111 0.06484375 0.1625
0 0.2671875 0.6659722222222222 0.05625 0.14305555555555555
0 0.9578125 0.1951388888888889 0.04609375 0.1375
0 0.0953125 0.3159722222222222 0.04140625 0.10416666666666667
0 0.44375 0.027083333333333334 0.0265625 0.05277777777777778
0 0.5265625 0.01597222222222222 0.0375 0.03194444444444444
0 0.408203125 0.03888888888888889 0.02421875 0.03333333333333333