0 0.571484375 0.16944444444444445 0.0296875 0.11805555555555555
0 0.658984375 0.2520833333333333 0.03203125 0.13055555555555556
0 0.520703125 0.9270833333333334 0.04921875 0.1388888888888889
0 0.499609375 0.09166666666666666 0.0296875 0.11388888888888889
0 0.0390625 0.17222222222222222 0.034375 0.10555555555555556
0 0.785546875 0.09652777777777778 0.02578125 0.11944444444444445
0 0.119921875 0.9034722222222222 0.05625 0.19305555555555556
0 0.49140625 0.39444444444444443 0.03515625 0.14166666666666666
0 0.40390625 0.7493055555555556 0.04140625 0.1625
0 0.260546875 0.8541666666666666 0.04609375 0.1527777777777778
0 0.5296875 0.09444444444444444 0.02265625 0.09722222222222222
0 0.94765625 0.4395833333333333 0.0453125 0.1486111111111111
0 0.545703125 0.7555555555555555 0.05390625 0.2013888888888889
0 0.495703125 0.02638888888888889 0.025 0.05277777777777778
0 0.653515625 0.6479166666666667 0.0375 0.14305555555555555
0 0.37890625 0.35138888888888886 0.0453125 0.15555555555555556
0 0.45859375 0.02361111111111111 0.01875 0.04722222222222222
0 0.7296875 0.0798611111111111 0.02109375 0.11805555555555555
0 0.43515625 0.022916666666666665 0.01953125 0.04583333333333333
0 0.548046875 0.26319444444444445 0.02265625 0.12083333333333333
0 0.662109375 0.06319444444444444 0.0265625 0.10555555555555556
0 0.75546875 0.9694444444444444 0.0578125 0.06111111111111111
0 0.646484375 0.03194444444444444 0.02421875 0.06388888888888888
0 0.1203125 0.16666666666666666 0.03828125 0.12638888888888888
0 0.392578125 0.02013888888888889 0.0171875 0.04027777777777778
0 0.369140625 0.04722222222222222 0.028125 0.09444444444444444
0 0.07109375 0.016666666666666666 0.0265625 0.03333333333333333
0 0.218359375 0.5194444444444445 0.04296875 0.15138888888888888
0 0.6109375 0.03819444444444445 0.028125 0.0763888888888889
0 0.98828125 0.2659722222222222 0.0234375 0.12361111111111112
0 0.234375 0.4486111111111111 0.025 0.06666666666666667
0 0.950390625 0.01597222222222222 0.028125 0.03194444444444444
0 0.25 0.5131944444444444 0.0375 0.12638888888888888
0 0.188671875 0.5048611111111111 0.03203125 0.1388888888888889
0 0.355859375 0.0625 0.021875 0.10694444444444444
0 0.97109375 0.2638888888888889 0.0296875 0.10555555555555556
0 0.977734375 0.1798611111111111 0.04453125 0.16111111111111112
0 0.59140625 0.04722222222222222 0.0171875 0.05277777777777778