0 0.934765625 0.27569444444444446 0.03828125 0.1375
0 0.5703125 0.5784722222222223 0.0390625 0.1597222222222222
0 0.9625 0.3715277777777778 0.04140625 0.14305555555555555
0 0.492578125 0.37916666666666665 0.03671875 0.13333333333333333
0 0.8796875 0.8729166666666667 0.05625 0.19166666666666668
0 0.590234375 0.2111111111111111 0.02734375 0.10277777777777777
0 0.639453125 0.9145833333333333 0.05390625 0.17083333333333334
0 0.87265625 0.6930555555555555 0.0484375 0.1597222222222222
0 0.38515625 0.11180555555555556 0.02578125 0.11666666666666667
0 0.578515625 0.8430555555555556 0.03984375 0.1597222222222222
0 0.54140625 0.8 0.0359375 0.17083333333333334
0 0.365625 0.9402777777777778 0.06953125 0.11944444444444445
0 0.883203125 0.4409722222222222 0.04140625 0.15
0 0.0890625 0.09791666666666667 0.03125 0.09861111111111111
0 0.622265625 0.05555555555555555 0.02421875 0.10833333333333334
0 0.023046875 0.5680555555555555 0.04609375 0.1986111111111111
0 0.90546875 0.15902777777777777 0.034375 0.12083333333333333
0 0.700390625 0.049305555555555554 0.02734375 0.09861111111111111
0 0.73125 0.09097222222222222 0.02421875 0.12916666666666668
0 0.606640625 0.06041666666666667 0.02578125 0.1125
0 0.62421875 0.32083333333333336 0.03046875 0.12638888888888888
0 0.990234375 0.2222222222222222 0.01953125 0.10555555555555556
0 0.09609375 0.8006944444444445 0.06171875 0.18472222222222223
0 0.39765625 0.2611111111111111 0.028125 0.12361111111111112
0 0.375 0.36527777777777776 0.03984375 0.15694444444444444
0 0.317578125 0.4736111111111111 0.046875 0.15694444444444444
0 0.11640625 0.9277777777777778 0.06328125 0.14444444444444443
0 0.534375 0.29375 0.0375 0.15138888888888888
0 0.05625 0.16041666666666668 0.0265625 0.12222222222222222
0 0.514453125 0.043055555555555555 0.021875 0.08194444444444444
0 0.591015625 0.015277777777777777 0.03203125 0.030555555555555555
0 0.427734375 0.10277777777777777 0.0265625 0.11944444444444445
0 0.48671875 0.10555555555555556 0.02734375 0.11666666666666667
0 0.458984375 0.10902777777777778 0.02734375 0.11666666666666667
0 0.314453125 0.35833333333333334 0.03671875 0.10555555555555556
0 0.87734375 0.10486111111111111 0.0234375 0.10833333333333334
0 0.133203125 0.03680555555555556 0.03828125 0.07361111111111111
0 0.990625 0.35833333333333334 0.01796875 0.1
0 0.224609375 0.45902777777777776 0.02421875 0.059722222222222225
0 0.191796875 0.5131944444444444 0.034375 0.14722222222222223
0 0.2171875 0.5291666666666667 0.04765625 0.15416666666666667
0 0.24921875 0.016666666666666666 0.021875 0.03333333333333333
0 0.950390625 0.013888888888888888 0.01875 0.027777777777777776
0 0.893359375 0.09513888888888888 0.0265625 0.09861111111111111
0 0.66171875 0.022222222222222223 0.01953125 0.043055555555555555
0 0.25234375 0.5229166666666667 0.04453125 0.1361111111111111
0 0.660546875 0.05 0.021875 0.1
0 0.644921875 0.041666666666666664 0.0171875 0.06666666666666667
0 0.97734375 0.005555555555555556 0.015625 0.011111111111111112