0 0.66328125 0.3909722222222222 0.0375 0.14305555555555555
0 0.814453125 0.18611111111111112 0.03046875 0.13333333333333333
0 0.56953125 0.26944444444444443 0.03203125 0.13055555555555556
0 0.499609375 0.04722222222222222 0.02734375 0.09166666666666666
0 0.42265625 0.9513888888888888 0.05234375 0.09722222222222222
0 0.6265625 0.4777777777777778 0.03203125 0.12638888888888888
0 0.297265625 0.8625 0.0546875 0.1736111111111111
0 0.4859375 0.28541666666666665 0.02890625 0.13194444444444445
0 0.36875 0.11666666666666667 0.02890625 0.12361111111111112
0 0.92890625 0.3423611111111111 0.04140625 0.1388888888888889
0 0.3859375 0.05694444444444444 0.02734375 0.10555555555555556
0 0.627734375 0.12638888888888888 0.03046875 0.10972222222222222
0 0.505859375 0.7277777777777777 0.04453125 0.1625
0 0.46328125 0.04791666666666667 0.025 0.09305555555555556
0 0.375390625 0.4965277777777778 0.05 0.17777777777777778
0 0.04140625 0.7076388888888889 0.05 0.1625
0 0.4390625 0.049305555555555554 0.02421875 0.09444444444444444
0 0.14296875 0.9618055555555556 0.0578125 0.0763888888888889
0 0.521484375 0.5722222222222222 0.04375 0.1736111111111111
0 0.550390625 0.38125 0.02578125 0.125
0 0.85390625 0.019444444444444445 0.04140625 0.03888888888888889
0 0.981640625 0.6256944444444444 0.03671875 0.18472222222222223
0 0.53359375 0.04652777777777778 0.02109375 0.08888888888888889
0 0.9734375 0.20694444444444443 0.03125 0.11666666666666667
0 0.283203125 0.6756944444444445 0.04296875 0.15555555555555556
0 0.730859375 0.08194444444444444 0.0234375 0.12777777777777777
0 0.041015625 0.16597222222222222 0.0359375 0.12222222222222222
0 0.646484375 0.034027777777777775 0.02421875 0.06805555555555555
0 0.950390625 0.2013888888888889 0.02890625 0.1125
0 0.1234375 0.11736111111111111 0.040625 0.13472222222222222
0 0.61796875 0.03194444444444444 0.028125 0.06388888888888888
0 0.287109375 0.06597222222222222 0.028125 0.09444444444444444
0 0.223046875 0.4486111111111111 0.0265625 0.06111111111111111
0 0.21953125 0.5222222222222223 0.04296875 0.1527777777777778
0 0.60234375 0.041666666666666664 0.02109375 0.07222222222222222
0 0.99296875 0.027777777777777776 0.0140625 0.05555555555555555
0 0.251171875 0.5083333333333333 0.0390625 0.13472222222222222
0 0.192578125 0.49583333333333335 0.03671875 0.14305555555555555
0 0.94609375 0.006944444444444444 0.021875 0.013888888888888888