0 0.581640625 0.475 0.0890625 0.16527777777777777
0 0.448828125 0.41875 0.07734375 0.14305555555555555
0 0.92265625 0.32569444444444445 0.1140625 0.20972222222222223
0 0.458203125 0.17777777777777778 0.059375 0.10833333333333334
0 0.759765625 0.6423611111111112 0.1046875 0.19166666666666668
0 0.849609375 0.2 0.09609375 0.1763888888888889
0 0.268359375 0.34791666666666665 0.06328125 0.11805555555555555
0 0.6875 0.6618055555555555 0.08984375 0.16666666666666666
0 0.64375 0.6736111111111112 0.090625 0.16944444444444445
0 0.565625 0.9506944444444444 0.096875 0.09861111111111111
0 0.7625 0.04027777777777778 0.0875 0.08055555555555556
0 0.043359375 0.6902777777777778 0.06015625 0.1111111111111111
0 0.423046875 0.03958333333333333 0.05859375 0.07916666666666666
0 0.413671875 0.05138888888888889 0.06171875 0.10277777777777777
0 0.525 0.21875 0.0703125 0.13055555555555556
0 0.333984375 0.4444444444444444 0.0671875 0.125
0 0.35625 0.5486111111111112 0.0890625 0.1638888888888889
0 0.3546875 0.6972222222222222 0.09375 0.17222222222222222
0 0.448046875 0.3055555555555556 0.08515625 0.15694444444444444
0 0.042578125 0.7756944444444445 0.065625 0.12222222222222222
0 0.338671875 0.14305555555555555 0.046875 0.0875
0 0.38515625 0.03125 0.03515625 0.06111111111111111
0 0.296875 0.29097222222222224 0.06484375 0.12083333333333333
0 0.341796875 0.22291666666666668 0.0640625 0.11944444444444445
0 0.322265625 0.25833333333333336 0.0640625 0.11944444444444445
0 0.308984375 0.6152777777777778 0.0671875 0.12222222222222222
0 0.053125 0.5923611111111111 0.05625 0.1
0 0.280078125 0.7972222222222223 0.040625 0.07361111111111111
0 0.27578125 0.8763888888888889 0.08125 0.15
0 0.30078125 0.8583333333333333 0.09375 0.17083333333333334
0 0.131640625 0.4388888888888889 0.02890625 0.05138888888888889
0 0.324609375 0.8118055555555556 0.084375 0.15416666666666667
0 0.449609375 0.011805555555555555 0.05390625 0.02361111111111111
0 0.43515625 0.010416666666666666 0.0375 0.020833333333333332