0 0.567578125 0.5243055555555556 0.03984375 0.1486111111111111
0 0.593359375 0.23819444444444443 0.0296875 0.10972222222222222
0 0.49375 0.41597222222222224 0.0375 0.14166666666666666
0 0.081640625 0.8979166666666667 0.0546875 0.2013888888888889
0 0.871875 0.40069444444444446 0.0390625 0.14722222222222223
0 0.391796875 0.23541666666666666 0.03125 0.11944444444444445
0 0.894921875 0.7791666666666667 0.05546875 0.1736111111111111
0 0.899609375 0.925 0.059375 0.14305555555555555
0 0.940234375 0.3090277777777778 0.03984375 0.14027777777777778
0 0.38125 0.08611111111111111 0.02421875 0.1125
0 0.530859375 0.32916666666666666 0.03671875 0.1527777777777778
0 0.976953125 0.41388888888888886 0.04453125 0.14583333333333334
0 0.540234375 0.725 0.03125 0.15
0 0.55703125 0.9138888888888889 0.04453125 0.16666666666666666
0 0.643359375 0.83125 0.05078125 0.20277777777777778
0 0.60625 0.05138888888888889 0.03359375 0.10138888888888889
0 0.91015625 0.18125 0.03515625 0.12222222222222222
0 0.0390625 0.6104166666666667 0.0703125 0.16944444444444445
0 0.729296875 0.09305555555555556 0.021875 0.12638888888888888
0 0.371484375 0.8930555555555556 0.05703125 0.20833333333333334
0 0.373046875 0.3284722222222222 0.0359375 0.14722222222222223
0 0.62578125 0.29305555555555557 0.03125 0.12083333333333333
0 0.98984375 0.2388888888888889 0.0203125 0.11805555555555555
0 0.313671875 0.5229166666666667 0.05390625 0.18055555555555555
0 0.13046875 0.04375 0.028125 0.08472222222222223
0 0.487890625 0.12013888888888889 0.02578125 0.125
0 0.8828125 0.11875 0.03046875 0.10694444444444444
0 0.691015625 0.04791666666666667 0.0234375 0.09583333333333334
0 0.31484375 0.4013888888888889 0.03671875 0.12083333333333333
0 0.428125 0.10347222222222222 0.02421875 0.11666666666666667
0 0.054296875 0.16041666666666668 0.0296875 0.125
0 0.119140625 0.09513888888888888 0.02890625 0.09444444444444444
0 0.52265625 0.034027777777777775 0.02265625 0.06805555555555555
0 0.224609375 0.4576388888888889 0.0234375 0.05694444444444444
0 0.45859375 0.10902777777777778 0.025 0.11527777777777778
0 0.634375 0.034027777777777775 0.01953125 0.06805555555555555
0 0.946484375 0.011805555555555555 0.02109375 0.02361111111111111
0 0.21796875 0.53125 0.04453125 0.15138888888888888
0 0.12890625 0.9569444444444445 0.046875 0.08611111111111111
0 0.190625 0.5118055555555555 0.03515625 0.14444444444444443
0 0.651953125 0.034722222222222224 0.02265625 0.06944444444444445
0 0.251171875 0.5236111111111111 0.04296875 0.13472222222222222
0 0.659765625 0.050694444444444445 0.01640625 0.09166666666666666
0 0.00625 0.9361111111111111 0.0125 0.12777777777777777
0 0.905078125 0.10416666666666667 0.03125 0.09444444444444444
0 0.268359375 0.009722222222222222 0.01875 0.019444444444444445
0 0.28671875 0.00625 0.02265625 0.0125