0 0.568359375 0.45902777777777776 0.03671875 0.14722222222222223
0 0.385546875 0.18333333333333332 0.02890625 0.1125
0 0.49140625 0.47291666666666665 0.03671875 0.1375
0 0.598828125 0.2826388888888889 0.0296875 0.1125
0 0.853125 0.34652777777777777 0.03671875 0.15
0 0.296484375 0.5840277777777778 0.04609375 0.15138888888888888
0 0.936328125 0.9041666666666667 0.0671875 0.18611111111111112
0 0.490234375 0.15347222222222223 0.025 0.11805555555555555
0 0.058203125 0.9666666666666667 0.05859375 0.06666666666666667
0 0.7296875 0.09166666666666666 0.0203125 0.12361111111111112
0 0.528515625 0.9659722222222222 0.05234375 0.06805555555555555
0 0.3015625 0.4548611111111111 0.03359375 0.12638888888888888
0 0.653125 0.7076388888888889 0.0453125 0.18611111111111112
0 0.5421875 0.6305555555555555 0.0296875 0.14722222222222223
0 0.5984375 0.03263888888888889 0.0375 0.06527777777777778
0 0.3703125 0.26875 0.03359375 0.14166666666666666
0 0.37734375 0.05416666666666667 0.02421875 0.10416666666666667
0 0.94296875 0.3701388888888889 0.040625 0.14583333333333334
0 0.055859375 0.6798611111111111 0.046875 0.175
0 0.52109375 0.3701388888888889 0.04140625 0.15694444444444444
0 0.621484375 0.24583333333333332 0.0296875 0.11666666666666667
0 0.45703125 0.09861111111111111 0.02890625 0.125
0 0.426953125 0.09722222222222222 0.025 0.11944444444444445
0 0.05390625 0.15694444444444444 0.0328125 0.11666666666666667
0 0.38046875 0.7951388888888888 0.05390625 0.21388888888888888
0 0.909375 0.17708333333333334 0.04609375 0.20416666666666666
0 0.22265625 0.45555555555555555 0.025 0.05555555555555555
0 0.1265625 0.052083333333333336 0.03359375 0.10416666666666667
0 0.98984375 0.28402777777777777 0.0203125 0.12916666666666668
0 0.646484375 0.04236111111111111 0.025 0.08472222222222223
0 0.18984375 0.5090277777777777 0.03359375 0.1375
0 0.677734375 0.04722222222222222 0.025 0.09166666666666666
0 0.21875 0.5291666666666667 0.0390625 0.14722222222222223
0 0.99296875 0.019444444444444445 0.01328125 0.03888888888888889
0 0.24921875 0.5145833333333333 0.0328125 0.13055555555555556
0 0.9890625 0.49166666666666664 0.021875 0.13194444444444445
0 0.155078125 0.08125 0.025 0.09444444444444444
0 0.53828125 0.021527777777777778 0.01953125 0.043055555555555555
0 0.94609375 0.010416666666666666 0.0203125 0.020833333333333332
0 0.923046875 0.12013888888888889 0.0296875 0.09722222222222222
0 0.90078125 0.13402777777777777 0.028125 0.10694444444444444
0 0.6234375 0.03819444444444445 0.025 0.07083333333333333
0 0.50234375 0.011111111111111112 0.02109375 0.022222222222222223