0 0.3859375 0.18194444444444444 0.0296875 0.1111111111111111
0 0.491796875 0.4736111111111111 0.03671875 0.1361111111111111
0 0.56796875 0.45416666666666666 0.03671875 0.14305555555555555
0 0.59921875 0.2861111111111111 0.02890625 0.11388888888888889
0 0.84921875 0.3416666666666667 0.03671875 0.14583333333333334
0 0.060546875 0.9694444444444444 0.059375 0.06111111111111111
0 0.301171875 0.4576388888888889 0.03359375 0.12638888888888888
0 0.937109375 0.9104166666666667 0.06875 0.1736111111111111
0 0.490234375 0.15416666666666667 0.025 0.11666666666666667
0 0.729296875 0.09097222222222222 0.01953125 0.12361111111111112
0 0.543359375 0.625 0.02734375 0.14722222222222223
0 0.940625 0.3715277777777778 0.04140625 0.14444444444444443
0 0.373828125 0.2701388888888889 0.03203125 0.14027777777777778
0 0.653515625 0.7027777777777777 0.0453125 0.17916666666666667
0 0.301171875 0.5895833333333333 0.04609375 0.1486111111111111
0 0.37734375 0.05347222222222222 0.02421875 0.10277777777777777
0 0.528515625 0.9659722222222222 0.053125 0.06805555555555555
0 0.6203125 0.24513888888888888 0.0296875 0.11666666666666667
0 0.057421875 0.6736111111111112 0.0484375 0.16944444444444445
0 0.5203125 0.375 0.040625 0.15555555555555556
0 0.5984375 0.03263888888888889 0.0359375 0.06527777777777778
0 0.909375 0.21736111111111112 0.0390625 0.13055555555555556
0 0.45703125 0.09930555555555555 0.028125 0.12361111111111112
0 0.676171875 0.04583333333333333 0.02578125 0.09166666666666666
0 0.382421875 0.7881944444444444 0.0578125 0.21944444444444444
0 0.426953125 0.09305555555555556 0.02421875 0.11805555555555555
0 0.053515625 0.15694444444444444 0.0328125 0.11805555555555555
0 0.22265625 0.45555555555555555 0.025 0.05555555555555555
0 0.1265625 0.05486111111111111 0.03203125 0.10694444444444444
0 0.92421875 0.12013888888888889 0.028125 0.09305555555555556
0 0.18984375 0.5083333333333333 0.03515625 0.1375
0 0.990234375 0.2847222222222222 0.01953125 0.13055555555555556
0 0.219140625 0.5291666666666667 0.0390625 0.14722222222222223
0 0.155859375 0.08194444444444444 0.0296875 0.09861111111111111
0 0.248828125 0.5131944444444444 0.0328125 0.13194444444444445
0 0.64609375 0.041666666666666664 0.025 0.08333333333333333
0 0.90078125 0.13402777777777777 0.03046875 0.10972222222222222
0 0.993359375 0.019444444444444445 0.0125 0.03888888888888889
0 0.537890625 0.021527777777777778 0.01953125 0.043055555555555555
0 0.989453125 0.5076388888888889 0.0203125 0.09583333333333334
0 0.94609375 0.010416666666666666 0.01953125 0.020833333333333332
0 0.502734375 0.011111111111111112 0.01953125 0.022222222222222223
0 0.623828125 0.03958333333333333 0.02578125 0.06805555555555555