0 0.568359375 0.3590277777777778 0.03515625 0.1361111111111111
0 0.831640625 0.26458333333333334 0.03515625 0.13333333333333333
0 0.29140625 0.5326388888888889 0.03828125 0.13333333333333333
0 0.6171875 0.18541666666666667 0.03046875 0.10833333333333334
0 0.3859375 0.12361111111111112 0.0265625 0.10694444444444444
0 0.958203125 0.4618055555555556 0.04765625 0.1625
0 0.66640625 0.5541666666666667 0.040625 0.1625
0 0.109375 0.7965277777777777 0.0671875 0.19027777777777777
0 0.4375 0.07083333333333333 0.0234375 0.11388888888888889
0 0.49609375 0.5652777777777778 0.040625 0.15416666666666667
0 0.61328125 0.35208333333333336 0.028125 0.11388888888888889
0 0.3015625 0.6881944444444444 0.04921875 0.15833333333333333
0 0.505859375 0.4423611111111111 0.03984375 0.15138888888888888
0 0.489453125 0.20555555555555555 0.0265625 0.12222222222222222
0 0.37265625 0.18888888888888888 0.03125 0.12638888888888888
0 0.382421875 0.6423611111111112 0.04921875 0.2013888888888889
0 0.73203125 0.08333333333333333 0.02421875 0.12638888888888888
0 0.457421875 0.07013888888888889 0.02578125 0.1125
0 0.381640625 0.025694444444444443 0.02265625 0.05138888888888889
0 0.92109375 0.25277777777777777 0.03984375 0.13194444444444445
0 0.757421875 0.015277777777777777 0.04375 0.030555555555555555
0 0.21875 0.06805555555555555 0.02734375 0.08888888888888889
0 0.550390625 0.5097222222222222 0.028125 0.1361111111111111
0 0.125 0.07708333333333334 0.03984375 0.12361111111111112
0 0.048046875 0.15 0.03125 0.12361111111111112
0 0.948828125 0.15486111111111112 0.02734375 0.11805555555555555
0 0.501953125 0.02361111111111111 0.01953125 0.04722222222222222
0 0.928125 0.15555555555555556 0.0265625 0.10277777777777777
0 0.22421875 0.4486111111111111 0.0265625 0.06388888888888888
0 0.25 0.5055555555555555 0.0328125 0.13194444444444445
0 0.191015625 0.5027777777777778 0.03203125 0.14583333333333334
0 0.5953125 0.013888888888888888 0.0171875 0.027777777777777776
0 0.659765625 0.0375 0.025 0.075
0 0.22109375 0.5229166666666667 0.04140625 0.15
0 0.528125 0.022222222222222223 0.021875 0.044444444444444446
0 0.63359375 0.0375 0.0265625 0.075
0 0.6140625 0.04097222222222222 0.02421875 0.06666666666666667
0 0.946875 0.006944444444444444 0.01953125 0.013888888888888888
0 0.54609375 0.00625 0.0140625 0.011111111111111112