0 0.66015625 0.3347222222222222 0.065625 0.12916666666666668
0 0.57890625 0.7340277777777777 0.0828125 0.15694444444444444
0 0.7 0.5097222222222222 0.071875 0.14166666666666666
0 0.86015625 0.5215277777777778 0.06328125 0.125
0 0.645703125 0.16597222222222222 0.0609375 0.11944444444444445
0 0.38125 0.8222222222222222 0.10703125 0.20833333333333334
0 0.06796875 0.3333333333333333 0.10625 0.2013888888888889
0 0.539453125 0.37430555555555556 0.07265625 0.14305555555555555
0 0.215234375 0.47708333333333336 0.08671875 0.16666666666666666
0 0.318359375 0.6479166666666667 0.09140625 0.1763888888888889
0 0.876953125 0.9131944444444444 0.08671875 0.16666666666666666
0 0.5515625 0.03611111111111111 0.0609375 0.07222222222222222
0 0.176953125 0.64375 0.0703125 0.11805555555555555
0 0.611328125 0.059027777777777776 0.040625 0.075
0 0.463671875 0.7041666666666667 0.1078125 0.20972222222222223
0 0.669921875 0.20208333333333334 0.0515625 0.10277777777777777
0 0.44453125 0.2833333333333333 0.08515625 0.16527777777777777
0 0.63046875 0.08472222222222223 0.0390625 0.07222222222222222
0 0.826171875 0.4236111111111111 0.06015625 0.12222222222222222
0 0.6046875 0.39444444444444443 0.059375 0.11805555555555555
0 0.7671875 0.3236111111111111 0.0640625 0.12638888888888888
0 0.655859375 0.10902777777777778 0.034375 0.06111111111111111
0 0.5765625 0.02361111111111111 0.040625 0.04722222222222222
0 0.748046875 0.2513888888888889 0.04140625 0.07777777777777778
0 0.955078125 0.8048611111111111 0.06484375 0.125
0 0.5203125 0.013194444444444444 0.0484375 0.02638888888888889
0 0.2703125 0.20972222222222223 0.0875 0.16805555555555557
0 0.306640625 0.16805555555555557 0.04140625 0.07777777777777778
0 0.255078125 0.15694444444444444 0.08203125 0.15833333333333333
0 0.96875 0.8131944444444444 0.0625 0.17083333333333334
0 0.77890625 0.27847222222222223 0.03125 0.05555555555555555
0 0.296875 0.23680555555555555 0.07734375 0.1486111111111111
0 0.992578125 0.5888888888888889 0.01484375 0.06388888888888888
0 0.965625 0.8270833333333333 0.06875 0.14027777777777778
0 0.726953125 0.2465277777777778 0.0328125 0.059722222222222225