0 0.545703125 0.27708333333333335 0.07265625 0.13333333333333333
0 0.84375 0.020833333333333332 0.096875 0.041666666666666664
0 0.487890625 0.2916666666666667 0.0734375 0.1361111111111111
0 0.291796875 0.25069444444444444 0.0625 0.11666666666666667
0 0.446484375 0.7194444444444444 0.11640625 0.21388888888888888
0 0.32265625 0.15138888888888888 0.04296875 0.0763888888888889
0 0.465234375 0.1076388888888889 0.0625 0.11527777777777778
0 0.27734375 0.40902777777777777 0.06796875 0.12638888888888888
0 0.437890625 0.9125 0.09765625 0.175
0 0.542578125 0.5819444444444445 0.09375 0.1736111111111111
0 0.26484375 0.3451388888888889 0.06171875 0.11388888888888889
0 0.3890625 0.3104166666666667 0.071875 0.13333333333333333
0 0.495703125 0.47708333333333336 0.0875 0.16111111111111112
0 0.62734375 0.3020833333333333 0.08828125 0.1638888888888889
0 0.347265625 0.11041666666666666 0.03671875 0.06666666666666667
0 0.305859375 0.22361111111111112 0.0640625 0.11944444444444445
0 0.36640625 0.8034722222222223 0.0796875 0.1486111111111111
0 0.528515625 0.42083333333333334 0.075 0.14027777777777778
0 0.14140625 0.4909722222222222 0.05546875 0.10138888888888889
0 0.03828125 0.7798611111111111 0.065625 0.12222222222222222
0 0.06328125 0.6361111111111111 0.0703125 0.12916666666666668
0 0.232421875 0.2791666666666667 0.025 0.04583333333333333
0 0.27578125 0.7888888888888889 0.04296875 0.07777777777777778
0 0.31875 0.8048611111111111 0.0734375 0.1361111111111111
0 0.299609375 0.8479166666666667 0.0890625 0.1638888888888889
0 0.41953125 0.024305555555555556 0.0484375 0.04861111111111111
0 0.27109375 0.8694444444444445 0.07890625 0.14583333333333334
0 0.285546875 0.1875 0.021875 0.03888888888888889
0 0.407421875 0.03194444444444444 0.04140625 0.06388888888888888