0 0.832421875 0.27152777777777776 0.03515625 0.1388888888888889
0 0.568359375 0.36736111111111114 0.034375 0.1361111111111111
0 0.612109375 0.34375 0.02890625 0.1111111111111111
0 0.386328125 0.12916666666666668 0.02734375 0.10833333333333334
0 0.49609375 0.55625 0.040625 0.15
0 0.616796875 0.1909722222222222 0.0296875 0.11388888888888889
0 0.29140625 0.5222222222222223 0.03828125 0.13472222222222222
0 0.66484375 0.5597222222222222 0.0421875 0.15833333333333333
0 0.95703125 0.44722222222222224 0.046875 0.1527777777777778
0 0.48984375 0.19652777777777777 0.02578125 0.12083333333333333
0 0.10234375 0.78125 0.0609375 0.18333333333333332
0 0.382421875 0.6479166666666667 0.053125 0.20833333333333334
0 0.37265625 0.19652777777777777 0.03046875 0.12777777777777777
0 0.300390625 0.6840277777777778 0.04609375 0.15833333333333333
0 0.43671875 0.07361111111111111 0.02421875 0.11388888888888889
0 0.4578125 0.07291666666666667 0.02890625 0.10833333333333334
0 0.5109375 0.4354166666666667 0.03984375 0.1527777777777778
0 0.732421875 0.08472222222222223 0.02421875 0.12638888888888888
0 0.55 0.5194444444444445 0.028125 0.1388888888888889
0 0.753515625 0.013888888888888888 0.03515625 0.027777777777777776
0 0.12421875 0.06875 0.04140625 0.125
0 0.051171875 0.15625 0.0296875 0.12083333333333333
0 0.5015625 0.02361111111111111 0.0203125 0.04722222222222222
0 0.21328125 0.06875 0.02421875 0.09583333333333334
0 0.947265625 0.15763888888888888 0.028125 0.12083333333333333
0 0.38046875 0.029166666666666667 0.021875 0.058333333333333334
0 0.191015625 0.5034722222222222 0.0328125 0.14583333333333334
0 0.66171875 0.0375 0.0265625 0.075
0 0.2234375 0.45 0.02734375 0.06805555555555555
0 0.523046875 0.021527777777777778 0.021875 0.043055555555555555
0 0.21953125 0.5229166666666667 0.0421875 0.15
0 0.25 0.5076388888888889 0.0328125 0.13055555555555556
0 0.92265625 0.21944444444444444 0.0421875 0.1388888888888889
0 0.59375 0.01597222222222222 0.01953125 0.030555555555555555
0 0.633984375 0.03958333333333333 0.02890625 0.07777777777777778
0 0.928125 0.15486111111111112 0.028125 0.10833333333333334
0 0.6140625 0.0375 0.02578125 0.07361111111111111
0 0.946875 0.007638888888888889 0.0203125 0.013888888888888888