0 0.461328125 0.12916666666666668 0.05078125 0.12222222222222222
0 0.498046875 0.4701388888888889 0.0625 0.15
0 0.57265625 0.5027777777777778 0.0640625 0.15694444444444444
0 0.637109375 0.3680555555555556 0.05078125 0.125
0 0.85703125 0.5861111111111111 0.06484375 0.1597222222222222
0 0.013671875 0.6423611111111112 0.02734375 0.09583333333333334
0 0.324609375 0.3284722222222222 0.0578125 0.1388888888888889
0 0.563671875 0.17291666666666666 0.04765625 0.125
0 0.798828125 0.27361111111111114 0.04453125 0.12777777777777777
0 0.513671875 0.6444444444444445 0.05625 0.15416666666666667
0 0.935546875 0.6743055555555556 0.06875 0.16111111111111112
0 0.431640625 0.20277777777777778 0.059375 0.15138888888888888
0 0.599609375 0.7902777777777777 0.0796875 0.19583333333333333
0 0.296875 0.45069444444444445 0.07421875 0.16805555555555557
0 0.48046875 0.029861111111111113 0.04375 0.059722222222222225
0 0.428125 0.9506944444444444 0.06328125 0.09861111111111111
0 0.665234375 0.34375 0.05234375 0.12777777777777777
0 0.053125 0.3659722222222222 0.08046875 0.18888888888888888
0 0.5453125 0.39791666666666664 0.0703125 0.17083333333333334
0 0.68984375 0.13194444444444445 0.046875 0.08472222222222223
0 0.9390625 0.5104166666666666 0.0640625 0.14722222222222223
0 0.54453125 0.1 0.05234375 0.13333333333333333
0 0.758984375 0.19652777777777777 0.04296875 0.10277777777777777
0 0.330078125 0.6888888888888889 0.1 0.24166666666666667
0 0.51796875 0.07430555555555556 0.04765625 0.125
0 0.25234375 0.2743055555555556 0.03515625 0.06805555555555555
0 0.9734375 0.4305555555555556 0.0453125 0.10555555555555556
0 0.210546875 0.3013888888888889 0.06171875 0.15138888888888888
0 0.988671875 0.6270833333333333 0.02265625 0.13472222222222222
0 0.23359375 0.3402777777777778 0.0671875 0.1625
0 0.264453125 0.3451388888888889 0.05859375 0.14444444444444443
0 0.73203125 0.17222222222222222 0.040625 0.09444444444444444
0 0.948828125 0.42777777777777776 0.0515625 0.12222222222222222
0 0.6359375 0.08194444444444444 0.02734375 0.05277777777777778
0 0.95234375 0.8333333333333334 0.0390625 0.10277777777777777
0 0.60546875 0.04861111111111111 0.02265625 0.03333333333333333
0 0.71171875 0.15555555555555556 0.03828125 0.08055555555555556