0 0.504296875 0.19027777777777777 0.034375 0.12777777777777777
0 0.912890625 0.06111111111111111 0.0328125 0.10972222222222222
0 0.553515625 0.05416666666666667 0.02421875 0.09444444444444444
0 0.41328125 0.49583333333333335 0.0375 0.15
0 0.673046875 0.10416666666666667 0.028125 0.11666666666666667
0 0.6890625 0.9722222222222222 0.05390625 0.05555555555555555
0 0.733984375 0.07916666666666666 0.02578125 0.12777777777777777
0 0.823046875 0.7055555555555556 0.04453125 0.18194444444444444
0 0.945703125 0.05694444444444444 0.034375 0.10972222222222222
0 0.534765625 0.18888888888888888 0.028125 0.10972222222222222
0 0.39765625 0.19305555555555556 0.03359375 0.13194444444444445
0 0.502734375 0.6138888888888889 0.03828125 0.15416666666666667
0 0.7703125 0.8895833333333333 0.04765625 0.15833333333333333
0 0.8546875 0.1 0.03203125 0.11527777777777778
0 0.03046875 0.175 0.034375 0.1125
0 0.036328125 0.6840277777777778 0.06875 0.17916666666666667
0 0.568359375 0.6895833333333333 0.0453125 0.2
0 0.555859375 0.13958333333333334 0.01875 0.08194444444444444
0 0.97890625 0.6430555555555556 0.0421875 0.16805555555555557
0 0.970703125 0.1451388888888889 0.03828125 0.18055555555555555
0 0.64375 0.03333333333333333 0.01953125 0.06666666666666667
0 0.8734375 0.09236111111111112 0.0328125 0.11666666666666667
0 0.012109375 0.3770833333333333 0.02421875 0.14722222222222223
0 0.610546875 0.034722222222222224 0.0234375 0.06944444444444445
0 0.0953125 0.2798611111111111 0.0421875 0.14722222222222223
0 0.739453125 0.021527777777777778 0.021875 0.043055555555555555
0 0.219140625 0.5201388888888889 0.040625 0.1486111111111111
0 0.18984375 0.49722222222222223 0.03671875 0.14722222222222223
0 0.520703125 0.09444444444444444 0.02890625 0.09583333333333334
0 0.251953125 0.5083333333333333 0.03203125 0.12777777777777777
0 0.9703125 0.175 0.034375 0.1111111111111111
0 0.502734375 0.052083333333333336 0.02578125 0.10138888888888889
0 0.51953125 0.025 0.02109375 0.05
0 0.3390625 0.016666666666666666 0.02109375 0.03333333333333333
0 0.59296875 0.03888888888888889 0.01875 0.06944444444444445
0 0.46640625 0.059027777777777776 0.01796875 0.08888888888888889
0 0.228125 0.45 0.01953125 0.05138888888888889
0 0.67421875 0.0125 0.01796875 0.025
0 0.965625 0.11944444444444445 0.0390625 0.13333333333333333
0 0.7671875 0.9826388888888888 0.0421875 0.034722222222222224
0 0.58984375 0.03333333333333333 0.01796875 0.06666666666666667
0 0.220703125 0.00625 0.01796875 0.0125