0 0.66015625 0.19583333333333333 0.03125 0.12916666666666668
0 0.56875 0.1284722222222222 0.02734375 0.11388888888888889
0 0.661328125 0.7368055555555556 0.04140625 0.1361111111111111
0 0.501171875 0.12291666666666666 0.03203125 0.11388888888888889
0 0.496875 0.4583333333333333 0.0328125 0.1486111111111111
0 0.03984375 0.1673611111111111 0.03671875 0.1111111111111111
0 0.401953125 0.6541666666666667 0.04140625 0.15833333333333333
0 0.7703125 0.05763888888888889 0.028125 0.1125
0 0.80234375 0.9263888888888889 0.0515625 0.1388888888888889
0 0.73203125 0.07847222222222222 0.0234375 0.12361111111111112
0 0.9484375 0.4979166666666667 0.046875 0.14722222222222223
0 0.550390625 0.8652777777777778 0.05859375 0.22083333333333333
0 0.53125 0.12013888888888889 0.0234375 0.10138888888888889
0 0.6734375 0.041666666666666664 0.02578125 0.08055555555555556
0 0.244921875 0.9423611111111111 0.05390625 0.1111111111111111
0 0.38203125 0.29375 0.0421875 0.16944444444444445
0 0.68125 0.8888888888888888 0.059375 0.21388888888888888
0 0.50078125 0.0375 0.028125 0.07083333333333333
0 0.371875 0.025 0.0234375 0.05
0 0.64609375 0.03263888888888889 0.01953125 0.06527777777777778
0 0.55078125 0.21597222222222223 0.02265625 0.1125
0 0.953515625 0.14583333333333334 0.05234375 0.13055555555555556
0 0.2203125 0.5173611111111112 0.04296875 0.15
0 0.61171875 0.034722222222222224 0.02265625 0.06944444444444445
0 0.15625 0.9638888888888889 0.06171875 0.07222222222222222
0 0.23671875 0.4479166666666667 0.02890625 0.058333333333333334
0 0.398046875 0.06319444444444444 0.01796875 0.09861111111111111
0 0.988671875 0.12361111111111112 0.02265625 0.12361111111111112
0 0.438671875 0.011805555555555555 0.01953125 0.02361111111111111
0 0.1890625 0.49930555555555556 0.0328125 0.14166666666666666
0 0.119140625 0.20555555555555555 0.0484375 0.1388888888888889
0 0.966015625 0.10208333333333333 0.02578125 0.075
0 0.248828125 0.5013888888888889 0.03828125 0.12777777777777777
0 0.986328125 0.011805555555555555 0.02578125 0.02361111111111111
0 0.4609375 0.013888888888888888 0.015625 0.027777777777777776
0 0.593359375 0.04236111111111111 0.01875 0.06944444444444445
0 0.00859375 0.3020833333333333 0.01640625 0.1125
0 0.9859375 0.26666666666666666 0.028125 0.15138888888888888