0 0.589453125 0.7159722222222222 0.07734375 0.15138888888888888
0 0.63984375 0.1527777777777778 0.059375 0.11944444444444445
0 0.860546875 0.5055555555555555 0.0640625 0.12777777777777777
0 0.69609375 0.5027777777777778 0.07109375 0.14305555555555555
0 0.654296875 0.33055555555555555 0.065625 0.13194444444444445
0 0.537890625 0.3645833333333333 0.0703125 0.14305555555555555
0 0.3171875 0.6722222222222223 0.09375 0.1875
0 0.39609375 0.8097222222222222 0.0984375 0.19305555555555556
0 0.54140625 0.034722222222222224 0.0578125 0.06944444444444445
0 0.60390625 0.05486111111111111 0.04140625 0.07777777777777778
0 0.2171875 0.49375 0.08671875 0.17083333333333334
0 0.18203125 0.6590277777777778 0.07578125 0.12777777777777777
0 0.66484375 0.18958333333333333 0.05078125 0.10277777777777777
0 0.88828125 0.8791666666666667 0.0875 0.17083333333333334
0 0.47109375 0.6951388888888889 0.1078125 0.2152777777777778
0 0.4375 0.29305555555555557 0.0875 0.1736111111111111
0 0.622265625 0.07777777777777778 0.03984375 0.075
0 0.760546875 0.3111111111111111 0.06171875 0.12361111111111112
0 0.600390625 0.3951388888888889 0.0578125 0.12083333333333333
0 0.82421875 0.40347222222222223 0.059375 0.12361111111111112
0 0.56484375 0.02361111111111111 0.0453125 0.04722222222222222
0 0.066796875 0.3458333333333333 0.08828125 0.17083333333333334
0 0.648046875 0.10069444444444445 0.03359375 0.06111111111111111
0 0.9640625 0.76875 0.06640625 0.13472222222222222
0 0.506640625 0.009722222222222222 0.04609375 0.019444444444444445
0 0.74296875 0.2375 0.04140625 0.07916666666666666
0 0.971484375 0.7819444444444444 0.05703125 0.16944444444444445
0 0.265234375 0.225 0.08515625 0.16805555555555557
0 0.300390625 0.17847222222222223 0.040625 0.0763888888888889
0 0.9890625 0.5534722222222223 0.021875 0.0763888888888889
0 0.77421875 0.2652777777777778 0.03671875 0.06527777777777778
0 0.2484375 0.1736111111111111 0.0796875 0.15694444444444444
0 0.2921875 0.25 0.075 0.1486111111111111
0 0.722265625 0.23194444444444445 0.03203125 0.058333333333333334