0 0.652734375 0.1951388888888889 0.05234375 0.12083333333333333
0 0.729296875 0.33194444444444443 0.05625 0.13333333333333333
0 0.588671875 0.17916666666666667 0.05546875 0.12638888888888888
0 0.9640625 0.5020833333333333 0.071875 0.1486111111111111
0 0.899609375 0.8861111111111111 0.078125 0.16527777777777777
0 0.387890625 0.5145833333333333 0.07265625 0.16527777777777777
0 0.441796875 0.9055555555555556 0.09609375 0.18888888888888888
0 0.846875 0.2986111111111111 0.046875 0.10555555555555556
0 0.21484375 0.017361111111111112 0.0765625 0.034722222222222224
0 0.8109375 0.3034722222222222 0.05078125 0.12916666666666668
0 0.448828125 0.20069444444444445 0.078125 0.175
0 0.61640625 0.20416666666666666 0.04921875 0.11388888888888889
0 0.621875 0.25972222222222224 0.04765625 0.11388888888888889
0 0.773046875 0.21736111111111112 0.03984375 0.08055555555555556
0 0.497265625 0.5069444444444444 0.0703125 0.16944444444444445
0 0.74453125 0.19305555555555556 0.034375 0.0763888888888889
0 0.986328125 0.49027777777777776 0.02734375 0.11944444444444445
0 0.981640625 0.7055555555555556 0.03671875 0.11944444444444445
0 0.5734375 0.9173611111111111 0.0765625 0.16527777777777777
0 0.713671875 0.16944444444444445 0.03828125 0.08194444444444444
0 0.618359375 0.09861111111111111 0.04921875 0.10694444444444444
0 0.6953125 0.16458333333333333 0.03359375 0.0763888888888889
0 0.14296875 0.7319444444444444 0.0578125 0.06805555555555555
0 0.241796875 0.29305555555555557 0.07890625 0.17777777777777778
0 0.275 0.31666666666666665 0.06640625 0.15138888888888888
0 0.53984375 0.052083333333333336 0.03671875 0.09583333333333334
0 0.555078125 0.9020833333333333 0.11015625 0.19583333333333333
0 0.26953125 0.24305555555555555 0.03046875 0.06111111111111111
0 0.219921875 0.2548611111111111 0.07109375 0.16666666666666666
0 0.54296875 0.9041666666666667 0.084375 0.19166666666666668
0 0.63828125 0.07777777777777778 0.02265625 0.03611111111111111
0 0.69296875 0.15763888888888888 0.03203125 0.075
0 0.616015625 0.05763888888888889 0.01953125 0.03333333333333333
0 0.585546875 0.027083333333333334 0.01953125 0.027777777777777776
0 0.030859375 0.2125 0.0484375 0.14027777777777778
0 0.567578125 0.010416666666666666 0.01796875 0.020833333333333332