0 0.56953125 0.28125 0.03125 0.12916666666666668
0 0.137109375 0.93125 0.05390625 0.1375
0 0.623046875 0.45555555555555555 0.03671875 0.12777777777777777
0 0.817578125 0.19722222222222222 0.03125 0.12916666666666668
0 0.296875 0.8291666666666667 0.05 0.18333333333333332
0 0.032421875 0.6784722222222223 0.05234375 0.1597222222222222
0 0.97734375 0.5875 0.0453125 0.17083333333333334
0 0.501953125 0.044444444444444446 0.0296875 0.08611111111111111
0 0.48671875 0.2652777777777778 0.0296875 0.12638888888888888
0 0.971484375 0.19166666666666668 0.03359375 0.1111111111111111
0 0.926953125 0.3229166666666667 0.04140625 0.14166666666666666
0 0.5015625 0.6833333333333333 0.04375 0.15694444444444444
0 0.280078125 0.6354166666666666 0.03984375 0.14166666666666666
0 0.668359375 0.42291666666666666 0.03515625 0.14444444444444443
0 0.37578125 0.5125 0.04609375 0.17222222222222222
0 0.518359375 0.5506944444444445 0.04609375 0.17777777777777778
0 0.36953125 0.12777777777777777 0.02890625 0.125
0 0.534375 0.04097222222222222 0.0203125 0.07777777777777778
0 0.626171875 0.13541666666666666 0.0265625 0.10138888888888889
0 0.38515625 0.07222222222222222 0.0265625 0.10833333333333334
0 0.460546875 0.05486111111111111 0.02578125 0.10555555555555556
0 0.9453125 0.1909722222222222 0.03359375 0.10833333333333334
0 0.42265625 0.9694444444444444 0.05390625 0.06111111111111111
0 0.0453125 0.16597222222222222 0.03359375 0.11527777777777778
0 0.439453125 0.05625 0.02421875 0.10972222222222222
0 0.731640625 0.08333333333333333 0.0234375 0.12638888888888888
0 0.123046875 0.11458333333333333 0.0421875 0.13194444444444445
0 0.55078125 0.4076388888888889 0.0234375 0.13333333333333333
0 0.83984375 0.019444444444444445 0.0375 0.03888888888888889
0 0.64609375 0.034722222222222224 0.02421875 0.06944444444444445
0 0.273828125 0.06527777777777778 0.02265625 0.09583333333333334
0 0.21875 0.5194444444444445 0.04140625 0.15416666666666667
0 0.225 0.4486111111111111 0.02578125 0.0625
0 0.189453125 0.5013888888888889 0.034375 0.14722222222222223
0 0.620703125 0.03194444444444444 0.02265625 0.06388888888888888
0 0.25078125 0.5097222222222222 0.03671875 0.13333333333333333
0 0.603515625 0.041666666666666664 0.02109375 0.06666666666666667