0 0.587890625 0.1638888888888889 0.0265625 0.1
0 0.8421875 0.7090277777777778 0.04921875 0.16805555555555557
0 0.64140625 0.7576388888888889 0.0390625 0.1486111111111111
0 0.92578125 0.21944444444444444 0.03671875 0.13194444444444445
0 0.6203125 0.39166666666666666 0.034375 0.12777777777777777
0 0.49609375 0.32083333333333336 0.0328125 0.12638888888888888
0 0.931640625 0.3055555555555556 0.040625 0.14166666666666666
0 0.382421875 0.1701388888888889 0.0265625 0.11944444444444445
0 0.578125 0.7 0.04765625 0.18472222222222223
0 0.564453125 0.9291666666666667 0.03828125 0.13472222222222222
0 0.91796875 0.5375 0.0484375 0.16666666666666666
0 0.8296875 0.5638888888888889 0.04296875 0.15138888888888888
0 0.405859375 0.3347222222222222 0.03125 0.13055555555555556
0 0.121875 0.675 0.05078125 0.17916666666666667
0 0.895703125 0.12430555555555556 0.0328125 0.11666666666666667
0 0.026171875 0.1125 0.0265625 0.1
0 0.613671875 0.10625 0.02890625 0.11388888888888889
0 0.533203125 0.2375 0.0359375 0.14305555555555555
0 0.97890625 0.2833333333333333 0.0359375 0.1388888888888889
0 0.058203125 0.16666666666666666 0.03046875 0.12222222222222222
0 0.09453125 0.8958333333333334 0.059375 0.175
0 0.730078125 0.09861111111111111 0.02421875 0.12361111111111112
0 0.5203125 0.019444444444444445 0.021875 0.03888888888888889
0 0.3703125 0.4583333333333333 0.03984375 0.16111111111111112
0 0.241015625 0.025 0.02109375 0.05
0 0.629296875 0.09305555555555556 0.0265625 0.12222222222222222
0 0.2015625 0.034027777777777775 0.02734375 0.06805555555555555
0 0.679296875 0.04513888888888889 0.021875 0.09027777777777778
0 0.32265625 0.4166666666666667 0.04609375 0.14444444444444443
0 0.426953125 0.1076388888888889 0.0234375 0.11527777777777778
0 0.876953125 0.07152777777777777 0.0203125 0.07916666666666666
0 0.953125 0.018055555555555554 0.01796875 0.03611111111111111
0 0.22421875 0.4652777777777778 0.0265625 0.06111111111111111
0 0.50234375 0.06805555555555555 0.021875 0.10277777777777777
0 0.3140625 0.30416666666666664 0.03359375 0.10138888888888889
0 0.458203125 0.11180555555555556 0.0296875 0.12361111111111112
0 0.663671875 0.05625 0.02421875 0.09861111111111111
0 0.484375 0.07361111111111111 0.02265625 0.11388888888888889
0 0.71328125 0.0375 0.02421875 0.075
0 0.190625 0.5173611111111112 0.03671875 0.14305555555555555
0 0.85390625 0.08819444444444445 0.01875 0.10555555555555556
0 0.99140625 0.17777777777777778 0.0171875 0.09583333333333334
0 0.25234375 0.5236111111111111 0.0390625 0.13472222222222222
0 0.2203125 0.5381944444444444 0.04453125 0.15416666666666667
0 0.13515625 0.025694444444444443 0.02578125 0.05138888888888889
0 0.146875 0.022222222222222223 0.0234375 0.044444444444444446
0 0.4015625 0.010416666666666666 0.02109375 0.020833333333333332
0 0.994140625 0.009722222222222222 0.0109375 0.018055555555555554
0 0.509765625 0.06527777777777778 0.02421875 0.10416666666666667