0 0.568359375 0.3548611111111111 0.03515625 0.14027777777777778
0 0.828125 0.25555555555555554 0.03515625 0.13333333333333333
0 0.959375 0.47430555555555554 0.0453125 0.16666666666666666
0 0.43828125 0.06805555555555555 0.02421875 0.11388888888888889
0 0.290234375 0.5451388888888888 0.0375 0.14305555555555555
0 0.617578125 0.1798611111111111 0.028125 0.10833333333333334
0 0.386328125 0.11736111111111111 0.02578125 0.10833333333333334
0 0.112890625 0.8111111111111111 0.0625 0.1986111111111111
0 0.380859375 0.6222222222222222 0.046875 0.1763888888888889
0 0.4890625 0.20555555555555555 0.02578125 0.11944444444444445
0 0.30078125 0.6923611111111111 0.04765625 0.15694444444444444
0 0.37109375 0.1840277777777778 0.0296875 0.125
0 0.61484375 0.3597222222222222 0.028125 0.11666666666666667
0 0.495703125 0.5756944444444444 0.04140625 0.15
0 0.5296875 0.022222222222222223 0.02265625 0.044444444444444446
0 0.669921875 0.5388888888888889 0.040625 0.16111111111111112
0 0.458203125 0.06944444444444445 0.028125 0.11527777777777778
0 0.919140625 0.25972222222222224 0.04296875 0.14305555555555555
0 0.731640625 0.08125 0.021875 0.12361111111111112
0 0.125 0.07291666666666667 0.0359375 0.12361111111111112
0 0.548828125 0.5027777777777778 0.02890625 0.14305555555555555
0 0.508984375 0.44722222222222224 0.04296875 0.1597222222222222
0 0.501953125 0.02361111111111111 0.021875 0.04722222222222222
0 0.048046875 0.15138888888888888 0.0328125 0.12638888888888888
0 0.65703125 0.03611111111111111 0.025 0.07222222222222222
0 0.764453125 0.014583333333333334 0.04140625 0.029166666666666667
0 0.9515625 0.15763888888888888 0.02890625 0.11666666666666667
0 0.224609375 0.44583333333333336 0.025 0.0625
0 0.22265625 0.06388888888888888 0.02578125 0.09027777777777778
0 0.38203125 0.022916666666666665 0.015625 0.04583333333333333
0 0.92890625 0.15555555555555556 0.03046875 0.10694444444444444
0 0.249609375 0.5076388888888889 0.03359375 0.13194444444444445
0 0.2203125 0.51875 0.04296875 0.1527777777777778
0 0.635546875 0.03125 0.02421875 0.0625
0 0.190625 0.5020833333333333 0.03359375 0.14722222222222223
0 0.59765625 0.009027777777777777 0.01796875 0.018055555555555554
0 0.6125 0.04027777777777778 0.02265625 0.0625