0 0.5546875 0.0625 0.02578125 0.09861111111111111
0 0.4125 0.5083333333333333 0.03671875 0.14305555555555555
0 0.502734375 0.18472222222222223 0.03125 0.11805555555555555
0 0.823046875 0.7222222222222222 0.0453125 0.16111111111111112
0 0.67265625 0.1125 0.02890625 0.11944444444444445
0 0.864453125 0.10902777777777778 0.0390625 0.11666666666666667
0 0.68203125 0.9520833333333333 0.0484375 0.09583333333333334
0 0.0234375 0.6694444444444444 0.046875 0.17222222222222222
0 0.769921875 0.9180555555555555 0.0484375 0.1638888888888889
0 0.974609375 0.6326388888888889 0.05078125 0.18055555555555555
0 0.73359375 0.07916666666666666 0.025 0.12361111111111112
0 0.50078125 0.6013888888888889 0.0359375 0.16111111111111112
0 0.952734375 0.06458333333333334 0.034375 0.11527777777777778
0 0.388671875 0.21319444444444444 0.03828125 0.14305555555555555
0 0.972265625 0.12916666666666668 0.0359375 0.125
0 0.576171875 0.6930555555555555 0.0421875 0.19583333333333333
0 0.098828125 0.2708333333333333 0.05078125 0.15138888888888888
0 0.918359375 0.07013888888888889 0.03125 0.11527777777777778
0 0.980078125 0.18541666666666667 0.03984375 0.125
0 0.03125 0.1736111111111111 0.0328125 0.11944444444444445
0 0.643359375 0.03333333333333333 0.0203125 0.06666666666666667
0 0.53515625 0.18125 0.0265625 0.10416666666666667
0 0.61015625 0.03611111111111111 0.02421875 0.07222222222222222
0 0.55390625 0.15347222222222223 0.01953125 0.09166666666666666
0 0.459765625 0.05763888888888889 0.0171875 0.09166666666666666
0 0.012109375 0.3638888888888889 0.02421875 0.1388888888888889
0 0.592578125 0.03819444444444445 0.01796875 0.06666666666666667
0 0.7421875 0.029166666666666667 0.0234375 0.058333333333333334
0 0.2515625 0.5083333333333333 0.03125 0.125
0 0.1890625 0.4986111111111111 0.03515625 0.14722222222222223
0 0.503125 0.052083333333333336 0.02578125 0.10277777777777777
0 0.21875 0.5201388888888889 0.0390625 0.15138888888888888
0 0.67421875 0.016666666666666666 0.02109375 0.03333333333333333
0 0.5203125 0.024305555555555556 0.02109375 0.04861111111111111
0 0.886328125 0.09583333333333334 0.02890625 0.125
0 0.51875 0.08055555555555556 0.02734375 0.10972222222222222
0 0.22734375 0.4513888888888889 0.01796875 0.04722222222222222
0 0.7484375 0.03263888888888889 0.03046875 0.06111111111111111