0 0.5546875 0.06875 0.0265625 0.10833333333333334
0 0.411328125 0.5111111111111111 0.034375 0.14305555555555555
0 0.67109375 0.11458333333333333 0.02890625 0.11666666666666667
0 0.501953125 0.18333333333333332 0.03046875 0.11944444444444445
0 0.825390625 0.725 0.04296875 0.16111111111111112
0 0.770703125 0.9201388888888888 0.04921875 0.15833333333333333
0 0.7328125 0.08125 0.0234375 0.12083333333333333
0 0.024609375 0.6701388888888888 0.04921875 0.18055555555555555
0 0.53515625 0.18055555555555555 0.0296875 0.1111111111111111
0 0.68125 0.9472222222222222 0.04765625 0.10555555555555556
0 0.953515625 0.07013888888888889 0.03203125 0.11805555555555555
0 0.971875 0.13055555555555556 0.03515625 0.12083333333333333
0 0.5 0.5930555555555556 0.0359375 0.1638888888888889
0 0.92109375 0.07222222222222222 0.03359375 0.1111111111111111
0 0.862890625 0.11041666666666666 0.0359375 0.11527777777777778
0 0.387890625 0.21805555555555556 0.03828125 0.14583333333333334
0 0.577734375 0.7076388888888889 0.04375 0.20555555555555555
0 0.03515625 0.17291666666666666 0.03359375 0.11666666666666667
0 0.981640625 0.18958333333333333 0.03671875 0.12638888888888888
0 0.9734375 0.6034722222222222 0.0515625 0.12638888888888888
0 0.643359375 0.034027777777777775 0.0203125 0.06805555555555555
0 0.610546875 0.03611111111111111 0.0234375 0.07222222222222222
0 0.74375 0.029166666666666667 0.01875 0.058333333333333334
0 0.1 0.2652777777777778 0.05234375 0.1486111111111111
0 0.55390625 0.15555555555555556 0.01953125 0.08333333333333333
0 0.592578125 0.03958333333333333 0.01796875 0.06388888888888888
0 0.0125 0.3611111111111111 0.025 0.13333333333333333
0 0.2515625 0.5097222222222222 0.0328125 0.12777777777777777
0 0.1890625 0.4986111111111111 0.03515625 0.14722222222222223
0 0.52109375 0.08680555555555555 0.028125 0.09166666666666666
0 0.219140625 0.5201388888888889 0.040625 0.15138888888888888
0 0.675 0.018055555555555554 0.01953125 0.03611111111111111
0 0.45859375 0.05763888888888889 0.01953125 0.09027777777777778
0 0.8875 0.10138888888888889 0.0265625 0.12361111111111112
0 0.3390625 0.011111111111111112 0.0203125 0.022222222222222223
0 0.520703125 0.022916666666666665 0.021875 0.04583333333333333
0 0.20234375 0.007638888888888889 0.02578125 0.015277777777777777
0 0.2265625 0.45555555555555555 0.01875 0.05138888888888889
0 0.748828125 0.03194444444444444 0.025 0.06111111111111111