0 0.843359375 0.6083333333333333 0.0453125 0.16527777777777777
0 0.622265625 0.7770833333333333 0.0421875 0.14166666666666666
0 0.930078125 0.23333333333333334 0.034375 0.12361111111111112
0 0.49375 0.3388888888888889 0.03359375 0.13333333333333333
0 0.57578125 0.6555555555555556 0.04375 0.16805555555555557
0 0.941796875 0.32916666666666666 0.04140625 0.14305555555555555
0 0.115625 0.725 0.05234375 0.18472222222222223
0 0.5890625 0.175 0.02578125 0.09861111111111111
0 0.10625 0.9104166666666667 0.05859375 0.17222222222222222
0 0.553125 0.8888888888888888 0.03671875 0.15416666666666667
0 0.85546875 0.7618055555555555 0.05234375 0.17777777777777778
0 0.90234375 0.1326388888888889 0.03359375 0.125
0 0.909765625 0.5013888888888889 0.03984375 0.15833333333333333
0 0.619140625 0.08819444444444445 0.03828125 0.1111111111111111
0 0.3828125 0.14722222222222223 0.02734375 0.12361111111111112
0 0.6296875 0.36527777777777776 0.0359375 0.13055555555555556
0 0.5359375 0.2569444444444444 0.0359375 0.14722222222222223
0 0.218359375 0.027777777777777776 0.03125 0.05555555555555555
0 0.986328125 0.3055555555555556 0.02734375 0.1361111111111111
0 0.73125 0.09791666666666667 0.025 0.12083333333333333
0 0.372265625 0.43125 0.040625 0.16527777777777777
0 0.139453125 0.029861111111111113 0.03046875 0.059722222222222225
0 0.4078125 0.31666666666666665 0.0390625 0.14027777777777778
0 0.484375 0.08333333333333333 0.02734375 0.11666666666666667
0 0.3203125 0.4361111111111111 0.04921875 0.1625
0 0.991015625 0.20069444444444445 0.01796875 0.10972222222222222
0 0.191796875 0.5152777777777777 0.0328125 0.14305555555555555
0 0.256640625 0.017361111111111112 0.0234375 0.034722222222222224
0 0.95625 0.017361111111111112 0.0265625 0.034722222222222224
0 0.508203125 0.05416666666666667 0.025 0.10277777777777777
0 0.4296875 0.10416666666666667 0.025 0.11944444444444445
0 0.052734375 0.15347222222222223 0.0390625 0.1527777777777778
0 0.459375 0.10833333333333334 0.03125 0.12222222222222222
0 0.31640625 0.32222222222222224 0.04140625 0.09444444444444444
0 0.87890625 0.09305555555555556 0.025 0.10833333333333334
0 0.71015625 0.052083333333333336 0.02578125 0.1
0 0.67421875 0.04097222222222222 0.021875 0.08055555555555556
0 0.6640625 0.06388888888888888 0.02265625 0.0763888888888889
0 0.859375 0.09861111111111111 0.0203125 0.09583333333333334
0 0.544140625 0.018055555555555554 0.025 0.03611111111111111
0 0.219921875 0.5347222222222222 0.04375 0.1527777777777778
0 0.2515625 0.5229166666666667 0.040625 0.13055555555555556
0 0.225390625 0.4638888888888889 0.025 0.058333333333333334
0 0.6375 0.9875 0.0484375 0.025
0 0.00546875 0.5451388888888888 0.0109375 0.14444444444444443
0 0.99296875 0.009722222222222222 0.0140625 0.018055555555555554
0 0.62890625 0.0763888888888889 0.03203125 0.11805555555555555
0 0.048046875 0.08888888888888889 0.02109375 0.06388888888888888
0 0.65703125 0.049305555555555554 0.01953125 0.04722222222222222