0 0.4921875 0.4736111111111111 0.0375 0.13333333333333333
0 0.598828125 0.2875 0.03046875 0.1125
0 0.848828125 0.3388888888888889 0.03671875 0.14444444444444443
0 0.3859375 0.17847222222222223 0.0296875 0.10555555555555556
0 0.56796875 0.45069444444444445 0.0359375 0.14027777777777778
0 0.93828125 0.91875 0.06796875 0.15555555555555556
0 0.301171875 0.4576388888888889 0.034375 0.12777777777777777
0 0.54296875 0.6208333333333333 0.02890625 0.14027777777777778
0 0.653515625 0.6923611111111111 0.0453125 0.17083333333333334
0 0.940234375 0.37222222222222223 0.0421875 0.14583333333333334
0 0.490625 0.15416666666666667 0.02578125 0.11805555555555555
0 0.3734375 0.2638888888888889 0.03203125 0.1361111111111111
0 0.598046875 0.034027777777777775 0.03828125 0.06805555555555555
0 0.528125 0.9701388888888889 0.05234375 0.059722222222222225
0 0.058984375 0.9715277777777778 0.059375 0.05694444444444444
0 0.729296875 0.09097222222222222 0.0203125 0.125
0 0.621875 0.24583333333333332 0.028125 0.12083333333333333
0 0.301171875 0.5930555555555556 0.04765625 0.15555555555555556
0 0.45703125 0.09791666666666667 0.028125 0.12222222222222222
0 0.5203125 0.3784722222222222 0.0390625 0.15694444444444444
0 0.909375 0.21944444444444444 0.0375 0.12916666666666668
0 0.377734375 0.05347222222222222 0.0234375 0.10138888888888889
0 0.42734375 0.09166666666666666 0.0234375 0.11527777777777778
0 0.059375 0.675 0.05546875 0.175
0 0.380859375 0.7868055555555555 0.05859375 0.2152777777777778
0 0.053125 0.15763888888888888 0.03359375 0.11944444444444445
0 0.925 0.12013888888888889 0.02734375 0.09166666666666666
0 0.126171875 0.05486111111111111 0.03203125 0.10694444444444444
0 0.22265625 0.45625 0.025 0.05694444444444444
0 0.67578125 0.04652777777777778 0.028125 0.09027777777777778
0 0.18984375 0.5090277777777777 0.03515625 0.1375
0 0.990234375 0.28055555555555556 0.01953125 0.12222222222222222
0 0.219140625 0.5284722222222222 0.03984375 0.14722222222222223
0 0.158203125 0.08055555555555556 0.028125 0.09722222222222222
0 0.8984375 0.13541666666666666 0.025 0.10138888888888889
0 0.2484375 0.5138888888888888 0.0328125 0.13333333333333333
0 0.993359375 0.019444444444444445 0.0125 0.03888888888888889
0 0.64609375 0.041666666666666664 0.02578125 0.08333333333333333
0 0.53828125 0.022222222222222223 0.02109375 0.044444444444444446
0 0.94609375 0.010416666666666666 0.01953125 0.020833333333333332
0 0.623046875 0.04375 0.02578125 0.06111111111111111
0 0.50234375 0.011805555555555555 0.01953125 0.02361111111111111
0 0.989453125 0.49930555555555556 0.0203125 0.11527777777777778