0 0.64375 0.475 0.0640625 0.12777777777777777
0 0.84140625 0.6666666666666666 0.071875 0.14722222222222223
0 0.34609375 0.5298611111111111 0.09921875 0.19722222222222222
0 0.591015625 0.48333333333333334 0.07265625 0.1486111111111111
0 0.600390625 0.7520833333333333 0.0890625 0.18055555555555555
0 0.548828125 0.016666666666666666 0.04296875 0.03333333333333333
0 0.691015625 0.3784722222222222 0.0578125 0.11666666666666667
0 0.894140625 0.9006944444444445 0.0859375 0.1736111111111111
0 0.482421875 0.5215277777777778 0.0796875 0.16111111111111112
0 0.081640625 0.2965277777777778 0.10390625 0.20555555555555555
0 0.59375 0.23402777777777778 0.059375 0.125
0 0.5203125 0.09097222222222222 0.05859375 0.12083333333333333
0 0.5796875 0.08888888888888889 0.05703125 0.11944444444444445
0 0.486328125 0.1361111111111111 0.06640625 0.1375
0 0.53671875 0.44305555555555554 0.08125 0.16666666666666666
0 0.33359375 0.2972222222222222 0.0765625 0.15555555555555556
0 0.5234375 0.59375 0.065625 0.14027777777777778
0 0.597265625 0.10972222222222222 0.05859375 0.12083333333333333
0 0.28515625 0.41805555555555557 0.08671875 0.1736111111111111
0 0.821484375 0.39652777777777776 0.05703125 0.12222222222222222
0 0.92734375 0.70625 0.0734375 0.14722222222222223
0 0.781640625 0.2923611111111111 0.05 0.09722222222222222
0 0.7265625 0.19444444444444445 0.03046875 0.05416666666666667
0 0.971875 0.6625 0.05625 0.125
0 0.287890625 0.1798611111111111 0.04453125 0.08472222222222223
0 0.2890625 0.25069444444444444 0.0671875 0.1375
0 0.262890625 0.23680555555555555 0.08203125 0.1638888888888889
0 0.656640625 0.1076388888888889 0.02890625 0.05138888888888889
0 0.9578125 0.6409722222222223 0.0546875 0.10972222222222222
0 0.673828125 0.12430555555555556 0.02578125 0.044444444444444446
0 0.24375 0.18680555555555556 0.07265625 0.15
0 0.840625 0.3298611111111111 0.03203125 0.05138888888888889
0 0.762890625 0.26180555555555557 0.04765625 0.09027777777777778
0 0.742578125 0.24097222222222223 0.04609375 0.09027777777777778
0 0.973046875 0.8291666666666667 0.02734375 0.05555555555555555
0 0.694921875 0.1451388888888889 0.01953125 0.03333333333333333
0 0.751953125 0.22013888888888888 0.0265625 0.044444444444444446