0 0.49296875 0.40902777777777777 0.0375 0.14305555555555555
0 0.970703125 0.40625 0.04375 0.15
0 0.89453125 0.9125 0.05859375 0.175
0 0.568359375 0.5513888888888889 0.040625 0.16111111111111112
0 0.8875 0.7430555555555556 0.0484375 0.15
0 0.56640625 0.8923611111111112 0.0484375 0.1625
0 0.625 0.29444444444444445 0.03125 0.125
0 0.64375 0.8645833333333334 0.05 0.19444444444444445
0 0.59296875 0.2298611111111111 0.025 0.10416666666666667
0 0.026953125 0.5951388888888889 0.05390625 0.1736111111111111
0 0.38046875 0.09513888888888888 0.0265625 0.11666666666666667
0 0.39140625 0.24305555555555555 0.0296875 0.12222222222222222
0 0.91015625 0.175 0.034375 0.12222222222222222
0 0.937109375 0.3020833333333333 0.0375 0.14027777777777778
0 0.87734375 0.4201388888888889 0.03984375 0.1597222222222222
0 0.37109375 0.9076388888888889 0.05703125 0.18333333333333332
0 0.118359375 0.9506944444444444 0.05703125 0.09861111111111111
0 0.608984375 0.05347222222222222 0.03359375 0.10277777777777777
0 0.730859375 0.09236111111111112 0.0234375 0.12916666666666668
0 0.31171875 0.5048611111111111 0.04140625 0.15
0 0.531640625 0.31319444444444444 0.0375 0.15
0 0.1296875 0.04236111111111111 0.03046875 0.08194444444444444
0 0.104296875 0.09652777777777778 0.0234375 0.09722222222222222
0 0.697265625 0.050694444444444445 0.02421875 0.09861111111111111
0 0.539453125 0.7569444444444444 0.03515625 0.16527777777777777
0 0.37578125 0.3375 0.03359375 0.14444444444444443
0 0.08828125 0.8611111111111112 0.05859375 0.18333333333333332
0 0.48828125 0.11805555555555555 0.025 0.11388888888888889
0 0.05859375 0.15763888888888888 0.02890625 0.12083333333333333
0 0.98828125 0.2388888888888889 0.02265625 0.11944444444444445
0 0.5203125 0.03611111111111111 0.02265625 0.07222222222222222
0 0.877734375 0.1125 0.0265625 0.10555555555555556
0 0.427734375 0.10277777777777777 0.02734375 0.11805555555555555
0 0.315625 0.39166666666666666 0.03515625 0.1375
0 0.225 0.4583333333333333 0.0234375 0.058333333333333334
0 0.45859375 0.10902777777777778 0.02578125 0.11388888888888889
0 0.948046875 0.0125 0.02265625 0.025
0 0.9015625 0.10486111111111111 0.02578125 0.1
0 0.190625 0.5131944444444444 0.03359375 0.14444444444444443
0 0.2703125 0.011805555555555555 0.0203125 0.022222222222222223
0 0.21875 0.5326388888888889 0.04296875 0.15138888888888888
0 0.654296875 0.03888888888888889 0.021875 0.0763888888888889
0 0.660546875 0.04861111111111111 0.01640625 0.09444444444444444
0 0.25078125 0.5236111111111111 0.03984375 0.13472222222222222
0 0.6328125 0.03819444444444445 0.01796875 0.07083333333333333
0 0.63984375 0.03680555555555556 0.015625 0.07361111111111111
0 0.646484375 0.035416666666666666 0.0203125 0.06944444444444445