0 0.427734375 0.08680555555555555 0.0453125 0.11527777777777778
0 0.64921875 0.49027777777777776 0.05390625 0.1375
0 0.721484375 0.03333333333333333 0.05078125 0.06666666666666667
0 0.519140625 0.18680555555555556 0.04921875 0.13472222222222222
0 0.475390625 0.8791666666666667 0.0734375 0.19583333333333333
0 0.621875 0.23541666666666666 0.05703125 0.1527777777777778
0 0.46015625 0.35833333333333334 0.05390625 0.15
0 0.575 0.8215277777777777 0.07578125 0.19166666666666668
0 0.899609375 0.16666666666666666 0.06484375 0.15138888888888888
0 0.161328125 0.9597222222222223 0.07890625 0.08055555555555556
0 0.32578125 0.8881944444444444 0.06796875 0.175
0 0.2640625 0.175 0.0421875 0.10555555555555556
0 0.459375 0.07291666666666667 0.03671875 0.10277777777777777
0 0.563671875 0.6402777777777777 0.0765625 0.1986111111111111
0 0.366015625 0.48333333333333334 0.07578125 0.19027777777777777
0 0.30625 0.15138888888888888 0.04375 0.12222222222222222
0 0.362890625 0.08541666666666667 0.03359375 0.075
0 0.080859375 0.3638888888888889 0.0546875 0.14027777777777778
0 0.317578125 0.1125 0.0375 0.08055555555555556
0 0.013671875 0.42777777777777776 0.02734375 0.125
0 0.651953125 0.022222222222222223 0.04140625 0.044444444444444446
0 0.573046875 0.044444444444444446 0.04765625 0.08888888888888889
0 0.918359375 0.034722222222222224 0.05390625 0.06944444444444445
0 0.51484375 0.2972222222222222 0.0421875 0.12916666666666668
0 0.896875 0.03333333333333333 0.046875 0.06666666666666667
0 0.383203125 0.07569444444444444 0.0328125 0.075
0 0.409765625 0.04791666666666667 0.02890625 0.05138888888888889
0 0.23515625 0.6680555555555555 0.0671875 0.16805555555555557
0 0.524609375 0.02013888888888889 0.03359375 0.04027777777777778
0 0.23515625 0.5895833333333333 0.03359375 0.07083333333333333
0 0.20234375 0.6673611111111111 0.05234375 0.14722222222222223
0 0.2625 0.6444444444444445 0.059375 0.15
0 0.513671875 0.027083333333333334 0.02890625 0.05416666666666667