0 0.855078125 0.625 0.07109375 0.1361111111111111
0 0.634765625 0.40694444444444444 0.07109375 0.1361111111111111
0 0.078125 0.11041666666666666 0.09140625 0.16944444444444445
0 0.66015625 0.6194444444444445 0.07890625 0.15
0 0.5359375 0.06111111111111111 0.065625 0.12222222222222222
0 0.610546875 0.6097222222222223 0.0703125 0.13194444444444445
0 0.063671875 0.4284722222222222 0.0828125 0.15
0 0.21953125 0.5284722222222222 0.10078125 0.19027777777777777
0 0.887109375 0.8590277777777777 0.08359375 0.15833333333333333
0 0.665234375 0.1527777777777778 0.05546875 0.10277777777777777
0 0.4015625 0.36180555555555555 0.10234375 0.19305555555555556
0 0.4265625 0.6618055555555555 0.09375 0.17777777777777778
0 0.731640625 0.3597222222222222 0.05859375 0.1111111111111111
0 0.279296875 0.36875 0.084375 0.1597222222222222
0 0.56875 0.04583333333333333 0.0609375 0.09166666666666666
0 0.49140625 0.5770833333333333 0.096875 0.18472222222222223
0 0.5703125 0.31527777777777777 0.07109375 0.1375
0 0.6328125 0.11388888888888889 0.05703125 0.10833333333333334
0 0.271875 0.7638888888888888 0.06640625 0.11666666666666667
0 0.968359375 0.8104166666666667 0.06328125 0.12638888888888888
0 0.61640625 0.08680555555555555 0.05390625 0.10277777777777777
0 0.690625 0.18958333333333333 0.04765625 0.09027777777777778
0 0.953515625 0.7784722222222222 0.0625 0.11805555555555555
0 0.9390625 0.5277777777777778 0.0390625 0.06666666666666667
0 0.828125 0.4444444444444444 0.06328125 0.12361111111111112
0 0.575 0.48333333333333334 0.06640625 0.12916666666666668
0 0.7796875 0.30972222222222223 0.04296875 0.08055555555555556
0 0.277734375 0.19305555555555556 0.08828125 0.16805555555555557
0 0.306640625 0.14652777777777778 0.04375 0.07916666666666666
0 0.76015625 0.2791666666666667 0.04140625 0.0763888888888889
0 0.744140625 0.26875 0.0421875 0.07777777777777778
0 0.26171875 0.1451388888888889 0.08046875 0.15416666666666667
0 0.30703125 0.22013888888888888 0.07890625 0.14722222222222223