0 0.676953125 0.9270833333333334 0.04765625 0.14583333333333334
0 0.67109375 0.12916666666666668 0.028125 0.11805555555555555
0 0.499609375 0.17083333333333334 0.0328125 0.11666666666666667
0 0.9671875 0.5944444444444444 0.0515625 0.1597222222222222
0 0.975 0.1375 0.034375 0.11388888888888889
0 0.55703125 0.07430555555555556 0.02421875 0.09583333333333334
0 0.5 0.5645833333333333 0.0359375 0.1486111111111111
0 0.775390625 0.9416666666666667 0.05078125 0.11666666666666667
0 0.816796875 0.7715277777777778 0.04453125 0.18472222222222223
0 0.405859375 0.5402777777777777 0.03671875 0.1486111111111111
0 0.880078125 0.11458333333333333 0.034375 0.11805555555555555
0 0.96171875 0.07569444444444444 0.03203125 0.1125
0 0.73203125 0.08125 0.021875 0.12083333333333333
0 0.532421875 0.16944444444444445 0.02734375 0.10277777777777777
0 0.9859375 0.2048611111111111 0.028125 0.12222222222222222
0 0.3890625 0.22083333333333333 0.034375 0.1361111111111111
0 0.450390625 0.06180555555555556 0.021875 0.09444444444444444
0 0.587109375 0.7479166666666667 0.04921875 0.18888888888888888
0 0.926171875 0.08194444444444444 0.03359375 0.10972222222222222
0 0.64375 0.034027777777777775 0.02109375 0.06805555555555555
0 0.675390625 0.020833333333333332 0.02421875 0.041666666666666664
0 0.022265625 0.6479166666666667 0.04453125 0.18611111111111112
0 0.0375 0.17222222222222222 0.03515625 0.1125
0 0.61015625 0.03680555555555556 0.0234375 0.07361111111111111
0 0.101953125 0.25833333333333336 0.05078125 0.14444444444444443
0 0.74765625 0.03263888888888889 0.025 0.06527777777777778
0 0.5125 0.058333333333333334 0.03828125 0.11666666666666667
0 0.5921875 0.04097222222222222 0.01875 0.06388888888888888
0 0.552734375 0.1638888888888889 0.01953125 0.09305555555555556
0 0.551171875 0.9770833333333333 0.06328125 0.04583333333333333
0 0.216796875 0.5194444444444445 0.04375 0.1527777777777778
0 0.25234375 0.5111111111111111 0.03203125 0.12777777777777777
0 0.01328125 0.3548611111111111 0.02578125 0.14166666666666666
0 0.1890625 0.4930555555555556 0.034375 0.14722222222222223
0 0.52109375 0.019444444444444445 0.021875 0.03888888888888889
0 0.22578125 0.4597222222222222 0.02109375 0.058333333333333334
0 0.898046875 0.10694444444444444 0.028125 0.12222222222222222
0 0.945703125 0.005555555555555556 0.0203125 0.011111111111111112