0 0.863671875 0.7819444444444444 0.05390625 0.175
0 0.931640625 0.2388888888888889 0.0359375 0.13055555555555556
0 0.4953125 0.3472222222222222 0.03515625 0.12777777777777777
0 0.6125 0.7979166666666667 0.0390625 0.1597222222222222
0 0.904296875 0.14166666666666666 0.03203125 0.12361111111111112
0 0.38125 0.13680555555555557 0.028125 0.11805555555555555
0 0.58984375 0.18472222222222223 0.025 0.1
0 0.848828125 0.6256944444444444 0.04375 0.1597222222222222
0 0.94453125 0.3402777777777778 0.04140625 0.14027777777777778
0 0.109765625 0.9118055555555555 0.0578125 0.17083333333333334
0 0.571484375 0.6402777777777777 0.040625 0.16944444444444445
0 0.63515625 0.9666666666666667 0.05703125 0.06666666666666667
0 0.109375 0.7284722222222222 0.04765625 0.17083333333333334
0 0.90390625 0.48680555555555555 0.0390625 0.16527777777777777
0 0.625 0.34930555555555554 0.03203125 0.11805555555555555
0 0.400390625 0.2965277777777778 0.03125 0.12916666666666668
0 0.535546875 0.26666666666666666 0.0375 0.15
0 0.37265625 0.40694444444444444 0.0390625 0.15833333333333333
0 0.731640625 0.09375 0.02421875 0.125
0 0.612109375 0.08611111111111111 0.02578125 0.1111111111111111
0 0.551171875 0.8736111111111111 0.03671875 0.1763888888888889
0 0.139453125 0.029861111111111113 0.03125 0.059722222222222225
0 0.988671875 0.3263888888888889 0.02265625 0.1361111111111111
0 0.483984375 0.08263888888888889 0.0265625 0.11388888888888889
0 0.990234375 0.20347222222222222 0.01953125 0.1111111111111111
0 0.226953125 0.02361111111111111 0.02265625 0.04722222222222222
0 0.55703125 0.017361111111111112 0.03046875 0.034722222222222224
0 0.626953125 0.06736111111111111 0.02578125 0.11388888888888889
0 0.70703125 0.049305555555555554 0.02734375 0.09861111111111111
0 0.88359375 0.08680555555555555 0.0234375 0.10833333333333334
0 0.428125 0.10416666666666667 0.0234375 0.11527777777777778
0 0.459765625 0.10902777777777778 0.03046875 0.12361111111111112
0 0.31796875 0.43680555555555556 0.05703125 0.16666666666666666
0 0.509765625 0.05347222222222222 0.0234375 0.10416666666666667
0 0.316015625 0.32708333333333334 0.0390625 0.1
0 0.191796875 0.5138888888888888 0.03203125 0.14444444444444443
0 0.009375 0.5430555555555555 0.01875 0.14583333333333334
0 0.866015625 0.09722222222222222 0.025 0.10555555555555556
0 0.953515625 0.01597222222222222 0.025 0.03194444444444444
0 0.666015625 0.05277777777777778 0.0234375 0.09444444444444444
0 0.05703125 0.08055555555555556 0.01875 0.058333333333333334
0 0.2265625 0.4597222222222222 0.025 0.05416666666666667
0 0.21953125 0.5340277777777778 0.04375 0.15138888888888888
0 0.262109375 0.013888888888888888 0.01796875 0.027777777777777776
0 0.0609375 0.15416666666666667 0.03203125 0.1375
0 0.251953125 0.5236111111111111 0.0421875 0.13055555555555556
0 0.671484375 0.03888888888888889 0.02265625 0.07777777777777778
0 0.995703125 0.013888888888888888 0.00859375 0.027777777777777776
0 0.01015625 0.00625 0.01953125 0.0125
0 0.651953125 0.04652777777777778 0.01875 0.05