0 0.63125 0.5256944444444445 0.0375 0.12916666666666668
0 0.569140625 0.23472222222222222 0.03046875 0.12361111111111112
0 0.5015625 0.05694444444444444 0.0296875 0.10833333333333334
0 0.506640625 0.7840277777777778 0.0453125 0.1638888888888889
0 0.2953125 0.9159722222222222 0.05234375 0.1625
0 0.48671875 0.3145833333333333 0.02890625 0.13472222222222222
0 0.933984375 0.37222222222222223 0.04609375 0.14444444444444443
0 0.532421875 0.05694444444444444 0.021875 0.09861111111111111
0 0.3703125 0.08819444444444445 0.02578125 0.12361111111111112
0 0.073828125 0.7638888888888888 0.05390625 0.16527777777777777
0 0.45859375 0.03680555555555556 0.02578125 0.07361111111111111
0 0.801953125 0.15555555555555556 0.03125 0.12638888888888888
0 0.53203125 0.6229166666666667 0.046875 0.16805555555555557
0 0.663671875 0.34791666666666665 0.03359375 0.1388888888888889
0 0.387109375 0.04861111111111111 0.02265625 0.09305555555555556
0 0.422265625 0.9034722222222222 0.04921875 0.1875
0 0.4375 0.03888888888888889 0.02578125 0.07777777777777778
0 0.379296875 0.44583333333333336 0.05 0.19027777777777777
0 0.30703125 0.06666666666666667 0.02578125 0.09166666666666666
0 0.274609375 0.7319444444444444 0.04296875 0.15138888888888888
0 0.644140625 0.030555555555555555 0.021875 0.06111111111111111
0 0.0390625 0.1701388888888889 0.03046875 0.12222222222222222
0 0.640234375 0.09861111111111111 0.028125 0.11805555555555555
0 0.887890625 0.019444444444444445 0.0375 0.03888888888888889
0 0.98125 0.22291666666666668 0.03515625 0.13055555555555556
0 0.548046875 0.3416666666666667 0.0234375 0.12777777777777777
0 0.730859375 0.08333333333333333 0.0234375 0.125
0 0.98671875 0.7090277777777778 0.0265625 0.17777777777777778
0 0.48203125 0.021527777777777778 0.02109375 0.043055555555555555
0 0.954296875 0.22013888888888888 0.0265625 0.11527777777777778
0 0.120703125 0.13194444444444445 0.0359375 0.12361111111111112
0 0.2296875 0.4465277777777778 0.02109375 0.059722222222222225
0 0.991796875 0.025 0.01640625 0.05
0 0.218359375 0.5229166666666667 0.04296875 0.15416666666666667
0 0.61171875 0.03263888888888889 0.02578125 0.06527777777777778
0 0.25 0.5111111111111111 0.0390625 0.1361111111111111
0 0.18828125 0.5020833333333333 0.0328125 0.1361111111111111