0 0.61796875 0.17708333333333334 0.03828125 0.10833333333333334
0 0.130859375 0.4847222222222222 0.065625 0.1875
0 0.98203125 0.42083333333333334 0.0359375 0.1361111111111111
0 0.80390625 0.5902777777777778 0.059375 0.1625
0 0.793359375 0.7569444444444444 0.06328125 0.18333333333333332
0 0.559765625 0.7930555555555555 0.0625 0.1875
0 0.92421875 0.7333333333333333 0.06015625 0.17916666666666667
0 0.519921875 0.2902777777777778 0.04453125 0.14027777777777778
0 0.649609375 0.8 0.05390625 0.15694444444444444
0 0.41484375 0.16527777777777777 0.0421875 0.13472222222222222
0 0.1015625 0.04513888888888889 0.04375 0.09027777777777778
0 0.562890625 0.22361111111111112 0.04765625 0.14722222222222223
0 0.9359375 0.41875 0.0546875 0.15
0 0.6625 0.18055555555555555 0.05 0.12777777777777777
0 0.92890625 0.24722222222222223 0.04453125 0.13472222222222222
0 0.49375 0.10347222222222222 0.03984375 0.13055555555555556
0 0.95078125 0.32916666666666666 0.04453125 0.11666666666666667
0 0.051953125 0.7152777777777778 0.08828125 0.23055555555555557
0 0.45 0.007638888888888889 0.0234375 0.015277777777777777
0 0.533984375 0.06527777777777778 0.04375 0.12916666666666668
0 0.618359375 0.4736111111111111 0.05 0.1486111111111111
0 0.8984375 0.20277777777777778 0.0375 0.11388888888888889
0 0.369140625 0.4777777777777778 0.05703125 0.18611111111111112
0 0.33515625 0.31666666666666665 0.0625 0.1625
0 0.421484375 0.35208333333333336 0.04765625 0.1527777777777778
0 0.769921875 0.17916666666666667 0.0359375 0.14166666666666666
0 0.9921875 0.18194444444444444 0.015625 0.04722222222222222
0 0.469921875 0.09166666666666666 0.0375 0.12361111111111112
0 0.730078125 0.11527777777777778 0.03203125 0.09444444444444444
0 0.52265625 0.9868055555555556 0.046875 0.02638888888888889
0 0.3421875 0.2125 0.0484375 0.10277777777777777
0 0.883984375 0.2013888888888889 0.03515625 0.11388888888888889
0 0.21953125 0.44166666666666665 0.059375 0.16666666666666666
0 0.23515625 0.36944444444444446 0.0265625 0.05416666666666667
0 0.76875 0.13472222222222222 0.03828125 0.10555555555555556
0 0.193359375 0.4131944444444444 0.05234375 0.15416666666666667
0 0.70703125 0.13958333333333334 0.02578125 0.07222222222222222
0 0.253515625 0.44027777777777777 0.05234375 0.14444444444444443
0 0.53828125 0.09375 0.034375 0.10833333333333334