0 0.670703125 0.13333333333333333 0.02578125 0.11388888888888889
0 0.965234375 0.5916666666666667 0.05 0.16944444444444445
0 0.40390625 0.55 0.03828125 0.1486111111111111
0 0.5015625 0.5569444444444445 0.03828125 0.15
0 0.498828125 0.16666666666666666 0.034375 0.11805555555555555
0 0.886328125 0.12361111111111112 0.040625 0.11527777777777778
0 0.676171875 0.9041666666666667 0.04765625 0.15138888888888888
0 0.815234375 0.7791666666666667 0.046875 0.175
0 0.778125 0.9506944444444444 0.0515625 0.09861111111111111
0 0.97890625 0.14791666666666667 0.04140625 0.11388888888888889
0 0.56015625 0.08402777777777778 0.02578125 0.10972222222222222
0 0.964453125 0.08402777777777778 0.03125 0.11805555555555555
0 0.7328125 0.08125 0.02734375 0.125
0 0.531640625 0.16666666666666666 0.02890625 0.10833333333333334
0 0.594140625 0.7569444444444444 0.05078125 0.18888888888888888
0 0.93046875 0.08819444444444445 0.03671875 0.11666666666666667
0 0.674609375 0.024305555555555556 0.0234375 0.04861111111111111
0 0.03828125 0.1701388888888889 0.0359375 0.11388888888888889
0 0.021875 0.6236111111111111 0.04375 0.18333333333333332
0 0.105078125 0.25277777777777777 0.04453125 0.1388888888888889
0 0.644140625 0.034027777777777775 0.0203125 0.06805555555555555
0 0.610546875 0.03611111111111111 0.0234375 0.07222222222222222
0 0.387109375 0.23472222222222222 0.034375 0.14444444444444443
0 0.55078125 0.9659722222222222 0.06171875 0.06805555555555555
0 0.75234375 0.03611111111111111 0.028125 0.07222222222222222
0 0.44375 0.06388888888888888 0.015625 0.09444444444444444
0 0.987109375 0.2111111111111111 0.02578125 0.11666666666666667
0 0.512890625 0.059027777777777776 0.03359375 0.11805555555555555
0 0.592578125 0.04097222222222222 0.01875 0.06666666666666667
0 0.553125 0.1673611111111111 0.0203125 0.10833333333333334
0 0.21796875 0.5208333333333334 0.0421875 0.15138888888888888
0 0.25 0.5076388888888889 0.03125 0.12361111111111112
0 0.18984375 0.49236111111111114 0.0359375 0.14722222222222223
0 0.01171875 0.3576388888888889 0.02265625 0.1125
0 0.520703125 0.02013888888888889 0.01796875 0.04027777777777778
0 0.994921875 0.34097222222222223 0.01015625 0.09444444444444444
0 0.180859375 0.010416666666666666 0.03515625 0.020833333333333332
0 0.2265625 0.4576388888888889 0.02109375 0.05416666666666667
0 0.94609375 0.005555555555555556 0.02109375 0.011111111111111112