0 0.668359375 0.2743055555555556 0.0390625 0.1361111111111111
0 0.584375 0.18333333333333332 0.034375 0.12083333333333333
0 0.50390625 0.9222222222222223 0.053125 0.15555555555555556
0 0.394921875 0.7458333333333333 0.0484375 0.1597222222222222
0 0.515234375 0.09097222222222222 0.034375 0.11805555555555555
0 0.053125 0.11597222222222223 0.03984375 0.1111111111111111
0 0.1015625 0.8541666666666666 0.0625 0.2013888888888889
0 0.948828125 0.49583333333333335 0.0515625 0.15833333333333333
0 0.799609375 0.1375 0.03125 0.11666666666666667
0 0.545703125 0.09861111111111111 0.0265625 0.1
0 0.49609375 0.3909722222222222 0.03984375 0.15555555555555556
0 0.2484375 0.8159722222222222 0.053125 0.1625
0 0.53515625 0.7555555555555555 0.0609375 0.2013888888888889
0 0.645703125 0.6555555555555556 0.0421875 0.14305555555555555
0 0.477734375 0.02361111111111111 0.02265625 0.04722222222222222
0 0.51171875 0.02638888888888889 0.0265625 0.05277777777777778
0 0.452734375 0.020833333333333332 0.02421875 0.041666666666666664
0 0.745703125 0.10902777777777778 0.02578125 0.12083333333333333
0 0.3875 0.33541666666666664 0.05546875 0.18055555555555555
0 0.13359375 0.12013888888888889 0.0421875 0.12777777777777777
0 0.6640625 0.052083333333333336 0.0265625 0.06805555555555555
0 0.740625 0.9888888888888889 0.0546875 0.022222222222222223
0 0.628515625 0.05138888888888889 0.03046875 0.0763888888888889
0 0.557421875 0.27708333333333335 0.02734375 0.12777777777777777
0 0.410546875 0.01597222222222222 0.01953125 0.03194444444444444
0 0.387890625 0.03888888888888889 0.03203125 0.07777777777777778
0 0.678125 0.08541666666666667 0.03046875 0.10833333333333334
0 0.218359375 0.4861111111111111 0.04921875 0.15555555555555556
0 0.236328125 0.4173611111111111 0.02734375 0.07222222222222222
0 0.965234375 0.07361111111111111 0.0375 0.0375
0 0.98515625 0.27152777777777776 0.0296875 0.22916666666666666
0 0.25078125 0.48333333333333334 0.0421875 0.13055555555555556
0 0.371484375 0.05 0.02265625 0.1
0 0.1890625 0.4666666666666667 0.03828125 0.14444444444444443
0 0.978125 0.31875 0.03359375 0.1125