0 0.6359375 0.53125 0.034375 0.12361111111111112
0 0.50078125 0.058333333333333334 0.03046875 0.10972222222222222
0 0.5703125 0.23194444444444445 0.0296875 0.125
0 0.511328125 0.7930555555555555 0.04609375 0.1625
0 0.29296875 0.9208333333333333 0.05390625 0.1527777777777778
0 0.4875 0.3194444444444444 0.03125 0.1388888888888889
0 0.370703125 0.08194444444444444 0.02578125 0.11527777777777778
0 0.532421875 0.058333333333333334 0.02265625 0.1
0 0.5328125 0.6305555555555555 0.046875 0.1736111111111111
0 0.6625 0.34305555555555556 0.0328125 0.1388888888888889
0 0.93359375 0.3736111111111111 0.04609375 0.1486111111111111
0 0.420703125 0.9020833333333333 0.046875 0.18333333333333332
0 0.075390625 0.76875 0.0515625 0.1597222222222222
0 0.437109375 0.03888888888888889 0.02578125 0.07777777777777778
0 0.387109375 0.04722222222222222 0.02421875 0.09166666666666666
0 0.8046875 0.15625 0.03203125 0.12777777777777777
0 0.458203125 0.03680555555555556 0.02421875 0.07361111111111111
0 0.642578125 0.09583333333333334 0.02890625 0.11666666666666667
0 0.2765625 0.7319444444444444 0.04296875 0.15833333333333333
0 0.378515625 0.4409722222222222 0.05 0.1763888888888889
0 0.730078125 0.08402777777777778 0.021875 0.12083333333333333
0 0.644140625 0.030555555555555555 0.021875 0.06111111111111111
0 0.48359375 0.020833333333333332 0.02578125 0.041666666666666664
0 0.891015625 0.019444444444444445 0.03359375 0.03888888888888889
0 0.548046875 0.3458333333333333 0.02109375 0.125
0 0.0125 0.022222222222222223 0.025 0.044444444444444446
0 0.0390625 0.17222222222222222 0.03203125 0.11944444444444445
0 0.98125 0.22430555555555556 0.0375 0.13194444444444445
0 0.954296875 0.22361111111111112 0.028125 0.11527777777777778
0 0.12421875 0.1388888888888889 0.04453125 0.13055555555555556
0 0.991796875 0.025 0.01640625 0.05
0 0.230078125 0.4465277777777778 0.021875 0.059722222222222225
0 0.987890625 0.7180555555555556 0.02421875 0.16805555555555557
0 0.218359375 0.5229166666666667 0.0421875 0.1527777777777778
0 0.30859375 0.06597222222222222 0.01640625 0.09444444444444444
0 0.608984375 0.034027777777777775 0.025 0.06805555555555555
0 0.250390625 0.5118055555555555 0.0390625 0.1361111111111111
0 0.192578125 0.5006944444444444 0.03671875 0.14027777777777778
0 0.59453125 0.05 0.02265625 0.058333333333333334