0 0.447265625 0.38958333333333334 0.07265625 0.14305555555555555
0 0.593359375 0.5111111111111111 0.0875 0.17222222222222222
0 0.9015625 0.3576388888888889 0.10390625 0.20277777777777778
0 0.46796875 0.15555555555555556 0.0546875 0.10694444444444444
0 0.54765625 0.24166666666666667 0.06953125 0.1361111111111111
0 0.8359375 0.2326388888888889 0.090625 0.1736111111111111
0 0.65078125 0.7173611111111111 0.08203125 0.16527777777777777
0 0.7625 0.7090277777777778 0.08125 0.14444444444444443
0 0.453515625 0.2833333333333333 0.07890625 0.15555555555555556
0 0.80234375 0.0625 0.0859375 0.125
0 0.28125 0.3229166666666667 0.06015625 0.12083333333333333
0 0.362109375 0.5486111111111112 0.084375 0.16805555555555557
0 0.346875 0.4388888888888889 0.06796875 0.1361111111111111
0 0.689453125 0.6416666666666667 0.08828125 0.1736111111111111
0 0.55625 0.9784722222222222 0.0671875 0.043055555555555555
0 0.301953125 0.5722222222222222 0.06015625 0.11527777777777778
0 0.3375 0.6555555555555556 0.10625 0.20277777777777778
0 0.444140625 0.04861111111111111 0.05703125 0.09722222222222222
0 0.355859375 0.12708333333333333 0.04765625 0.09444444444444444
0 0.33515625 0.22847222222222222 0.065625 0.13055555555555556
0 0.02734375 0.6375 0.0546875 0.11388888888888889
0 0.052734375 0.5145833333333333 0.05390625 0.09444444444444444
0 0.128125 0.39791666666666664 0.03828125 0.06527777777777778
0 0.30859375 0.25972222222222224 0.05859375 0.11805555555555555
0 0.3515625 0.19583333333333333 0.06484375 0.13194444444444445
0 0.4515625 0.0375 0.0609375 0.075
0 0.0328125 0.7048611111111112 0.065625 0.13472222222222222
0 0.258203125 0.8402777777777778 0.07578125 0.15138888888888888
0 0.3921875 0.0375 0.034375 0.05555555555555555
0 0.287109375 0.8263888888888888 0.084375 0.16527777777777777
0 0.26875 0.7611111111111111 0.03671875 0.06944444444444445
0 0.315234375 0.7895833333333333 0.08671875 0.16666666666666666
0 0.150390625 0.3548611111111111 0.025 0.04027777777777778
0 0.383984375 0.05 0.0265625 0.04722222222222222
0 0.441015625 0.011111111111111112 0.03671875 0.022222222222222223