0 0.568359375 0.5034722222222222 0.03828125 0.15555555555555556
0 0.491015625 0.4388888888888889 0.0359375 0.1388888888888889
0 0.911328125 0.8368055555555556 0.05625 0.18888888888888888
0 0.59453125 0.2534722222222222 0.0265625 0.10833333333333334
0 0.07421875 0.9208333333333333 0.059375 0.15555555555555556
0 0.934765625 0.3368055555555556 0.04296875 0.14583333333333334
0 0.522265625 0.3402777777777778 0.0390625 0.14583333333333334
0 0.36796875 0.8618055555555556 0.0625 0.23055555555555557
0 0.04296875 0.6277777777777778 0.0515625 0.17083333333333334
0 0.729296875 0.09305555555555556 0.0203125 0.125
0 0.858984375 0.3819444444444444 0.0421875 0.1527777777777778
0 0.6453125 0.7826388888888889 0.05234375 0.20555555555555555
0 0.38046875 0.07430555555555556 0.0234375 0.1111111111111111
0 0.601953125 0.04513888888888889 0.0328125 0.0875
0 0.98203125 0.4375 0.0359375 0.14722222222222223
0 0.910546875 0.9465277777777777 0.06171875 0.10694444444444444
0 0.541015625 0.6986111111111111 0.0359375 0.15833333333333333
0 0.6234375 0.26944444444444443 0.03046875 0.11944444444444445
0 0.310546875 0.5402777777777777 0.04375 0.14583333333333334
0 0.543359375 0.9298611111111111 0.04609375 0.14027777777777778
0 0.387890625 0.21180555555555555 0.02890625 0.11944444444444445
0 0.489453125 0.13055555555555556 0.025 0.125
0 0.98984375 0.25972222222222224 0.0203125 0.11666666666666667
0 0.130078125 0.04583333333333333 0.02890625 0.08888888888888889
0 0.123828125 0.9722222222222222 0.05234375 0.05555555555555555
0 0.52890625 0.027777777777777776 0.02265625 0.05555555555555555
0 0.312109375 0.42291666666666666 0.03671875 0.12638888888888888
0 0.053515625 0.1597222222222222 0.03203125 0.11944444444444445
0 0.22421875 0.45694444444444443 0.02578125 0.06111111111111111
0 0.3734375 0.30625 0.0328125 0.14583333333333334
0 0.90625 0.16041666666666668 0.0390625 0.2013888888888889
0 0.45703125 0.10694444444444444 0.02734375 0.12083333333333333
0 0.42890625 0.10069444444444445 0.0265625 0.11944444444444445
0 0.683984375 0.06041666666666667 0.02578125 0.07083333333333333
0 0.890234375 0.12083333333333333 0.02734375 0.1111111111111111
0 0.21875 0.5298611111111111 0.04296875 0.15
0 0.190234375 0.5125 0.034375 0.14166666666666666
0 0.98671875 0.014583333333333334 0.02421875 0.029166666666666667
0 0.64921875 0.034722222222222224 0.02578125 0.06944444444444445
0 0.946484375 0.011111111111111112 0.02109375 0.022222222222222223
0 0.6890625 0.022916666666666665 0.02265625 0.04583333333333333
0 0.129296875 0.09583333333333334 0.0265625 0.08472222222222223
0 0.00546875 0.8902777777777777 0.0109375 0.11805555555555555
0 0.249609375 0.5229166666666667 0.03203125 0.12916666666666668
0 0.65546875 0.059027777777777776 0.0171875 0.05694444444444444
0 0.5546875 0.98125 0.03125 0.0375
0 0.629296875 0.03680555555555556 0.0203125 0.06805555555555555