0 0.860546875 0.4909722222222222 0.0625 0.14166666666666666
0 0.62109375 0.3590277777777778 0.06171875 0.1388888888888889
0 0.041015625 0.27361111111111114 0.08125 0.16944444444444445
0 0.619921875 0.5645833333333333 0.0625 0.1375
0 0.6703125 0.5604166666666667 0.06875 0.15555555555555556
0 0.483203125 0.06111111111111111 0.05703125 0.12222222222222222
0 0.065234375 0.5875 0.08046875 0.15138888888888888
0 0.230078125 0.6305555555555555 0.090625 0.19722222222222222
0 0.621484375 0.1 0.04921875 0.10138888888888889
0 0.547265625 0.2916666666666667 0.06015625 0.14027777777777778
0 0.3078125 0.8430555555555556 0.06484375 0.10833333333333334
0 0.921875 0.7048611111111112 0.07578125 0.1625
0 0.898046875 0.9493055555555555 0.07734375 0.10138888888888889
0 0.26953125 0.45208333333333334 0.075 0.1638888888888889
0 0.3875 0.4013888888888889 0.08828125 0.19444444444444445
0 0.583984375 0.07222222222222222 0.05 0.11388888888888889
0 0.501171875 0.5729166666666666 0.08515625 0.19166666666666668
0 0.709765625 0.2777777777777778 0.0515625 0.11527777777777778
0 0.513671875 0.03958333333333333 0.05234375 0.07916666666666666
0 0.98359375 0.6277777777777778 0.0328125 0.13055555555555556
0 0.65078125 0.125 0.0390625 0.09027777777777778
0 0.973046875 0.6020833333333333 0.05390625 0.12361111111111112
0 0.565234375 0.05416666666666667 0.04765625 0.10833333333333334
0 0.44921875 0.68125 0.08203125 0.18472222222222223
0 0.814453125 0.32430555555555557 0.05390625 0.13194444444444445
0 0.93046875 0.3625 0.034375 0.05694444444444444
0 0.57109375 0.4576388888888889 0.0546875 0.13472222222222222
0 0.7515625 0.2111111111111111 0.0390625 0.08055555555555556
0 0.246875 0.28194444444444444 0.078125 0.17083333333333334
0 0.26953125 0.22569444444444445 0.03984375 0.07777777777777778
0 0.73046875 0.18541666666666667 0.0359375 0.07222222222222222
0 0.22578125 0.24166666666666667 0.06953125 0.1597222222222222
0 0.2765625 0.3013888888888889 0.06796875 0.1486111111111111
0 0.71171875 0.18263888888888888 0.0375 0.07777777777777778