0 0.57109375 0.16805555555555557 0.0296875 0.11805555555555555
0 0.784765625 0.09583333333333334 0.0265625 0.11805555555555555
0 0.658984375 0.2513888888888889 0.03203125 0.13333333333333333
0 0.49921875 0.09236111111111112 0.0296875 0.11388888888888889
0 0.521484375 0.9284722222222223 0.05078125 0.1361111111111111
0 0.403515625 0.7458333333333333 0.04140625 0.1597222222222222
0 0.038671875 0.17222222222222222 0.03515625 0.10694444444444444
0 0.653515625 0.6451388888888889 0.03671875 0.1361111111111111
0 0.49140625 0.3958333333333333 0.03515625 0.14027777777777778
0 0.121484375 0.9041666666666667 0.05703125 0.19166666666666668
0 0.25625 0.8576388888888888 0.04765625 0.14722222222222223
0 0.944140625 0.4375 0.04453125 0.14166666666666666
0 0.5296875 0.09583333333333334 0.02265625 0.09861111111111111
0 0.49609375 0.027083333333333334 0.02578125 0.05416666666666667
0 0.546484375 0.7597222222222222 0.053125 0.20277777777777778
0 0.377734375 0.3423611111111111 0.04296875 0.1597222222222222
0 0.45859375 0.022916666666666665 0.01953125 0.04583333333333333
0 0.730078125 0.07916666666666666 0.02109375 0.12083333333333333
0 0.1203125 0.1673611111111111 0.0390625 0.12777777777777777
0 0.548046875 0.26180555555555557 0.021875 0.11944444444444445
0 0.43515625 0.022222222222222223 0.0203125 0.044444444444444446
0 0.646484375 0.03194444444444444 0.02421875 0.06388888888888888
0 0.754296875 0.9652777777777778 0.05234375 0.06944444444444445
0 0.6625 0.0625 0.0265625 0.10416666666666667
0 0.21875 0.5201388888888889 0.04296875 0.15
0 0.3921875 0.02013888888888889 0.01796875 0.04027777777777778
0 0.611328125 0.03680555555555556 0.02734375 0.07361111111111111
0 0.073828125 0.016666666666666666 0.02578125 0.03333333333333333
0 0.368359375 0.04861111111111111 0.02890625 0.09722222222222222
0 0.978125 0.17430555555555555 0.04375 0.15416666666666667
0 0.234375 0.45 0.025 0.06944444444444445
0 0.989453125 0.2638888888888889 0.02109375 0.13055555555555556
0 0.25 0.5138888888888888 0.0375 0.125
0 0.951953125 0.016666666666666666 0.03203125 0.03333333333333333
0 0.188671875 0.5048611111111111 0.03203125 0.1388888888888889
0 0.362890625 0.059027777777777776 0.03046875 0.11527777777777778