0 0.567578125 0.42986111111111114 0.03671875 0.14305555555555555
0 0.490234375 0.5069444444444444 0.0390625 0.14722222222222223
0 0.3859375 0.16666666666666666 0.0265625 0.1125
0 0.29765625 0.6138888888888889 0.046875 0.15416666666666667
0 0.5890625 0.027777777777777776 0.025 0.05555555555555555
0 0.296875 0.47430555555555554 0.03359375 0.1125
0 0.941015625 0.3993055555555556 0.04453125 0.15833333333333333
0 0.841796875 0.3194444444444444 0.040625 0.1388888888888889
0 0.603515625 0.30277777777777776 0.02734375 0.10972222222222222
0 0.078515625 0.71875 0.0546875 0.18333333333333332
0 0.516796875 0.38819444444444445 0.03984375 0.15416666666666667
0 0.49140625 0.17152777777777778 0.02578125 0.12777777777777777
0 0.657421875 0.6520833333333333 0.04453125 0.17777777777777778
0 0.428125 0.08958333333333333 0.0234375 0.12083333333333333
0 0.730078125 0.09097222222222222 0.01953125 0.125
0 0.378125 0.04583333333333333 0.02265625 0.0875
0 0.54453125 0.6020833333333333 0.03125 0.15138888888888888
0 0.050390625 0.15902777777777777 0.02890625 0.12222222222222222
0 0.3765625 0.7298611111111111 0.0515625 0.18888888888888888
0 0.17421875 0.08055555555555556 0.0296875 0.09583333333333334
0 0.125390625 0.05763888888888889 0.03046875 0.11527777777777778
0 0.373046875 0.24375 0.02890625 0.13333333333333333
0 0.45703125 0.09513888888888888 0.0296875 0.12083333333333333
0 0.672265625 0.04583333333333333 0.02421875 0.08888888888888889
0 0.965234375 0.9548611111111112 0.06015625 0.0875
0 0.909375 0.22708333333333333 0.0359375 0.13055555555555556
0 0.61640625 0.21944444444444444 0.03359375 0.10694444444444444
0 0.610546875 0.025694444444444443 0.02265625 0.05138888888888889
0 0.189453125 0.5097222222222222 0.03359375 0.14027777777777778
0 0.701953125 0.016666666666666666 0.02890625 0.03333333333333333
0 0.249609375 0.5166666666666667 0.03125 0.13194444444444445
0 0.2203125 0.5277777777777778 0.03984375 0.1486111111111111
0 0.99140625 0.2965277777777778 0.0171875 0.12638888888888888
0 0.6359375 0.043055555555555555 0.028125 0.08611111111111111
0 0.541796875 0.016666666666666666 0.015625 0.03333333333333333
0 0.22265625 0.45902777777777776 0.02734375 0.058333333333333334
0 0.945703125 0.010416666666666666 0.01796875 0.019444444444444445
0 0.9265625 0.13680555555555557 0.02734375 0.10833333333333334
0 0.500390625 0.015277777777777777 0.01953125 0.030555555555555555
0 0.99375 0.021527777777777778 0.0125 0.043055555555555555
0 0.987890625 0.9541666666666667 0.02421875 0.09166666666666666
0 0.520703125 0.014583333333333334 0.01484375 0.029166666666666667