0 0.660546875 0.3145833333333333 0.03515625 0.1388888888888889
0 0.498828125 0.06458333333333334 0.02890625 0.10416666666666667
0 0.2921875 0.94375 0.05703125 0.1125
0 0.516015625 0.84375 0.0484375 0.18333333333333332
0 0.41484375 0.8569444444444444 0.046875 0.175
0 0.570703125 0.21805555555555556 0.03046875 0.125
0 0.936328125 0.3840277777777778 0.0453125 0.14027777777777778
0 0.0890625 0.8041666666666667 0.05234375 0.18611111111111112
0 0.796484375 0.14027777777777778 0.03125 0.12638888888888888
0 0.536328125 0.6611111111111111 0.04765625 0.18472222222222223
0 0.371484375 0.07222222222222222 0.02734375 0.11805555555555555
0 0.484765625 0.34305555555555556 0.03359375 0.14444444444444443
0 0.642578125 0.5652777777777778 0.034375 0.12916666666666668
0 0.269921875 0.7729166666666667 0.04375 0.15555555555555556
0 0.646484375 0.08958333333333333 0.0296875 0.12222222222222222
0 0.53203125 0.06805555555555555 0.02109375 0.09583333333333334
0 0.373828125 0.41875 0.05 0.175
0 0.43671875 0.03611111111111111 0.0265625 0.07222222222222222
0 0.548828125 0.3159722222222222 0.0234375 0.12083333333333333
0 0.730078125 0.08333333333333333 0.0203125 0.12083333333333333
0 0.983984375 0.23055555555555557 0.03203125 0.12361111111111112
0 0.388671875 0.035416666666666666 0.0265625 0.07083333333333333
0 0.958984375 0.23125 0.03359375 0.1125
0 0.3265625 0.06736111111111111 0.0296875 0.09444444444444444
0 0.12265625 0.14791666666666667 0.0390625 0.12916666666666668
0 0.028125 0.02013888888888889 0.0328125 0.04027777777777778
0 0.457421875 0.035416666666666666 0.025 0.07083333333333333
0 0.037109375 0.1736111111111111 0.03125 0.1111111111111111
0 0.64375 0.02638888888888889 0.02265625 0.05277777777777778
0 0.911328125 0.01875 0.0359375 0.0375
0 0.486328125 0.020833333333333332 0.02265625 0.041666666666666664
0 0.218359375 0.5236111111111111 0.04453125 0.15
0 0.60625 0.035416666666666666 0.025 0.07083333333333333
0 0.231640625 0.44583333333333336 0.0234375 0.058333333333333334
0 0.2515625 0.5118055555555555 0.0390625 0.1361111111111111
0 0.188671875 0.5034722222222222 0.0328125 0.1361111111111111
0 0.991796875 0.7513888888888889 0.01640625 0.14722222222222223
0 0.592578125 0.050694444444444445 0.01953125 0.05277777777777778
0 0.994140625 0.027083333333333334 0.01171875 0.05416666666666667