0 0.498828125 0.2652777777777778 0.065625 0.14027777777777778
0 0.348046875 0.7958333333333333 0.078125 0.1625
0 0.632421875 0.30416666666666664 0.0765625 0.16666666666666666
0 0.921875 0.11180555555555556 0.09296875 0.19166666666666668
0 0.281640625 0.24583333333333332 0.0546875 0.11805555555555555
0 0.548046875 0.6319444444444444 0.08515625 0.18194444444444444
0 0.5828125 0.32013888888888886 0.0578125 0.125
0 0.2859375 0.3138888888888889 0.06015625 0.13055555555555556
0 0.416015625 0.29791666666666666 0.0625 0.1361111111111111
0 0.4125 0.9145833333333333 0.0921875 0.17083333333333334
0 0.503125 0.08541666666666667 0.05625 0.11944444444444445
0 0.3671875 0.10208333333333333 0.046875 0.09166666666666666
0 0.413671875 0.6576388888888889 0.09765625 0.20972222222222223
0 0.526171875 0.4 0.059375 0.13472222222222222
0 0.517578125 0.5048611111111111 0.08671875 0.18333333333333332
0 0.336328125 0.15763888888888888 0.0546875 0.11805555555555555
0 0.31953125 0.17847222222222223 0.05390625 0.11944444444444445
0 0.022265625 0.6236111111111111 0.04453125 0.12222222222222222
0 0.1703125 0.3458333333333333 0.04765625 0.10138888888888889
0 0.395703125 0.06944444444444445 0.0421875 0.08333333333333333
0 0.059765625 0.5 0.0734375 0.15138888888888888
0 0.265625 0.775 0.0796875 0.16944444444444445
0 0.249609375 0.7069444444444445 0.03984375 0.07777777777777778
0 0.4703125 0.0125 0.040625 0.025
0 0.234375 0.7854166666666667 0.07265625 0.15694444444444444
0 0.28984375 0.7368055555555556 0.071875 0.1527777777777778