0 0.5015625 0.14722222222222223 0.03203125 0.11805555555555555
0 0.67421875 0.8409722222222222 0.04375 0.14027777777777778
0 0.665234375 0.15416666666666667 0.03046875 0.11944444444444445
0 0.561328125 0.10416666666666667 0.028125 0.11666666666666667
0 0.906640625 0.13333333333333333 0.03984375 0.12222222222222222
0 0.9734375 0.09583333333333334 0.0359375 0.1125
0 0.95859375 0.5520833333333334 0.05078125 0.16111111111111112
0 0.806640625 0.8402777777777778 0.04921875 0.18333333333333332
0 0.109765625 0.2361111111111111 0.0484375 0.14166666666666666
0 0.387890625 0.2548611111111111 0.03984375 0.14305555555555555
0 0.676953125 0.029166666666666667 0.025 0.058333333333333334
0 0.5 0.5180555555555556 0.03359375 0.15416666666666667
0 0.731640625 0.08194444444444444 0.02109375 0.12361111111111112
0 0.986328125 0.17083333333333334 0.02734375 0.12777777777777777
0 0.037890625 0.16875 0.034375 0.11527777777777778
0 0.75859375 0.04513888888888889 0.02578125 0.0875
0 0.403125 0.5888888888888889 0.03984375 0.15833333333333333
0 0.63046875 0.8027777777777778 0.04375 0.19305555555555556
0 0.93984375 0.10069444444444445 0.03203125 0.12222222222222222
0 0.532421875 0.15138888888888888 0.025 0.10277777777777777
0 0.551171875 0.9270833333333334 0.0640625 0.14583333333333334
0 0.5078125 0.04861111111111111 0.03046875 0.09722222222222222
0 0.64453125 0.03333333333333333 0.0203125 0.06666666666666667
0 0.55078125 0.18472222222222223 0.0234375 0.10972222222222222
0 0.61015625 0.035416666666666666 0.0234375 0.07083333333333333
0 0.43203125 0.06527777777777778 0.01484375 0.09305555555555556
0 0.778125 0.98125 0.0515625 0.0375
0 0.9890625 0.3173611111111111 0.021875 0.12222222222222222
0 0.592578125 0.04583333333333333 0.01875 0.06666666666666667
0 0.01015625 0.3284722222222222 0.01953125 0.13055555555555556
0 0.37421875 0.011805555555555555 0.02421875 0.02361111111111111
0 0.25 0.5125 0.03515625 0.12777777777777777
0 0.21796875 0.5180555555555556 0.04296875 0.1597222222222222
0 0.189453125 0.49930555555555556 0.0375 0.1486111111111111
0 0.01796875 0.6159722222222223 0.03515625 0.14444444444444443
0 0.228125 0.4513888888888889 0.01953125 0.05416666666666667
0 0.521875 0.0125 0.01640625 0.025
0 0.49453125 0.013194444444444444 0.01484375 0.02638888888888889
0 0.58828125 0.041666666666666664 0.01640625 0.06805555555555555
0 0.430078125 0.049305555555555554 0.01171875 0.06666666666666667
0 0.5265625 0.0125 0.0171875 0.025