0 0.465625 0.14097222222222222 0.05625 0.11388888888888889
0 0.69296875 0.5833333333333334 0.0828125 0.16805555555555557
0 0.296484375 0.3423611111111111 0.059375 0.12361111111111112
0 0.440625 0.3638888888888889 0.07109375 0.14444444444444443
0 0.623828125 0.5708333333333333 0.09375 0.18888888888888888
0 0.852734375 0.33819444444444446 0.096875 0.19166666666666668
0 0.365625 0.4513888888888889 0.06875 0.14166666666666666
0 0.79921875 0.22083333333333333 0.08671875 0.17083333333333334
0 0.84765625 0.09236111111111112 0.0875 0.1736111111111111
0 0.68671875 0.7861111111111111 0.0828125 0.16527777777777777
0 0.468359375 0.06041666666666667 0.06796875 0.12083333333333333
0 0.246875 0.9680555555555556 0.1 0.06388888888888888
0 0.560546875 0.27847222222222223 0.0640625 0.12916666666666668
0 0.447265625 0.2569444444444444 0.08046875 0.16111111111111112
0 0.01015625 0.6569444444444444 0.0203125 0.1111111111111111
0 0.49296875 0.010416666666666666 0.0453125 0.020833333333333332
0 0.380078125 0.5951388888888889 0.08515625 0.175
0 0.11015625 0.41597222222222224 0.04921875 0.08888888888888889
0 0.1359375 0.36875 0.0359375 0.0625
0 0.371484375 0.07291666666666667 0.0421875 0.06805555555555555
0 0.3140625 0.25277777777777777 0.05625 0.11805555555555555
0 0.348828125 0.16597222222222222 0.05625 0.11666666666666667
0 0.030859375 0.6819444444444445 0.06171875 0.15
0 0.328125 0.6145833333333334 0.08359375 0.1638888888888889
0 0.3421875 0.22361111111111112 0.0609375 0.12638888888888888
0 0.28828125 0.5340277777777778 0.059375 0.11388888888888889
0 0.365234375 0.13333333333333333 0.05234375 0.10972222222222222
0 0.262890625 0.7506944444444444 0.0390625 0.07361111111111111
0 0.252734375 0.8298611111111112 0.07421875 0.1527777777777778
0 0.4734375 0.05138888888888889 0.0671875 0.10277777777777777
0 0.05703125 0.4708333333333333 0.03203125 0.06111111111111111
0 0.304296875 0.7715277777777778 0.0765625 0.15
0 0.046875 0.48333333333333334 0.03125 0.058333333333333334
0 0.2828125 0.8159722222222222 0.0859375 0.17222222222222222
0 0.26015625 0.19930555555555557 0.0234375 0.0375