0 0.8609375 0.7930555555555555 0.05546875 0.1763888888888889
0 0.933984375 0.2520833333333333 0.0375 0.13194444444444445
0 0.496875 0.3472222222222222 0.03671875 0.12916666666666668
0 0.609375 0.8013888888888889 0.040625 0.16111111111111112
0 0.9078125 0.15416666666666667 0.03359375 0.125
0 0.384765625 0.13333333333333333 0.02890625 0.11944444444444445
0 0.59296875 0.1875 0.02578125 0.10138888888888889
0 0.84765625 0.6368055555555555 0.0453125 0.16111111111111112
0 0.94609375 0.3541666666666667 0.04296875 0.14166666666666666
0 0.105859375 0.8993055555555556 0.059375 0.17222222222222222
0 0.569921875 0.6423611111111112 0.0421875 0.17083333333333334
0 0.63046875 0.9680555555555556 0.0578125 0.06388888888888888
0 0.10703125 0.7159722222222222 0.04921875 0.17222222222222222
0 0.90390625 0.49930555555555556 0.040625 0.16666666666666666
0 0.6265625 0.35347222222222224 0.0328125 0.11944444444444445
0 0.40234375 0.29375 0.0328125 0.13055555555555556
0 0.537890625 0.26805555555555555 0.0390625 0.15138888888888888
0 0.3734375 0.4027777777777778 0.040625 0.1597222222222222
0 0.735546875 0.10069444444444445 0.02578125 0.12638888888888888
0 0.616015625 0.08958333333333333 0.0265625 0.1125
0 0.54765625 0.875 0.03828125 0.17777777777777778
0 0.144140625 0.024305555555555556 0.03203125 0.04861111111111111
0 0.9890625 0.3416666666666667 0.021875 0.1361111111111111
0 0.487890625 0.08194444444444444 0.02734375 0.11527777777777778
0 0.99140625 0.21805555555555556 0.0171875 0.1111111111111111
0 0.23125 0.019444444444444445 0.0234375 0.03888888888888889
0 0.56171875 0.019444444444444445 0.03046875 0.03611111111111111
0 0.63125 0.07152777777777777 0.0265625 0.11527777777777778
0 0.711328125 0.05555555555555555 0.028125 0.1
0 0.8875 0.09861111111111111 0.02421875 0.10972222222222222
0 0.43203125 0.10208333333333333 0.02421875 0.11666666666666667
0 0.463671875 0.1076388888888889 0.03203125 0.125
0 0.31875 0.43125 0.05859375 0.16805555555555557
0 0.5140625 0.05416666666666667 0.02421875 0.10555555555555556
0 0.317578125 0.3215277777777778 0.03984375 0.10138888888888889
0 0.191796875 0.5041666666666667 0.03359375 0.14583333333333334
0 0.009375 0.5270833333333333 0.01875 0.14583333333333334
0 0.869921875 0.10833333333333334 0.02578125 0.10694444444444444
0 0.958203125 0.029861111111111113 0.025 0.03333333333333333
0 0.6703125 0.058333333333333334 0.02421875 0.09583333333333334
0 0.061328125 0.06666666666666667 0.01953125 0.058333333333333334
0 0.226953125 0.4513888888888889 0.02578125 0.05555555555555555
0 0.219140625 0.525 0.0453125 0.1527777777777778
0 0.266796875 0.009722222222222222 0.01796875 0.019444444444444445
0 0.064453125 0.14027777777777778 0.03359375 0.1388888888888889
0 0.251953125 0.5159722222222223 0.04375 0.13194444444444445
0 0.676171875 0.044444444444444446 0.0234375 0.07777777777777778
0 0.998046875 0.029166666666666667 0.00390625 0.027777777777777776
0 0.65625 0.05138888888888889 0.01953125 0.05