0 0.46484375 0.11597222222222223 0.04296875 0.12361111111111112
0 0.627734375 0.15347222222222223 0.04375 0.13333333333333333
0 0.532421875 0.11597222222222223 0.0390625 0.12083333333333333
0 0.8390625 0.8402777777777778 0.06484375 0.1361111111111111
0 0.680078125 0.6743055555555556 0.05546875 0.16527777777777777
0 0.019140625 0.3138888888888889 0.03828125 0.11944444444444445
0 0.298046875 0.9645833333333333 0.06171875 0.07083333333333333
0 0.94140625 0.3451388888888889 0.05859375 0.15694444444444444
0 0.728515625 0.8423611111111111 0.07265625 0.19444444444444445
0 0.421875 0.7006944444444444 0.0578125 0.18055555555555555
0 0.68671875 0.03680555555555556 0.0359375 0.07361111111111111
0 0.493359375 0.10972222222222222 0.0328125 0.10555555555555556
0 0.6265625 0.02013888888888889 0.0328125 0.04027777777777778
0 0.35234375 0.09930555555555555 0.03828125 0.10694444444444444
0 0.491015625 0.4409722222222222 0.0453125 0.1527777777777778
0 0.58046875 0.8118055555555556 0.075 0.21666666666666667
0 0.72578125 0.024305555555555556 0.0390625 0.04861111111111111
0 0.363671875 0.33958333333333335 0.0578125 0.17916666666666667
0 0.454296875 0.0375 0.03515625 0.06944444444444445
0 0.096875 0.31319444444444444 0.0578125 0.1527777777777778
0 0.956640625 0.12916666666666668 0.040625 0.1375
0 0.91953125 0.043055555555555555 0.0609375 0.08611111111111111
0 0.5984375 0.013194444444444444 0.025 0.02638888888888889
0 0.564453125 0.020833333333333332 0.02890625 0.041666666666666664
0 0.522265625 0.21458333333333332 0.03359375 0.11805555555555555
0 0.32734375 0.07222222222222222 0.02578125 0.05694444444444444
0 0.226171875 0.6020833333333333 0.05859375 0.16527777777777777
0 0.574609375 0.9638888888888889 0.06328125 0.058333333333333334
0 0.234765625 0.5284722222222222 0.02890625 0.06388888888888888
0 0.391796875 0.04027777777777778 0.0203125 0.03333333333333333
0 0.4140625 0.034027777777777775 0.0203125 0.034722222222222224
0 0.19453125 0.5944444444444444 0.04609375 0.15138888888888888
0 0.253125 0.5777777777777777 0.04765625 0.14027777777777778
0 0.95078125 0.01875 0.0203125 0.0375
0 0.54765625 0.027777777777777776 0.025 0.05555555555555555
0 0.00703125 0.45416666666666666 0.0140625 0.11944444444444445
0 0.947265625 0.020833333333333332 0.02890625 0.041666666666666664