0 0.59921875 0.32916666666666666 0.05 0.1388888888888889
0 0.6265625 0.5104166666666666 0.0546875 0.14166666666666666
0 0.25859375 0.7069444444444445 0.07578125 0.19722222222222222
0 0.083203125 0.7340277777777777 0.07421875 0.1625
0 0.9453125 0.8159722222222222 0.071875 0.19166666666666668
0 0.030078125 0.43125 0.06015625 0.17916666666666667
0 0.67421875 0.5111111111111111 0.05703125 0.15138888888888888
0 0.573046875 0.059027777777777776 0.04140625 0.09166666666666666
0 0.43203125 0.08680555555555555 0.05 0.1375
0 0.98828125 0.4354166666666667 0.0234375 0.12916666666666668
0 0.9421875 0.5361111111111111 0.06171875 0.16111111111111112
0 0.473828125 0.6722222222222223 0.06640625 0.1736111111111111
0 0.26875 0.5215277777777778 0.0625 0.1597222222222222
0 0.5109375 0.5430555555555555 0.06875 0.18194444444444444
0 0.524609375 0.25972222222222224 0.04765625 0.13333333333333333
0 0.852734375 0.37083333333333335 0.05234375 0.14305555555555555
0 0.562890625 0.44027777777777777 0.04375 0.13333333333333333
0 0.53125 0.05486111111111111 0.040625 0.10972222222222222
0 0.6046875 0.075 0.0328125 0.08611111111111111
0 0.455078125 0.04722222222222222 0.03984375 0.09444444444444444
0 0.510546875 0.052083333333333336 0.03984375 0.10416666666666667
0 0.38046875 0.4548611111111111 0.0734375 0.19305555555555556
0 0.787109375 0.21388888888888888 0.0421875 0.13194444444444445
0 0.8921875 0.19930555555555557 0.040625 0.05416666666666667
0 0.973828125 0.41944444444444445 0.04609375 0.11944444444444445
0 0.675390625 0.21736111111111112 0.0421875 0.11666666666666667
0 0.71328125 0.12569444444444444 0.03359375 0.07916666666666666
0 0.24375 0.3159722222222222 0.034375 0.07361111111111111
0 0.35078125 0.9243055555555556 0.05703125 0.0625
0 0.2265625 0.3798611111111111 0.06328125 0.16666666666666666
0 0.68984375 0.10833333333333334 0.03125 0.06944444444444445
0 0.2015625 0.34930555555555554 0.05625 0.15833333333333333
0 0.671484375 0.10972222222222222 0.0328125 0.07916666666666666
0 0.259375 0.3875 0.05625 0.14722222222222223
0 0.997265625 0.24513888888888888 0.00546875 0.02361111111111111