0 0.6296875 0.5215277777777778 0.0390625 0.12916666666666668
0 0.501953125 0.05625 0.0296875 0.10694444444444444
0 0.56796875 0.23958333333333334 0.03125 0.125
0 0.48671875 0.3111111111111111 0.028125 0.13333333333333333
0 0.42109375 0.9145833333333333 0.04765625 0.16944444444444445
0 0.510546875 0.7875 0.0453125 0.175
0 0.296484375 0.9138888888888889 0.05078125 0.17222222222222222
0 0.276171875 0.7243055555555555 0.04140625 0.1486111111111111
0 0.80859375 0.16111111111111112 0.03515625 0.125
0 0.66484375 0.34930555555555554 0.034375 0.13472222222222222
0 0.371484375 0.09305555555555556 0.02890625 0.12222222222222222
0 0.3875 0.04722222222222222 0.021875 0.09027777777777778
0 0.53125 0.6194444444444445 0.04765625 0.16944444444444445
0 0.933203125 0.3659722222222222 0.04453125 0.14166666666666666
0 0.30390625 0.06597222222222222 0.02890625 0.09444444444444444
0 0.5328125 0.05694444444444444 0.02109375 0.09444444444444444
0 0.45859375 0.041666666666666664 0.025 0.08055555555555556
0 0.379296875 0.44930555555555557 0.04765625 0.18888888888888888
0 0.4375 0.041666666666666664 0.02578125 0.08055555555555556
0 0.644921875 0.03333333333333333 0.02421875 0.06666666666666667
0 0.9796875 0.21944444444444444 0.03515625 0.12361111111111112
0 0.069140625 0.7506944444444444 0.059375 0.175
0 0.884375 0.01875 0.0390625 0.0375
0 0.953125 0.2152777777777778 0.0296875 0.1111111111111111
0 0.039453125 0.1701388888888889 0.03203125 0.11944444444444445
0 0.5484375 0.35208333333333336 0.0234375 0.125
0 0.638671875 0.10555555555555556 0.02734375 0.1111111111111111
0 0.730859375 0.08333333333333333 0.02421875 0.125
0 0.98671875 0.6861111111111111 0.0265625 0.17777777777777778
0 0.121875 0.1326388888888889 0.0375 0.12777777777777777
0 0.22890625 0.4465277777777778 0.021875 0.058333333333333334
0 0.217578125 0.5194444444444445 0.04453125 0.15416666666666667
0 0.991796875 0.025 0.01640625 0.05
0 0.478515625 0.02013888888888889 0.01875 0.04027777777777778
0 0.612109375 0.03194444444444444 0.02578125 0.06388888888888888
0 0.188671875 0.5013888888888889 0.0328125 0.1388888888888889
0 0.2515625 0.5090277777777777 0.0390625 0.1361111111111111
0 0.596484375 0.04861111111111111 0.021875 0.058333333333333334