0 0.8375 0.2951388888888889 0.03515625 0.14027777777777778
0 0.609375 0.3173611111111111 0.03046875 0.11388888888888889
0 0.569921875 0.39861111111111114 0.0359375 0.14027777777777778
0 0.66328125 0.6111111111111112 0.04375 0.1597222222222222
0 0.378125 0.7076388888888889 0.0578125 0.20555555555555555
0 0.94765625 0.41388888888888886 0.04453125 0.1527777777777778
0 0.0859375 0.7486111111111111 0.046875 0.19166666666666668
0 0.491015625 0.5256944444444445 0.0359375 0.14583333333333334
0 0.372265625 0.225 0.03046875 0.13055555555555556
0 0.61796875 0.2125 0.0296875 0.11527777777777778
0 0.43203125 0.08263888888888889 0.0265625 0.11527777777777778
0 0.292578125 0.5006944444444444 0.03515625 0.1361111111111111
0 0.5125 0.41388888888888886 0.040625 0.1625
0 0.385546875 0.15208333333333332 0.02734375 0.1125
0 0.72109375 0.014583333333333334 0.03671875 0.029166666666666667
0 0.298046875 0.6458333333333334 0.04296875 0.15833333333333333
0 0.376171875 0.0375 0.02265625 0.075
0 0.45546875 0.0875 0.0265625 0.11944444444444445
0 0.490625 0.18055555555555555 0.025 0.12777777777777777
0 0.190625 0.0763888888888889 0.03125 0.09444444444444444
0 0.58671875 0.021527777777777778 0.0203125 0.043055555555555555
0 0.548046875 0.5631944444444444 0.02734375 0.14583333333333334
0 0.0515625 0.15763888888888888 0.03203125 0.125
0 0.73125 0.08402777777777778 0.02421875 0.13472222222222222
0 0.1265625 0.06180555555555556 0.03671875 0.12361111111111112
0 0.665234375 0.04375 0.0234375 0.08333333333333333
0 0.93671875 0.1423611111111111 0.02421875 0.10833333333333334
0 0.223046875 0.45416666666666666 0.0265625 0.07222222222222222
0 0.25 0.5131944444444444 0.03046875 0.13055555555555556
0 0.220703125 0.5263888888888889 0.04140625 0.15138888888888888
0 0.189453125 0.5069444444444444 0.03359375 0.14583333333333334
0 0.54453125 0.011805555555555555 0.015625 0.02361111111111111
0 0.50234375 0.01875 0.01875 0.0375
0 0.916796875 0.14305555555555555 0.028125 0.10416666666666667
0 0.915234375 0.20625 0.0359375 0.07361111111111111
0 0.5203125 0.015277777777777777 0.01640625 0.030555555555555555
0 0.61796875 0.034722222222222224 0.02578125 0.06944444444444445
0 0.909375 0.26875 0.028125 0.0625
0 0.63984375 0.04097222222222222 0.02890625 0.07916666666666666
0 0.995703125 0.025694444444444443 0.009375 0.05138888888888889
0 0.946484375 0.009027777777777777 0.01875 0.018055555555555554
0 0.911328125 0.23541666666666666 0.03828125 0.12222222222222222