0 0.890234375 0.7541666666666667 0.0515625 0.1638888888888889
0 0.56484375 0.8986111111111111 0.046875 0.1763888888888889
0 0.493359375 0.41041666666666665 0.0375 0.14166666666666666
0 0.972265625 0.40555555555555556 0.0453125 0.14583333333333334
0 0.89609375 0.9152777777777777 0.0609375 0.16944444444444445
0 0.593359375 0.23125 0.02578125 0.10277777777777777
0 0.644140625 0.8618055555555556 0.05078125 0.1986111111111111
0 0.567578125 0.5465277777777777 0.040625 0.16527777777777777
0 0.391796875 0.24166666666666667 0.03125 0.12222222222222222
0 0.0265625 0.5965277777777778 0.053125 0.16944444444444445
0 0.625 0.29375 0.03125 0.125
0 0.371484375 0.9041666666666667 0.05703125 0.19166666666666668
0 0.609375 0.05347222222222222 0.034375 0.10277777777777777
0 0.93515625 0.30625 0.03828125 0.1375
0 0.38125 0.09305555555555556 0.0265625 0.11388888888888889
0 0.531640625 0.3159722222222222 0.0375 0.1527777777777778
0 0.875390625 0.41875 0.0375 0.15833333333333333
0 0.11796875 0.9458333333333333 0.0625 0.10138888888888889
0 0.73046875 0.09305555555555556 0.0234375 0.12916666666666668
0 0.312109375 0.5069444444444444 0.0421875 0.1486111111111111
0 0.91015625 0.17708333333333334 0.03515625 0.12222222222222222
0 0.1296875 0.04236111111111111 0.03203125 0.08333333333333333
0 0.696484375 0.050694444444444445 0.02421875 0.09861111111111111
0 0.375390625 0.33611111111111114 0.03359375 0.14305555555555555
0 0.10703125 0.09583333333333334 0.025 0.09444444444444444
0 0.539453125 0.7527777777777778 0.03359375 0.1638888888888889
0 0.487890625 0.11875 0.025 0.11666666666666667
0 0.316015625 0.39166666666666666 0.03359375 0.13333333333333333
0 0.5203125 0.035416666666666666 0.0234375 0.07083333333333333
0 0.058203125 0.15763888888888888 0.02890625 0.12083333333333333
0 0.988671875 0.2375 0.02265625 0.11805555555555555
0 0.089453125 0.8708333333333333 0.065625 0.21666666666666667
0 0.224609375 0.4583333333333333 0.02421875 0.058333333333333334
0 0.427734375 0.10277777777777777 0.02734375 0.11805555555555555
0 0.878125 0.11666666666666667 0.02734375 0.10972222222222222
0 0.9484375 0.0125 0.0234375 0.025
0 0.45859375 0.10902777777777778 0.02578125 0.11527777777777778
0 0.190625 0.5131944444444444 0.034375 0.14444444444444443
0 0.21875 0.5319444444444444 0.04296875 0.15
0 0.902734375 0.10625 0.028125 0.09861111111111111
0 0.271875 0.011111111111111112 0.02109375 0.022222222222222223
0 0.652734375 0.0375 0.0234375 0.075
0 0.251171875 0.5229166666666667 0.04296875 0.13333333333333333
0 0.660546875 0.04861111111111111 0.015625 0.09166666666666666
0 0.633203125 0.03888888888888889 0.0171875 0.06944444444444445