0 0.69921875 0.66875 0.06953125 0.1597222222222222
0 0.85703125 0.7347222222222223 0.0796875 0.19305555555555556
0 0.437890625 0.1451388888888889 0.0484375 0.12361111111111112
0 0.605078125 0.11875 0.05 0.1388888888888889
0 0.492578125 0.475 0.05625 0.1597222222222222
0 0.501171875 0.10347222222222222 0.0453125 0.12361111111111112
0 0.7171875 0.7666666666666667 0.0828125 0.20555555555555555
0 0.65234375 0.020833333333333332 0.040625 0.041666666666666664
0 0.928515625 0.27291666666666664 0.06796875 0.15833333333333333
0 0.61171875 0.8486111111111111 0.09140625 0.23472222222222222
0 0.01484375 0.4236111111111111 0.0296875 0.12222222222222222
0 0.4671875 0.12569444444444444 0.040625 0.10555555555555556
0 0.428515625 0.6826388888888889 0.06640625 0.175
0 0.34921875 0.35208333333333336 0.06640625 0.16805555555555557
0 0.084765625 0.42569444444444443 0.075 0.1625
0 0.52890625 0.01875 0.034375 0.0375
0 0.234765625 0.6645833333333333 0.06640625 0.16805555555555557
0 0.427734375 0.05763888888888889 0.03984375 0.09027777777777778
0 0.932421875 0.05555555555555555 0.04140625 0.1111111111111111
0 0.514453125 0.027777777777777776 0.02890625 0.05555555555555555
0 0.2984375 0.1111111111111111 0.028125 0.05555555555555555
0 0.066796875 0.22430555555555556 0.0375 0.03888888888888889
0 0.50078125 0.1986111111111111 0.03984375 0.12222222222222222
0 0.2625 0.6368055555555555 0.0609375 0.1486111111111111
0 0.342578125 0.13055555555555556 0.0375 0.10277777777777777
0 0.360546875 0.06388888888888888 0.02109375 0.029166666666666667
0 0.00703125 0.5763888888888888 0.0140625 0.10555555555555556
0 0.2375 0.5861111111111111 0.03515625 0.06944444444444445