0 0.5 0.16041666666666668 0.03515625 0.12222222222222222
0 0.666796875 0.1486111111111111 0.02890625 0.12638888888888888
0 0.812109375 0.8152777777777778 0.04375 0.18888888888888888
0 0.403125 0.5638888888888889 0.03828125 0.15
0 0.971484375 0.08819444444444445 0.03046875 0.11527777777777778
0 0.9625 0.5638888888888889 0.0484375 0.14444444444444443
0 0.98359375 0.15416666666666667 0.0328125 0.12361111111111112
0 0.505859375 0.5451388888888888 0.0375 0.15694444444444444
0 0.898828125 0.12569444444444444 0.04921875 0.11388888888888889
0 0.67578125 0.8895833333333333 0.04609375 0.16111111111111112
0 0.532421875 0.15763888888888888 0.02578125 0.10416666666666667
0 0.106640625 0.24375 0.04453125 0.14305555555555555
0 0.61015625 0.7798611111111111 0.05078125 0.2125
0 0.9359375 0.09652777777777778 0.0296875 0.11944444444444445
0 0.03828125 0.16944444444444445 0.034375 0.11527777777777778
0 0.56171875 0.08611111111111111 0.02578125 0.1111111111111111
0 0.67578125 0.02847222222222222 0.02578125 0.05694444444444444
0 0.755859375 0.03819444444444445 0.02890625 0.0763888888888889
0 0.73125 0.08125 0.0203125 0.12361111111111112
0 0.3875 0.24375 0.03671875 0.15416666666666667
0 0.644140625 0.03333333333333333 0.0203125 0.06666666666666667
0 0.549609375 0.9520833333333333 0.059375 0.09583333333333334
0 0.610546875 0.03611111111111111 0.02421875 0.07222222222222222
0 0.509765625 0.05486111111111111 0.028125 0.10972222222222222
0 0.43828125 0.06597222222222222 0.02421875 0.09305555555555556
0 0.5515625 0.17083333333333334 0.021875 0.10694444444444444
0 0.019921875 0.6201388888888889 0.03984375 0.1763888888888889
0 0.5921875 0.04513888888888889 0.01796875 0.06944444444444445
0 0.25 0.5069444444444444 0.03125 0.125
0 0.778125 0.9673611111111111 0.05 0.06527777777777778
0 0.992578125 0.3375 0.01484375 0.08611111111111111
0 0.21796875 0.5194444444444445 0.0421875 0.15416666666666667
0 0.011328125 0.33402777777777776 0.021875 0.12638888888888888
0 0.1890625 0.4951388888888889 0.0390625 0.15416666666666667
0 0.5203125 0.018055555555555554 0.01875 0.03611111111111111
0 0.375 0.011805555555555555 0.02109375 0.02361111111111111
0 0.587890625 0.04097222222222222 0.0171875 0.06944444444444445
0 0.49609375 0.01875 0.01640625 0.0375
0 0.992578125 0.22291666666666668 0.01484375 0.10972222222222222
0 0.22734375 0.45069444444444445 0.01953125 0.04722222222222222