0 0.65234375 0.1798611111111111 0.04140625 0.10416666666666667
0 0.76171875 0.7361111111111112 0.071875 0.1736111111111111
0 0.5234375 0.9173611111111111 0.0859375 0.16527777777777777
0 0.78359375 0.5875 0.065625 0.15833333333333333
0 0.55 0.25763888888888886 0.05390625 0.1361111111111111
0 0.48828125 0.02361111111111111 0.040625 0.04722222222222222
0 0.976953125 0.5152777777777777 0.04609375 0.13333333333333333
0 0.948046875 0.35347222222222224 0.0515625 0.12638888888888888
0 0.684375 0.8770833333333333 0.075 0.18194444444444444
0 0.442578125 0.20208333333333334 0.053125 0.14027777777777778
0 0.03203125 0.5152777777777777 0.0640625 0.2
0 0.91171875 0.9381944444444444 0.0734375 0.12361111111111112
0 0.68046875 0.2763888888888889 0.05 0.12638888888888888
0 0.5953125 0.21666666666666667 0.06171875 0.1486111111111111
0 0.768359375 0.20277777777777778 0.04140625 0.10416666666666667
0 0.166015625 0.29791666666666666 0.07578125 0.18472222222222223
0 0.35390625 0.54375 0.0828125 0.20972222222222223
0 0.2484375 0.29791666666666666 0.03671875 0.07222222222222222
0 0.428515625 0.40902777777777777 0.07109375 0.1736111111111111
0 0.700390625 0.27152777777777776 0.05 0.13194444444444445
0 0.917578125 0.3173611111111111 0.046875 0.11527777777777778
0 0.508984375 0.10277777777777777 0.04609375 0.12638888888888888
0 0.5328125 0.11458333333333333 0.046875 0.125
0 0.37890625 0.13472222222222222 0.0515625 0.11388888888888889
0 0.80859375 0.2638888888888889 0.06328125 0.175
0 0.60234375 0.5659722222222222 0.07734375 0.18194444444444444
0 0.3609375 0.22569444444444445 0.071875 0.16666666666666666
0 0.581640625 0.05555555555555555 0.03671875 0.0763888888888889
0 0.931640625 0.5 0.06171875 0.14027777777777778
0 0.52734375 0.01597222222222222 0.0265625 0.03194444444444444
0 0.902734375 0.3138888888888889 0.03984375 0.10833333333333334
0 0.208984375 0.3215277777777778 0.05859375 0.1527777777777778
0 0.228125 0.36180555555555555 0.0671875 0.16805555555555557
0 0.2625 0.3715277777777778 0.05859375 0.14027777777777778
0 0.561328125 0.13680555555555557 0.05 0.12638888888888888
0 0.70390625 0.24375 0.03671875 0.07916666666666666
0 0.740625 0.21736111111111112 0.02890625 0.06527777777777778
0 0.816015625 0.21875 0.03828125 0.08055555555555556
0 0.962109375 0.43125 0.0578125 0.12361111111111112
0 0.7984375 0.275 0.0484375 0.14027777777777778