0 0.9078125 0.8791666666666667 0.05859375 0.18472222222222223
0 0.06171875 0.8979166666666667 0.06171875 0.14722222222222223
0 0.569921875 0.49583333333333335 0.03984375 0.1527777777777778
0 0.490625 0.4409722222222222 0.0375 0.13472222222222222
0 0.364453125 0.8430555555555556 0.06953125 0.24305555555555555
0 0.0421875 0.6083333333333333 0.05234375 0.17916666666666667
0 0.737109375 0.1076388888888889 0.0234375 0.125
0 0.536328125 0.6833333333333333 0.03671875 0.1527777777777778
0 0.641796875 0.7756944444444445 0.05625 0.20555555555555555
0 0.858984375 0.39444444444444443 0.04296875 0.15
0 0.9375 0.3645833333333333 0.046875 0.14722222222222223
0 0.528125 0.3506944444444444 0.0421875 0.15833333333333333
0 0.3875 0.06180555555555556 0.02578125 0.10972222222222222
0 0.599609375 0.26319444444444445 0.028125 0.1125
0 0.30625 0.5381944444444444 0.04609375 0.15555555555555556
0 0.983203125 0.4736111111111111 0.03359375 0.1527777777777778
0 0.37734375 0.29583333333333334 0.03671875 0.14583333333333334
0 0.53125 0.9347222222222222 0.053125 0.13055555555555556
0 0.062890625 0.13055555555555556 0.0328125 0.11944444444444445
0 0.311328125 0.41597222222222224 0.03671875 0.12638888888888888
0 0.915234375 0.21805555555555556 0.03828125 0.12916666666666668
0 0.610546875 0.04652777777777778 0.034375 0.08194444444444444
0 0.908203125 0.9743055555555555 0.06484375 0.05138888888888889
0 0.39296875 0.20277777777777778 0.03046875 0.12361111111111112
0 0.496875 0.13402777777777777 0.0265625 0.12083333333333333
0 0.6265625 0.2763888888888889 0.0328125 0.12361111111111112
0 0.107421875 0.9527777777777777 0.03828125 0.04861111111111111
0 0.224609375 0.43819444444444444 0.02578125 0.059722222222222225
0 0.99140625 0.29305555555555557 0.0171875 0.11666666666666667
0 0.435546875 0.09513888888888888 0.02734375 0.12083333333333333
0 0.46484375 0.10277777777777777 0.02890625 0.12222222222222222
0 0.13671875 0.02847222222222222 0.0328125 0.05694444444444444
0 0.18984375 0.4909722222222222 0.03671875 0.14166666666666666
0 0.540625 0.029166666666666667 0.02265625 0.05555555555555555
0 0.21796875 0.5118055555555555 0.04375 0.1486111111111111
0 0.896875 0.14791666666666667 0.03125 0.10833333333333334
0 0.992578125 0.04513888888888889 0.01484375 0.03194444444444444
0 0.955859375 0.03888888888888889 0.02109375 0.02361111111111111
0 0.140625 0.07847222222222222 0.0296875 0.08333333333333333
0 0.920703125 0.13472222222222222 0.028125 0.09305555555555556
0 0.65859375 0.05694444444444444 0.03125 0.09305555555555556
0 0.690625 0.07152777777777777 0.02265625 0.07083333333333333
0 0.250390625 0.5020833333333333 0.03828125 0.12777777777777777
0 0.0015625 0.8868055555555555 0.003125 0.13472222222222222
0 0.66015625 0.029861111111111113 0.02890625 0.041666666666666664
0 0.510546875 0.007638888888888889 0.0203125 0.015277777777777777