0 0.865625 0.8027777777777778 0.05390625 0.18888888888888888
0 0.9328125 0.24722222222222223 0.0375 0.1388888888888889
0 0.946484375 0.3416666666666667 0.04296875 0.14166666666666666
0 0.570703125 0.6194444444444445 0.04140625 0.15694444444444444
0 0.49609375 0.3506944444444444 0.0359375 0.13333333333333333
0 0.591015625 0.1875 0.025 0.09861111111111111
0 0.11171875 0.91875 0.05859375 0.15833333333333333
0 0.10703125 0.7465277777777778 0.0484375 0.18611111111111112
0 0.63984375 0.9604166666666667 0.05390625 0.07916666666666666
0 0.853125 0.6277777777777778 0.04609375 0.1527777777777778
0 0.383203125 0.13125 0.0265625 0.11666666666666667
0 0.6265625 0.3506944444444444 0.03359375 0.12777777777777777
0 0.6046875 0.8013888888888889 0.040625 0.1527777777777778
0 0.901953125 0.4736111111111111 0.03984375 0.15833333333333333
0 0.9046875 0.14375 0.0328125 0.12222222222222222
0 0.537890625 0.2708333333333333 0.03828125 0.14722222222222223
0 0.61171875 0.08055555555555556 0.02734375 0.11527777777777778
0 0.372265625 0.4048611111111111 0.0390625 0.1638888888888889
0 0.5484375 0.8625 0.034375 0.17916666666666667
0 0.731640625 0.09305555555555556 0.025 0.12638888888888888
0 0.2328125 0.021527777777777778 0.03125 0.043055555555555555
0 0.39921875 0.29375 0.0296875 0.13333333333333333
0 0.990234375 0.2013888888888889 0.01953125 0.10555555555555556
0 0.626953125 0.06319444444444444 0.0265625 0.11805555555555555
0 0.5625 0.017361111111111112 0.0375 0.034722222222222224
0 0.31875 0.4354166666666667 0.06015625 0.16666666666666666
0 0.483984375 0.08611111111111111 0.025 0.1111111111111111
0 0.9890625 0.3368055555555556 0.021875 0.12916666666666668
0 0.3171875 0.3368055555555556 0.03515625 0.1
0 0.138671875 0.03125 0.03828125 0.0625
0 0.509765625 0.05138888888888889 0.02265625 0.09861111111111111
0 0.059375 0.14652777777777778 0.03671875 0.15833333333333333
0 0.884765625 0.09027777777777778 0.02734375 0.1111111111111111
0 0.702734375 0.05277777777777778 0.02890625 0.09166666666666666
0 0.459765625 0.10694444444444444 0.03046875 0.12361111111111112
0 0.667578125 0.049305555555555554 0.025 0.09722222222222222
0 0.869140625 0.09444444444444444 0.025 0.1125
0 0.428125 0.10347222222222222 0.0234375 0.11527777777777778
0 0.191796875 0.5131944444444444 0.0328125 0.14583333333333334
0 0.01796875 0.5479166666666667 0.0359375 0.1625
0 0.9515625 0.015277777777777777 0.0203125 0.030555555555555555
0 0.375390625 0.9805555555555555 0.0515625 0.03888888888888889
0 0.25234375 0.5236111111111111 0.04140625 0.13194444444444445
0 0.21953125 0.5333333333333333 0.04296875 0.15138888888888888
0 0.2265625 0.46111111111111114 0.02265625 0.058333333333333334
0 0.265234375 0.014583333333333334 0.021875 0.029166666666666667
0 0.066796875 0.10277777777777777 0.0328125 0.09722222222222222
0 0.995703125 0.013888888888888888 0.00859375 0.027777777777777776
0 0.012109375 0.006944444444444444 0.02421875 0.013888888888888888
0 0.706640625 0.03263888888888889 0.02109375 0.06527777777777778