0 0.490625 0.46875 0.03671875 0.14444444444444443
0 0.8515625 0.3527777777777778 0.0375 0.15
0 0.59921875 0.27152777777777776 0.028125 0.10694444444444444
0 0.534375 0.9597222222222223 0.05859375 0.08055555555555556
0 0.930859375 0.9 0.06171875 0.1875
0 0.569140625 0.46875 0.03828125 0.15138888888888888
0 0.061328125 0.9576388888888889 0.0625 0.08472222222222223
0 0.652734375 0.7208333333333333 0.046875 0.18194444444444444
0 0.729296875 0.09166666666666666 0.02109375 0.12361111111111112
0 0.90859375 0.1701388888888889 0.04765625 0.20277777777777778
0 0.37734375 0.05763888888888889 0.025 0.10555555555555556
0 0.38046875 0.79375 0.05546875 0.20972222222222223
0 0.05390625 0.6756944444444445 0.05 0.18472222222222223
0 0.370703125 0.2722222222222222 0.03203125 0.1375
0 0.53984375 0.6458333333333334 0.028125 0.14583333333333334
0 0.93828125 0.36041666666666666 0.0421875 0.15
0 0.384375 0.19305555555555556 0.028125 0.11805555555555555
0 0.3015625 0.5729166666666666 0.04296875 0.14722222222222223
0 0.598046875 0.035416666666666666 0.03359375 0.07083333333333333
0 0.491015625 0.15 0.021875 0.12083333333333333
0 0.522265625 0.3611111111111111 0.0390625 0.15
0 0.622265625 0.2513888888888889 0.028125 0.1125
0 0.428125 0.09444444444444444 0.02421875 0.11944444444444445
0 0.05390625 0.15694444444444444 0.03359375 0.11805555555555555
0 0.303125 0.45 0.03515625 0.13333333333333333
0 0.223046875 0.4548611111111111 0.025 0.05694444444444444
0 0.45703125 0.10138888888888889 0.028125 0.125
0 0.6734375 0.04791666666666667 0.02890625 0.09305555555555556
0 0.989453125 0.2791666666666667 0.02109375 0.12777777777777777
0 0.536328125 0.022916666666666665 0.02734375 0.04583333333333333
0 0.18984375 0.5097222222222222 0.03359375 0.1375
0 0.21875 0.5277777777777778 0.040625 0.14722222222222223
0 0.645703125 0.044444444444444446 0.02734375 0.08888888888888889
0 0.991796875 0.021527777777777778 0.01640625 0.041666666666666664
0 0.248828125 0.5159722222222223 0.0328125 0.12916666666666668
0 0.15234375 0.08333333333333333 0.02890625 0.09305555555555556
0 0.98671875 0.48055555555555557 0.0265625 0.1486111111111111
0 0.94609375 0.011111111111111112 0.0203125 0.020833333333333332
0 0.125390625 0.04791666666666667 0.0296875 0.09583333333333334
0 0.50078125 0.011805555555555555 0.02109375 0.02361111111111111
0 0.9375 0.9881944444444445 0.0453125 0.02361111111111111
0 0.119140625 0.9888888888888889 0.04609375 0.022222222222222223
0 0.0046875 0.8506944444444444 0.009375 0.08055555555555556