0 0.740234375 0.5465277777777777 0.08828125 0.18055555555555555
0 0.436328125 0.28541666666666665 0.059375 0.1361111111111111
0 0.744140625 0.20972222222222223 0.07421875 0.16527777777777777
0 0.789453125 0.33611111111111114 0.08359375 0.1875
0 0.3234375 0.3590277777777778 0.059375 0.1375
0 0.6703125 0.7034722222222223 0.09765625 0.225
0 0.0796875 0.38125 0.06015625 0.125
0 0.932421875 0.21944444444444444 0.08984375 0.18611111111111112
0 0.471484375 0.09444444444444444 0.04609375 0.10555555555555556
0 0.448828125 0.19652777777777777 0.06640625 0.15138888888888888
0 0.281640625 0.17222222222222222 0.0421875 0.08055555555555556
0 0.02578125 0.5631944444444444 0.0515625 0.13472222222222222
0 0.19453125 0.8451388888888889 0.08125 0.18611111111111112
0 0.587109375 0.3611111111111111 0.0703125 0.15555555555555556
0 0.12890625 0.3298611111111111 0.05234375 0.1125
0 0.52421875 0.09305555555555556 0.0609375 0.13333333333333333
0 0.295703125 0.5152777777777777 0.0796875 0.16805555555555557
0 0.405078125 0.6847222222222222 0.084375 0.19305555555555556
0 0.523046875 0.06180555555555556 0.05703125 0.12361111111111112
0 0.36953125 0.09375 0.0375 0.0763888888888889
0 0.344921875 0.10208333333333333 0.03515625 0.05555555555555555
0 0.26875 0.42777777777777776 0.05078125 0.10277777777777777
0 0.358984375 0.19583333333333333 0.05625 0.13194444444444445
0 0.4 0.4986111111111111 0.0703125 0.1625
0 0.3359375 0.2152777777777778 0.05546875 0.13055555555555556
0 0.3859375 0.1701388888888889 0.05390625 0.11805555555555555
0 0.540234375 0.011111111111111112 0.03515625 0.022222222222222223
0 0.256640625 0.7666666666666667 0.075 0.16944444444444445
0 0.24765625 0.6888888888888889 0.03203125 0.06388888888888888
0 0.23046875 0.7680555555555556 0.071875 0.1625
0 0.0671875 0.3416666666666667 0.02890625 0.03888888888888889
0 0.02265625 0.37916666666666665 0.02578125 0.03194444444444444
0 0.280859375 0.7277777777777777 0.0765625 0.15833333333333333