0 0.812890625 0.6208333333333333 0.04453125 0.15833333333333333
0 0.581640625 0.12916666666666668 0.02421875 0.09444444444444444
0 0.89140625 0.09513888888888888 0.03203125 0.11666666666666667
0 0.38125 0.21319444444444444 0.0296875 0.12777777777777777
0 0.801171875 0.47291666666666665 0.040625 0.14583333333333334
0 0.497265625 0.27708333333333335 0.03046875 0.125
0 0.1375 0.5861111111111111 0.0515625 0.1736111111111111
0 0.59453125 0.7875 0.0484375 0.18472222222222223
0 0.694140625 0.7333333333333333 0.04140625 0.15
0 0.62578125 0.14166666666666666 0.03828125 0.12083333333333333
0 0.95234375 0.59375 0.04765625 0.1597222222222222
0 0.391015625 0.025 0.02890625 0.05
0 0.915234375 0.2520833333333333 0.0421875 0.14166666666666666
0 0.6140625 0.44027777777777777 0.0359375 0.13194444444444445
0 0.40859375 0.3902777777777778 0.03203125 0.1361111111111111
0 0.964453125 0.24930555555555556 0.0375 0.12638888888888888
0 0.531640625 0.20625 0.0359375 0.1375
0 0.923046875 0.16458333333333333 0.0328125 0.09861111111111111
0 0.077734375 0.8506944444444444 0.0625 0.2125
0 0.058984375 0.16944444444444445 0.03203125 0.12361111111111112
0 0.221484375 0.041666666666666664 0.0359375 0.08055555555555556
0 0.165625 0.05 0.03515625 0.1
0 0.95390625 0.02013888888888889 0.02109375 0.04027777777777778
0 0.684765625 0.04722222222222222 0.02265625 0.09027777777777778
0 0.369921875 0.5416666666666666 0.0390625 0.16944444444444445
0 0.4515625 0.11458333333333333 0.03046875 0.12638888888888888
0 0.48984375 0.09513888888888888 0.028125 0.11527777777777778
0 0.727734375 0.08055555555555556 0.028125 0.16111111111111112
0 0.3171875 0.3659722222222222 0.04375 0.13055555555555556
0 0.857421875 0.07222222222222222 0.02421875 0.10555555555555556
0 0.841015625 0.07569444444444444 0.02578125 0.10138888888888889
0 0.313671875 0.26805555555555555 0.0375 0.09444444444444444
0 0.469140625 0.01875 0.04140625 0.0375
0 0.426171875 0.11180555555555556 0.03046875 0.12638888888888888
0 0.226953125 0.4652777777777778 0.02109375 0.05416666666666667
0 0.992578125 0.15902777777777777 0.01484375 0.09861111111111111
0 0.664453125 0.07569444444444444 0.01875 0.06666666666666667
0 0.190234375 0.5173611111111112 0.0359375 0.14583333333333334
0 0.2140625 0.5375 0.04296875 0.15555555555555556
0 0.2515625 0.5236111111111111 0.0390625 0.13194444444444445
0 0.149609375 0.0125 0.02109375 0.025
0 0.005859375 0.14444444444444443 0.0109375 0.05277777777777778