0 0.56953125 0.39791666666666664 0.03515625 0.14027777777777778
0 0.609765625 0.3229166666666667 0.03046875 0.1111111111111111
0 0.834765625 0.29097222222222224 0.034375 0.1361111111111111
0 0.38046875 0.6944444444444444 0.0546875 0.18888888888888888
0 0.491015625 0.5284722222222222 0.03671875 0.14027777777777778
0 0.66171875 0.6097222222222223 0.04375 0.1736111111111111
0 0.089453125 0.75625 0.05234375 0.19305555555555556
0 0.9515625 0.41944444444444445 0.0421875 0.15694444444444444
0 0.29296875 0.5034722222222222 0.034375 0.13194444444444445
0 0.43203125 0.08194444444444444 0.025 0.11388888888888889
0 0.61796875 0.2048611111111111 0.02890625 0.11388888888888889
0 0.29765625 0.6479166666666667 0.04296875 0.15555555555555556
0 0.370703125 0.21736111111111112 0.02734375 0.12777777777777777
0 0.51171875 0.4166666666666667 0.03984375 0.15833333333333333
0 0.38515625 0.1486111111111111 0.02578125 0.11527777777777778
0 0.722265625 0.014583333333333334 0.03828125 0.029166666666666667
0 0.491015625 0.18472222222222223 0.02421875 0.12361111111111112
0 0.454296875 0.08611111111111111 0.0265625 0.11527777777777778
0 0.73046875 0.08680555555555555 0.0234375 0.12916666666666668
0 0.3765625 0.035416666666666666 0.021875 0.07083333333333333
0 0.19921875 0.07083333333333333 0.03359375 0.09444444444444444
0 0.1265625 0.06319444444444444 0.03828125 0.12638888888888888
0 0.051171875 0.15694444444444444 0.03203125 0.125
0 0.548828125 0.5604166666666667 0.0265625 0.14722222222222223
0 0.586328125 0.021527777777777778 0.02109375 0.043055555555555555
0 0.91171875 0.2298611111111111 0.03671875 0.13055555555555556
0 0.66328125 0.04375 0.02578125 0.08333333333333333
0 0.223046875 0.45416666666666666 0.02734375 0.07222222222222222
0 0.937890625 0.15 0.02421875 0.11805555555555555
0 0.501171875 0.01875 0.0203125 0.0375
0 0.220703125 0.5263888888888889 0.040625 0.15
0 0.52109375 0.01597222222222222 0.0171875 0.030555555555555555
0 0.25 0.5125 0.03046875 0.13055555555555556
0 0.1890625 0.50625 0.03359375 0.14444444444444443
0 0.544921875 0.011805555555555555 0.01484375 0.02361111111111111
0 0.91796875 0.1486111111111111 0.0296875 0.10138888888888889
0 0.615234375 0.04097222222222222 0.025 0.08055555555555556
0 0.639453125 0.03680555555555556 0.02734375 0.07361111111111111
0 0.99375 0.2875 0.0125 0.059722222222222225
0 0.946484375 0.009027777777777777 0.01953125 0.016666666666666666
0 0.617578125 0.01597222222222222 0.02109375 0.03194444444444444
0 0.99609375 0.02638888888888889 0.0078125 0.05277777777777778