0 0.576171875 0.1125 0.02734375 0.09861111111111111
0 0.80078125 0.5631944444444444 0.0421875 0.1527777777777778
0 0.788671875 0.4236111111111111 0.040625 0.1527777777777778
0 0.7359375 0.7409722222222223 0.04609375 0.15694444444444444
0 0.97578125 0.6618055555555555 0.0484375 0.18055555555555555
0 0.887890625 0.07777777777777778 0.03125 0.10833333333333334
0 0.388671875 0.03333333333333333 0.0328125 0.06666666666666667
0 0.143359375 0.059027777777777776 0.03046875 0.10972222222222222
0 0.615234375 0.47291666666666665 0.0359375 0.13333333333333333
0 0.640234375 0.15 0.028125 0.13194444444444445
0 0.49765625 0.2513888888888889 0.0296875 0.12638888888888888
0 0.38203125 0.24097222222222223 0.03203125 0.13333333333333333
0 0.6046875 0.8743055555555556 0.046875 0.20277777777777778
0 0.952734375 0.2263888888888889 0.03046875 0.12777777777777777
0 0.919921875 0.14166666666666666 0.0359375 0.09305555555555556
0 0.4078125 0.43333333333333335 0.03359375 0.14444444444444443
0 0.0578125 0.17083333333333334 0.03359375 0.12222222222222222
0 0.905078125 0.23472222222222222 0.0421875 0.14027777777777778
0 0.53203125 0.18263888888888888 0.0359375 0.1388888888888889
0 0.437109375 0.02013888888888889 0.0390625 0.04027777777777778
0 0.057421875 0.8347222222222223 0.0671875 0.16805555555555557
0 0.3125 0.24583333333333332 0.0328125 0.0875
0 0.368359375 0.5951388888888889 0.040625 0.16805555555555557
0 0.146484375 0.5347222222222222 0.04375 0.16111111111111112
0 0.623828125 0.17083333333333334 0.0296875 0.12083333333333333
0 0.2125 0.05416666666666667 0.03125 0.10555555555555556
0 0.733984375 0.0375 0.025 0.07222222222222222
0 0.730859375 0.10416666666666667 0.02109375 0.11805555555555555
0 0.954296875 0.021527777777777778 0.02109375 0.043055555555555555
0 0.853125 0.06388888888888888 0.0296875 0.10416666666666667
0 0.45234375 0.11666666666666667 0.02734375 0.11944444444444445
0 0.48671875 0.034722222222222224 0.02265625 0.06944444444444445
0 0.689453125 0.05 0.025 0.09583333333333334
0 0.312890625 0.3423611111111111 0.04375 0.14027777777777778
0 0.427734375 0.12083333333333333 0.02734375 0.12638888888888888
0 0.992578125 0.14375 0.01484375 0.09861111111111111
0 0.194140625 0.5229166666666667 0.03984375 0.14166666666666666
0 0.669140625 0.07569444444444444 0.01953125 0.07083333333333333
0 0.224609375 0.46875 0.02578125 0.059722222222222225
0 0.4859375 0.12013888888888889 0.03984375 0.11666666666666667
0 0.158203125 0.009722222222222222 0.0234375 0.019444444444444445
0 0.8390625 0.06875 0.0203125 0.10277777777777777
0 0.25078125 0.5298611111111111 0.04296875 0.12916666666666668
0 0.217578125 0.5444444444444444 0.0390625 0.15
0 0.101171875 0.009722222222222222 0.01953125 0.019444444444444445
0 0.20859375 0.011111111111111112 0.02578125 0.022222222222222223