0 0.454296875 0.125 0.05703125 0.12222222222222222
0 0.55546875 0.10486111111111111 0.0625 0.1375
0 0.69375 0.5263888888888889 0.075 0.15555555555555556
0 0.388671875 0.1625 0.05859375 0.125
0 0.020703125 0.6326388888888889 0.04140625 0.13194444444444445
0 0.469921875 0.7451388888888889 0.08125 0.1736111111111111
0 0.343359375 0.4388888888888889 0.0734375 0.15694444444444444
0 0.87890625 0.07291666666666667 0.0828125 0.14583333333333334
0 0.7953125 0.6680555555555555 0.09375 0.19305555555555556
0 0.894140625 0.6104166666666667 0.06640625 0.11944444444444445
0 0.412890625 0.13472222222222222 0.05 0.1111111111111111
0 0.6390625 0.73125 0.11015625 0.23472222222222222
0 0.3625 0.09722222222222222 0.0421875 0.0763888888888889
0 0.658984375 0.8770833333333333 0.06796875 0.10694444444444444
0 0.477734375 0.4444444444444444 0.06796875 0.15
0 0.4640625 0.22361111111111112 0.05078125 0.11527777777777778
0 0.08359375 0.5777777777777777 0.078125 0.1597222222222222
0 0.460546875 0.01875 0.03984375 0.0375
0 0.264453125 0.7694444444444445 0.084375 0.175
0 0.2578125 0.6951388888888889 0.0375 0.07361111111111111
0 0.326171875 0.12222222222222222 0.02421875 0.044444444444444446
0 0.305859375 0.14027777777777778 0.021875 0.03888888888888889
0 0.2484375 0.21875 0.03671875 0.07083333333333333
0 0.02109375 0.7729166666666667 0.0421875 0.10138888888888889
0 0.233984375 0.7840277777777778 0.0703125 0.15416666666666667
0 0.2875 0.7284722222222222 0.07421875 0.1527777777777778
0 0.448828125 0.02847222222222222 0.03359375 0.05694444444444444
0 0.267578125 0.17708333333333334 0.0203125 0.03333333333333333
0 0.270703125 0.22430555555555556 0.0484375 0.10972222222222222