0 0.528515625 0.32083333333333336 0.0640625 0.15
0 0.744140625 0.05555555555555555 0.06328125 0.1111111111111111
0 0.31875 0.6861111111111111 0.06640625 0.15
0 0.53125 0.12708333333333333 0.053125 0.12083333333333333
0 0.30703125 0.24444444444444444 0.04921875 0.11666666666666667
0 0.90625 0.12083333333333333 0.08203125 0.18333333333333332
0 0.663671875 0.42430555555555555 0.07578125 0.17777777777777778
0 0.21640625 0.975 0.10625 0.05
0 0.34140625 0.15833333333333333 0.0484375 0.12083333333333333
0 0.512109375 0.5618055555555556 0.0734375 0.17083333333333334
0 0.567578125 0.28055555555555556 0.05234375 0.125
0 0.36484375 0.8194444444444444 0.08203125 0.18055555555555555
0 0.491796875 0.44305555555555554 0.071875 0.16666666666666666
0 0.4203125 0.24097222222222223 0.053125 0.13055555555555556
0 0.310546875 0.3138888888888889 0.05859375 0.1375
0 0.42734375 0.7173611111111111 0.0921875 0.21944444444444444
0 0.359375 0.1423611111111111 0.05 0.12083333333333333
0 0.280078125 0.15902777777777777 0.0328125 0.06388888888888888
0 0.82265625 0.017361111111111112 0.0671875 0.034722222222222224
0 0.142578125 0.32013888888888886 0.04609375 0.10138888888888889
0 0.548046875 0.4708333333333333 0.0578125 0.14444444444444443
0 0.059765625 0.39861111111111114 0.065625 0.14166666666666666
0 0.01796875 0.5222222222222223 0.0359375 0.1361111111111111
0 0.388671875 0.06666666666666667 0.02890625 0.05694444444444444
0 0.237890625 0.6604166666666667 0.0390625 0.07777777777777778
0 0.274609375 0.6930555555555555 0.0609375 0.14444444444444443
0 0.220703125 0.7347222222222223 0.0640625 0.15555555555555556
0 0.252734375 0.7305555555555555 0.0734375 0.16666666666666666
0 0.41171875 0.04583333333333333 0.03046875 0.05694444444444444
0 0.5109375 0.011805555555555555 0.0421875 0.02361111111111111
0 0.49375 0.01875 0.0375 0.0375
0 0.42421875 0.018055555555555554 0.015625 0.020833333333333332