0 0.495703125 0.8527777777777777 0.0875 0.16111111111111112
0 0.68828125 0.36041666666666666 0.059375 0.10972222222222222
0 0.491015625 0.7256944444444444 0.0953125 0.1763888888888889
0 0.54140625 0.11041666666666666 0.06328125 0.11805555555555555
0 0.5609375 0.36666666666666664 0.075 0.1375
0 0.92265625 0.8041666666666667 0.0765625 0.14027777777777778
0 0.895703125 0.8791666666666667 0.0828125 0.15138888888888888
0 0.496875 0.2548611111111111 0.07265625 0.13472222222222222
0 0.7203125 0.9333333333333333 0.0875 0.13333333333333333
0 0.0546875 0.32708333333333334 0.109375 0.20694444444444443
0 0.1484375 0.18541666666666667 0.10703125 0.19583333333333333
0 0.802734375 0.9625 0.09140625 0.075
0 0.740234375 0.34305555555555556 0.075 0.1375
0 0.937890625 0.6944444444444444 0.06875 0.12638888888888888
0 0.38671875 0.88125 0.08984375 0.16527777777777777
0 0.93359375 0.9236111111111112 0.07578125 0.14027777777777778
0 0.6203125 0.3548611111111111 0.08203125 0.15138888888888888
0 0.635546875 0.5541666666666667 0.06875 0.12638888888888888
0 0.421875 0.31180555555555556 0.090625 0.16805555555555557
0 0.823046875 0.475 0.06328125 0.11805555555555555
0 0.70625 0.18263888888888888 0.0421875 0.07222222222222222
0 0.78515625 0.37083333333333335 0.0453125 0.08333333333333333
0 0.594140625 0.12152777777777778 0.0609375 0.11388888888888889
0 0.802734375 0.37222222222222223 0.05 0.09305555555555556
0 0.4328125 0.14166666666666666 0.06015625 0.10972222222222222
0 0.61640625 0.1638888888888889 0.06484375 0.12083333333333333
0 0.648828125 0.1638888888888889 0.059375 0.1111111111111111
0 0.398046875 0.22916666666666666 0.08671875 0.1597222222222222
0 0.934765625 0.6416666666666667 0.06328125 0.11805555555555555
0 0.6671875 0.18194444444444444 0.0578125 0.10833333333333334
0 0.263671875 0.1451388888888889 0.0796875 0.14722222222222223
0 0.309765625 0.14583333333333334 0.040625 0.07361111111111111
0 0.91953125 0.6201388888888889 0.05625 0.10555555555555556
0 0.979296875 0.8486111111111111 0.04140625 0.09722222222222222
0 0.8328125 0.40555555555555556 0.04453125 0.08055555555555556
0 0.306640625 0.2222222222222222 0.08125 0.1486111111111111
0 0.277734375 0.19444444444444445 0.09140625 0.16805555555555557
0 0.61171875 0.017361111111111112 0.021875 0.034722222222222224
0 0.964453125 0.8902777777777777 0.03046875 0.05555555555555555