0 0.78203125 0.5118055555555555 0.04140625 0.1527777777777778
0 0.61328125 0.5395833333333333 0.03828125 0.15
0 0.766796875 0.7347222222222223 0.059375 0.17777777777777778
0 0.641015625 0.1840277777777778 0.0296875 0.12916666666666668
0 0.8859375 0.06458333333333334 0.03359375 0.11388888888888889
0 0.4109375 0.4979166666666667 0.03828125 0.15138888888888888
0 0.772265625 0.36736111111111114 0.0359375 0.14027777777777778
0 0.120703125 0.09513888888888888 0.03515625 0.10555555555555556
0 0.623046875 0.9361111111111111 0.05625 0.12083333333333333
0 0.385546875 0.29444444444444445 0.0328125 0.1388888888888889
0 0.496875 0.22430555555555556 0.0328125 0.125
0 0.57734375 0.09236111111111112 0.021875 0.09027777777777778
0 0.151953125 0.48541666666666666 0.03828125 0.15555555555555556
0 0.947265625 0.19166666666666668 0.03046875 0.1125
0 0.5296875 0.15486111111111112 0.034375 0.13055555555555556
0 0.03984375 0.8166666666666667 0.05859375 0.17916666666666667
0 0.366796875 0.6958333333333333 0.0453125 0.19027777777777777
0 0.956640625 0.024305555555555556 0.0234375 0.04861111111111111
0 0.6921875 0.05486111111111111 0.021875 0.09166666666666666
0 0.390625 0.050694444444444445 0.034375 0.09861111111111111
0 0.897265625 0.2 0.04609375 0.12777777777777777
0 0.31484375 0.32222222222222224 0.04765625 0.13194444444444445
0 0.61875 0.2 0.025 0.12361111111111112
0 0.7375 0.03888888888888889 0.0234375 0.07222222222222222
0 0.85 0.06388888888888888 0.02734375 0.10138888888888889
0 0.47734375 0.14305555555555555 0.0265625 0.10833333333333334
0 0.0859375 0.025 0.02734375 0.05
0 0.060546875 0.17777777777777778 0.03359375 0.11944444444444445
0 0.983203125 0.7465277777777778 0.03359375 0.10694444444444444
0 0.430078125 0.13333333333333333 0.03046875 0.12222222222222222
0 0.19765625 0.0763888888888889 0.034375 0.11944444444444445
0 0.91328125 0.11527777777777778 0.034375 0.08333333333333333
0 0.312109375 0.22152777777777777 0.034375 0.09166666666666666
0 0.833984375 0.06458333333333334 0.02109375 0.09861111111111111
0 0.455078125 0.12638888888888888 0.02421875 0.12222222222222222
0 0.734765625 0.11041666666666666 0.02421875 0.12361111111111112
0 0.19609375 0.5361111111111111 0.0421875 0.15138888888888888
0 0.2265625 0.4736111111111111 0.02265625 0.04861111111111111
0 0.1890625 0.020833333333333332 0.0328125 0.041666666666666664
0 0.48125 0.034027777777777775 0.015625 0.06805555555555555
0 0.99375 0.13125 0.0125 0.10416666666666667
0 0.253125 0.5347222222222222 0.03671875 0.14027777777777778
0 0.419140625 0.00625 0.02421875 0.0125
0 0.053125 0.8881944444444444 0.034375 0.05694444444444444
0 0.673828125 0.08125 0.021875 0.06805555555555555
0 0.21875 0.5513888888888889 0.04765625 0.15138888888888888
0 0.16484375 0.005555555555555556 0.0234375 0.011111111111111112