0 0.762109375 0.6986111111111111 0.08515625 0.18194444444444444
0 0.430859375 0.6298611111111111 0.0734375 0.16111111111111112
0 0.851171875 0.48055555555555557 0.08984375 0.19027777777777777
0 0.408203125 0.2076388888888889 0.0640625 0.1375
0 0.51640625 0.5451388888888888 0.0765625 0.17083333333333334
0 0.54921875 0.05138888888888889 0.0578125 0.10277777777777777
0 0.925390625 0.17708333333333334 0.0890625 0.18888888888888888
0 0.436328125 0.18125 0.05390625 0.11944444444444445
0 0.440625 0.08541666666666667 0.0546875 0.12361111111111112
0 0.65859375 0.6423611111111112 0.090625 0.2
0 0.08671875 0.6201388888888889 0.07734375 0.16111111111111112
0 0.01875 0.6097222222222223 0.0375 0.13055555555555556
0 0.868359375 0.6604166666666667 0.0671875 0.11666666666666667
0 0.330859375 0.36875 0.07109375 0.16111111111111112
0 0.4703125 0.020833333333333332 0.040625 0.041666666666666664
0 0.111328125 0.9631944444444445 0.08046875 0.07361111111111111
0 0.67265625 0.8590277777777777 0.071875 0.11527777777777778
0 0.45546875 0.027777777777777776 0.034375 0.05555555555555555
0 0.45546875 0.16597222222222222 0.04765625 0.1111111111111111
0 0.389453125 0.10277777777777777 0.0640625 0.13333333333333333
0 0.330078125 0.16527777777777777 0.0359375 0.08888888888888889
0 0.25859375 0.7604166666666666 0.07890625 0.17083333333333334
0 0.285546875 0.7277777777777777 0.0625 0.1375
0 0.228125 0.7652777777777777 0.0734375 0.1638888888888889
0 0.387109375 0.06319444444444444 0.028125 0.05277777777777778
0 0.03125 0.7868055555555555 0.05234375 0.12361111111111112
0 0.257421875 0.17847222222222223 0.02734375 0.03888888888888889