0 0.83828125 0.2965277777777778 0.034375 0.1388888888888889
0 0.608984375 0.31527777777777777 0.02890625 0.10833333333333334
0 0.569921875 0.4027777777777778 0.0359375 0.14166666666666666
0 0.662890625 0.6152777777777778 0.04296875 0.1625
0 0.490625 0.5194444444444445 0.03671875 0.14444444444444443
0 0.947265625 0.41180555555555554 0.04453125 0.15138888888888888
0 0.37734375 0.7145833333333333 0.0578125 0.20833333333333334
0 0.084765625 0.74375 0.046875 0.19166666666666668
0 0.293359375 0.4965277777777778 0.03515625 0.13472222222222222
0 0.431640625 0.08402777777777778 0.02734375 0.11666666666666667
0 0.37265625 0.22708333333333333 0.03046875 0.13055555555555556
0 0.719921875 0.01597222222222222 0.0359375 0.03194444444444444
0 0.187890625 0.07777777777777778 0.02890625 0.09444444444444444
0 0.548046875 0.5645833333333333 0.02734375 0.14166666666666666
0 0.49140625 0.18125 0.02421875 0.12083333333333333
0 0.512890625 0.41041666666666665 0.03984375 0.15833333333333333
0 0.2984375 0.6444444444444445 0.04296875 0.15833333333333333
0 0.376171875 0.041666666666666664 0.02421875 0.07916666666666666
0 0.384375 0.15763888888888888 0.028125 0.11805555555555555
0 0.455859375 0.08958333333333333 0.0265625 0.12222222222222222
0 0.61796875 0.21319444444444444 0.03046875 0.11666666666666667
0 0.0515625 0.15833333333333333 0.03203125 0.125
0 0.730859375 0.08333333333333333 0.02265625 0.13472222222222222
0 0.126171875 0.06180555555555556 0.0359375 0.12361111111111112
0 0.587109375 0.021527777777777778 0.021875 0.043055555555555555
0 0.22265625 0.45416666666666666 0.0265625 0.07083333333333333
0 0.25 0.5131944444444444 0.03046875 0.13055555555555556
0 0.668359375 0.04097222222222222 0.025 0.08194444444444444
0 0.22109375 0.5263888888888889 0.04140625 0.15
0 0.9359375 0.14166666666666666 0.025 0.10416666666666667
0 0.54453125 0.0125 0.015625 0.025
0 0.50234375 0.018055555555555554 0.01875 0.03611111111111111
0 0.189453125 0.5083333333333333 0.03359375 0.14444444444444443
0 0.91015625 0.2375 0.03671875 0.12638888888888888
0 0.918359375 0.14097222222222222 0.03203125 0.10694444444444444
0 0.5203125 0.015277777777777777 0.01640625 0.030555555555555555
0 0.9765625 0.9881944444444445 0.046875 0.02361111111111111
0 0.641796875 0.03958333333333333 0.02734375 0.07916666666666666
0 0.618359375 0.03611111111111111 0.02734375 0.07222222222222222
0 0.946484375 0.009722222222222222 0.01875 0.018055555555555554
0 0.9953125 0.024305555555555556 0.009375 0.04861111111111111