0 0.642578125 0.5027777777777778 0.06328125 0.11944444444444445
0 0.598046875 0.74375 0.08984375 0.16944444444444445
0 0.83359375 0.7138888888888889 0.078125 0.1486111111111111
0 0.593359375 0.4909722222222222 0.0765625 0.14583333333333334
0 0.351171875 0.4875 0.10546875 0.1986111111111111
0 0.6984375 0.4048611111111111 0.06328125 0.11944444444444445
0 0.506640625 0.13055555555555556 0.071875 0.1361111111111111
0 0.544140625 0.08958333333333333 0.059375 0.11388888888888889
0 0.6046875 0.2520833333333333 0.0625 0.12083333333333333
0 0.862890625 0.9416666666666667 0.09140625 0.11666666666666667
0 0.091015625 0.24375 0.10546875 0.1986111111111111
0 0.335546875 0.27361111111111114 0.07578125 0.14305555555555555
0 0.284375 0.39652777777777776 0.09296875 0.1736111111111111
0 0.478515625 0.53125 0.084375 0.1597222222222222
0 0.603125 0.10347222222222222 0.06171875 0.11805555555555555
0 0.5265625 0.5805555555555556 0.0703125 0.1361111111111111
0 0.617578125 0.1284722222222222 0.06328125 0.12083333333333333
0 0.827734375 0.44722222222222224 0.06484375 0.125
0 0.53515625 0.45555555555555555 0.0875 0.16666666666666666
0 0.9125 0.7770833333333333 0.08046875 0.15138888888888888
0 0.30625 0.14583333333333334 0.04609375 0.08472222222222223
0 0.576953125 0.02013888888888889 0.03828125 0.04027777777777778
0 0.7921875 0.33194444444444443 0.04609375 0.08611111111111111
0 0.30546875 0.22152777777777777 0.0703125 0.13472222222222222
0 0.964453125 0.7430555555555556 0.065625 0.125
0 0.690625 0.15555555555555556 0.0296875 0.05277777777777778
0 0.74609375 0.2361111111111111 0.0265625 0.04722222222222222
0 0.673828125 0.13472222222222222 0.0296875 0.05416666666666667
0 0.2765625 0.19930555555555557 0.0859375 0.1625
0 0.26171875 0.14930555555555555 0.078125 0.1486111111111111
0 0.755078125 0.27708333333333335 0.04453125 0.08333333333333333
0 0.76953125 0.3013888888888889 0.0484375 0.09027777777777778
0 0.71328125 0.17708333333333334 0.0171875 0.029166666666666667
0 0.953125 0.7173611111111111 0.05625 0.10694444444444444
0 0.86328125 0.4083333333333333 0.034375 0.058333333333333334
0 0.765234375 0.2604166666666667 0.02421875 0.043055555555555555