0 0.61875 0.19722222222222222 0.0625 0.125
0 0.7390625 0.4 0.0625 0.12777777777777777
0 0.96640625 0.6423611111111112 0.065625 0.12916666666666668
0 0.861328125 0.9458333333333333 0.09140625 0.10833333333333334
0 0.675390625 0.25277777777777777 0.059375 0.12361111111111112
0 0.411328125 0.875 0.11171875 0.2222222222222222
0 0.503515625 0.4840277777777778 0.0734375 0.15138888888888888
0 0.472265625 0.1951388888888889 0.08359375 0.16666666666666666
0 0.824609375 0.39305555555555555 0.05703125 0.12222222222222222
0 0.858984375 0.4041666666666667 0.05703125 0.11666666666666667
0 0.378125 0.5055555555555555 0.08671875 0.1763888888888889
0 0.519921875 0.9 0.13203125 0.2
0 0.79296875 0.2972222222222222 0.04375 0.08472222222222223
0 0.64375 0.23333333333333334 0.0515625 0.10416666666666667
0 0.980078125 0.6486111111111111 0.03984375 0.1361111111111111
0 0.137890625 0.6222222222222222 0.06875 0.1111111111111111
0 0.98671875 0.74375 0.0265625 0.1125
0 0.76953125 0.2659722222222222 0.03828125 0.075
0 0.571875 0.06111111111111111 0.053125 0.10555555555555556
0 0.63515625 0.30972222222222223 0.05234375 0.1111111111111111
0 0.72265625 0.22361111111111112 0.03828125 0.0763888888888889
0 0.740625 0.23194444444444445 0.04140625 0.08055555555555556
0 0.2640625 0.2298611111111111 0.084375 0.16805555555555557
0 0.65234375 0.13194444444444445 0.05078125 0.09861111111111111
0 0.964453125 0.8354166666666667 0.05703125 0.12083333333333333
0 0.294140625 0.25555555555555554 0.071875 0.14444444444444443
0 0.296484375 0.1840277777777778 0.034375 0.06527777777777778
0 0.248828125 0.18263888888888888 0.07890625 0.1597222222222222
0 0.548046875 0.8909722222222223 0.07265625 0.1375
0 0.720703125 0.2152777777777778 0.0375 0.075
0 0.6078125 0.03611111111111111 0.02265625 0.0375
0 0.566015625 0.05277777777777778 0.0484375 0.1
0 0.675 0.11666666666666667 0.021875 0.03333333333333333
0 0.62578125 0.059027777777777776 0.021875 0.03611111111111111