0 0.567578125 0.43472222222222223 0.03671875 0.14166666666666666
0 0.38671875 0.17222222222222222 0.028125 0.10694444444444444
0 0.4921875 0.4951388888888889 0.03828125 0.14583333333333334
0 0.58984375 0.029166666666666667 0.02421875 0.058333333333333334
0 0.964453125 0.9416666666666667 0.06328125 0.11666666666666667
0 0.602734375 0.29305555555555557 0.03046875 0.10972222222222222
0 0.845703125 0.3236111111111111 0.0390625 0.1375
0 0.302734375 0.6076388888888888 0.04921875 0.1527777777777778
0 0.490234375 0.16527777777777777 0.0234375 0.125
0 0.0765625 0.7041666666666667 0.0609375 0.18611111111111112
0 0.94140625 0.38472222222222224 0.0453125 0.1527777777777778
0 0.54375 0.6104166666666667 0.02890625 0.15
0 0.518359375 0.3840277777777778 0.0390625 0.15694444444444444
0 0.29921875 0.46875 0.03359375 0.12361111111111112
0 0.373828125 0.24930555555555556 0.03046875 0.13194444444444445
0 0.67890625 0.04652777777777778 0.0328125 0.09027777777777778
0 0.730078125 0.09027777777777778 0.01875 0.12361111111111112
0 0.655078125 0.6597222222222222 0.0453125 0.16527777777777777
0 0.427734375 0.08958333333333333 0.02265625 0.11805555555555555
0 0.169140625 0.08333333333333333 0.03515625 0.09444444444444444
0 0.6171875 0.2326388888888889 0.0328125 0.10833333333333334
0 0.37890625 0.05 0.02265625 0.09305555555555556
0 0.45703125 0.09513888888888888 0.0265625 0.11805555555555555
0 0.37890625 0.7451388888888889 0.0515625 0.20416666666666666
0 0.125 0.05694444444444444 0.0296875 0.1111111111111111
0 0.0515625 0.15833333333333333 0.0328125 0.12361111111111112
0 0.609765625 0.02361111111111111 0.021875 0.04722222222222222
0 0.18984375 0.5090277777777777 0.03515625 0.1388888888888889
0 0.990625 0.29097222222222224 0.01875 0.125
0 0.519140625 0.9784722222222222 0.0484375 0.043055555555555555
0 0.219921875 0.5284722222222222 0.03984375 0.14722222222222223
0 0.24921875 0.5173611111111112 0.03125 0.13333333333333333
0 0.993359375 0.020833333333333332 0.01328125 0.041666666666666664
0 0.621484375 0.041666666666666664 0.0234375 0.058333333333333334
0 0.222265625 0.45625 0.02578125 0.05555555555555555
0 0.90859375 0.22013888888888888 0.03671875 0.13194444444444445
0 0.945703125 0.010416666666666666 0.0171875 0.019444444444444445
0 0.540234375 0.017361111111111112 0.01484375 0.034722222222222224
0 0.646875 0.034027777777777775 0.02109375 0.06805555555555555
0 0.69921875 0.01597222222222222 0.02890625 0.03194444444444444
0 0.928125 0.12013888888888889 0.0234375 0.07361111111111111
0 0.50078125 0.015277777777777777 0.01796875 0.030555555555555555