0 0.6484375 0.3375 0.05390625 0.15416666666666667
0 0.07265625 0.86875 0.06875 0.16944444444444445
0 0.539453125 0.25 0.04765625 0.1388888888888889
0 0.6171875 0.41180555555555554 0.046875 0.13194444444444445
0 0.768359375 0.07013888888888889 0.04765625 0.14027777777777778
0 0.3453125 0.9138888888888889 0.0703125 0.17222222222222222
0 0.442578125 0.05763888888888889 0.0390625 0.09861111111111111
0 0.377734375 0.5548611111111111 0.07265625 0.1986111111111111
0 0.3234375 0.18125 0.04296875 0.12916666666666668
0 0.8953125 0.16666666666666666 0.05859375 0.15138888888888888
0 0.5765625 0.08680555555555555 0.03984375 0.11388888888888889
0 0.9765625 0.4111111111111111 0.046875 0.18333333333333332
0 0.333984375 0.12083333333333333 0.0390625 0.11527777777777778
0 0.480078125 0.9625 0.06015625 0.075
0 0.475 0.04583333333333333 0.0328125 0.09166666666666666
0 0.459375 0.2916666666666667 0.0453125 0.14722222222222223
0 0.923046875 0.043055555555555555 0.04609375 0.08611111111111111
0 0.53125 0.7118055555555556 0.06484375 0.19027777777777777
0 0.530859375 0.5611111111111111 0.06640625 0.1875
0 0.305078125 0.7423611111111111 0.05625 0.15694444444444444
0 0.384375 0.08611111111111111 0.03515625 0.10416666666666667
0 0.406640625 0.0763888888888889 0.0359375 0.10555555555555556
0 0.671875 0.03333333333333333 0.0390625 0.06666666666666667
0 0.582421875 0.0125 0.03046875 0.025
0 0.898828125 0.04027777777777778 0.04140625 0.08055555555555556
0 0.537109375 0.37777777777777777 0.0390625 0.1388888888888889
0 0.084375 0.275 0.05625 0.14444444444444443
0 0.018359375 0.3576388888888889 0.03671875 0.12638888888888888
0 0.238671875 0.1638888888888889 0.03984375 0.10138888888888889
0 0.555859375 0.013888888888888888 0.03046875 0.027777777777777776
0 0.223828125 0.5604166666666667 0.034375 0.07222222222222222
0 0.5421875 0.025694444444444443 0.0296875 0.05138888888888889
0 0.228515625 0.6305555555555555 0.0609375 0.16805555555555557
0 0.196875 0.6243055555555556 0.053125 0.15694444444444444
0 0.258203125 0.6069444444444444 0.05546875 0.1486111111111111