0 0.78984375 0.55 0.04375 0.15694444444444444
0 0.3890625 0.044444444444444446 0.02734375 0.08472222222222223
0 0.578515625 0.10208333333333333 0.02421875 0.09305555555555556
0 0.780859375 0.39652777777777776 0.0375 0.14166666666666666
0 0.05 0.81875 0.0625 0.16944444444444445
0 0.496875 0.23819444444444443 0.03125 0.12222222222222222
0 0.618359375 0.9048611111111111 0.05078125 0.1875
0 0.13671875 0.07916666666666666 0.03046875 0.1111111111111111
0 0.8890625 0.07430555555555556 0.03125 0.11805555555555555
0 0.62578125 0.17777777777777778 0.03359375 0.11527777777777778
0 0.951953125 0.20694444444444443 0.034375 0.12638888888888888
0 0.7515625 0.7381944444444445 0.04921875 0.1638888888888889
0 0.386328125 0.26666666666666666 0.03046875 0.1361111111111111
0 0.146484375 0.5243055555555556 0.04296875 0.1638888888888889
0 0.532421875 0.175 0.03828125 0.1361111111111111
0 0.980859375 0.6888888888888889 0.03828125 0.18194444444444444
0 0.690625 0.05138888888888889 0.02421875 0.09444444444444444
0 0.956640625 0.022222222222222223 0.021875 0.044444444444444446
0 0.415625 0.46458333333333335 0.04375 0.1527777777777778
0 0.741015625 0.08333333333333333 0.03359375 0.16666666666666666
0 0.061328125 0.16944444444444445 0.02890625 0.12361111111111112
0 0.21015625 0.06458333333333334 0.0296875 0.10694444444444444
0 0.371484375 0.6361111111111111 0.046875 0.19583333333333333
0 0.852734375 0.06319444444444444 0.028125 0.10277777777777777
0 0.608203125 0.49722222222222223 0.04296875 0.15416666666666667
0 0.225 0.4708333333333333 0.0265625 0.05555555555555555
0 0.315625 0.3284722222222222 0.0421875 0.14444444444444443
0 0.31328125 0.23402777777777778 0.03203125 0.09166666666666666
0 0.908203125 0.18263888888888888 0.05 0.1986111111111111
0 0.42109375 0.022222222222222223 0.021875 0.044444444444444446
0 0.641015625 0.16458333333333333 0.028125 0.13472222222222222
0 0.19296875 0.51875 0.03203125 0.14305555555555555
0 0.453125 0.12083333333333333 0.025 0.11805555555555555
0 0.427734375 0.125 0.02421875 0.12083333333333333
0 0.48515625 0.03333333333333333 0.02265625 0.06666666666666667
0 0.838671875 0.06875 0.01953125 0.10277777777777777
0 0.90234375 0.225 0.03984375 0.12361111111111112
0 0.251953125 0.5319444444444444 0.0359375 0.12638888888888888
0 0.483203125 0.12569444444444444 0.02890625 0.1125
0 0.199609375 0.0125 0.03046875 0.025
0 0.218359375 0.5472222222222223 0.03828125 0.1486111111111111
0 0.66953125 0.07708333333333334 0.01875 0.07361111111111111
0 0.91640625 0.14652777777777778 0.0390625 0.11805555555555555
0 0.99375 0.13472222222222222 0.0125 0.11666666666666667
0 0.7375 0.0375 0.028125 0.07083333333333333
0 0.161328125 0.00625 0.02578125 0.0125
0 0.43671875 0.12152777777777778 0.0453125 0.12916666666666668