0 0.435546875 0.6111111111111112 0.07578125 0.15138888888888888
0 0.791796875 0.6597222222222222 0.078125 0.14722222222222223
0 0.51015625 0.04027777777777778 0.0640625 0.08055555555555556
0 0.862109375 0.55 0.0859375 0.1625
0 0.398046875 0.09444444444444444 0.0546875 0.10833333333333334
0 0.3921875 0.24305555555555555 0.06640625 0.13055555555555556
0 0.91171875 0.08541666666666667 0.09375 0.17083333333333334
0 0.839453125 0.36180555555555555 0.09609375 0.19166666666666668
0 0.41796875 0.2048611111111111 0.05859375 0.11527777777777778
0 0.528515625 0.5673611111111111 0.08515625 0.16944444444444445
0 0.02578125 0.7347222222222223 0.0515625 0.13055555555555556
0 0.31484375 0.4 0.078125 0.15416666666666667
0 0.64375 0.5993055555555555 0.109375 0.21944444444444444
0 0.430859375 0.02638888888888889 0.04296875 0.05277777777777778
0 0.0984375 0.7375 0.08828125 0.16805555555555557
0 0.41875 0.03611111111111111 0.03671875 0.07083333333333333
0 0.062109375 0.9076388888888889 0.065625 0.1361111111111111
0 0.4265625 0.17152777777777778 0.04375 0.0875
0 0.313671875 0.19583333333333333 0.05234375 0.10416666666666667
0 0.3046875 0.7736111111111111 0.06875 0.13472222222222222
0 0.28203125 0.8180555555555555 0.08359375 0.1638888888888889
0 0.354296875 0.09375 0.0296875 0.05416666666666667
0 0.25078125 0.83125 0.078125 0.15555555555555556
0 0.36484375 0.1361111111111111 0.0625 0.125
0 0.266015625 0.7597222222222222 0.03515625 0.06666666666666667