0 0.863671875 0.7888888888888889 0.05390625 0.18055555555555555
0 0.93203125 0.24097222222222223 0.03671875 0.13472222222222222
0 0.381640625 0.13541666666666666 0.028125 0.11666666666666667
0 0.590234375 0.18611111111111112 0.025 0.09861111111111111
0 0.850390625 0.6256944444444444 0.04296875 0.15833333333333333
0 0.904296875 0.1423611111111111 0.03203125 0.12222222222222222
0 0.944921875 0.3402777777777778 0.0421875 0.14166666666666666
0 0.495703125 0.35 0.03515625 0.13055555555555556
0 0.610546875 0.8 0.040625 0.1638888888888889
0 0.63671875 0.9638888888888889 0.0578125 0.07222222222222222
0 0.10859375 0.7298611111111111 0.04609375 0.16944444444444445
0 0.571484375 0.6305555555555555 0.040625 0.1597222222222222
0 0.903515625 0.48333333333333334 0.03828125 0.1625
0 0.11015625 0.9111111111111111 0.05859375 0.1736111111111111
0 0.626953125 0.06527777777777778 0.0265625 0.10972222222222222
0 0.626953125 0.3506944444444444 0.0328125 0.12777777777777777
0 0.61171875 0.08541666666666667 0.02578125 0.1111111111111111
0 0.400390625 0.2951388888888889 0.03203125 0.13055555555555556
0 0.731640625 0.09375 0.02421875 0.125
0 0.53828125 0.26458333333333334 0.04296875 0.15555555555555556
0 0.37265625 0.40625 0.040625 0.1638888888888889
0 0.22734375 0.022916666666666665 0.02734375 0.04583333333333333
0 0.549609375 0.8708333333333333 0.03828125 0.18611111111111112
0 0.139453125 0.030555555555555555 0.03203125 0.06111111111111111
0 0.483984375 0.08333333333333333 0.0265625 0.1125
0 0.7046875 0.04861111111111111 0.028125 0.09722222222222222
0 0.990234375 0.20277777777777778 0.01953125 0.10833333333333334
0 0.987890625 0.3298611111111111 0.02421875 0.1388888888888889
0 0.88359375 0.09166666666666666 0.02578125 0.10416666666666667
0 0.56015625 0.017361111111111112 0.03671875 0.034722222222222224
0 0.51015625 0.05277777777777778 0.02265625 0.10277777777777777
0 0.459765625 0.10833333333333334 0.03046875 0.12361111111111112
0 0.31640625 0.3284722222222222 0.0390625 0.10416666666666667
0 0.428125 0.10347222222222222 0.0234375 0.11527777777777778
0 0.3171875 0.4375 0.0578125 0.16527777777777777
0 0.668359375 0.05138888888888889 0.02421875 0.09305555555555556
0 0.191796875 0.5131944444444444 0.0328125 0.14583333333333334
0 0.866796875 0.09722222222222222 0.02578125 0.10694444444444444
0 0.012890625 0.5486111111111112 0.025 0.15
0 0.05625 0.14166666666666666 0.03359375 0.16944444444444445
0 0.952734375 0.01597222222222222 0.02265625 0.03194444444444444
0 0.06015625 0.10277777777777777 0.03046875 0.1
0 0.21953125 0.5347222222222222 0.04375 0.15138888888888888
0 0.2265625 0.46041666666666664 0.02265625 0.05694444444444444
0 0.251953125 0.5236111111111111 0.0421875 0.13055555555555556
0 0.367578125 0.9881944444444445 0.053125 0.02361111111111111
0 0.263671875 0.013888888888888888 0.0203125 0.027777777777777776
0 0.01015625 0.00625 0.01953125 0.0125
0 0.995703125 0.013888888888888888 0.00859375 0.027777777777777776