0 0.871875 0.7284722222222222 0.05859375 0.1736111111111111
0 0.919921875 0.18472222222222223 0.03984375 0.12916666666666668
0 0.4890625 0.3472222222222222 0.0390625 0.13194444444444445
0 0.626171875 0.7805555555555556 0.04765625 0.16805555555555557
0 0.8890625 0.09236111111111112 0.03671875 0.12916666666666668
0 0.576953125 0.17291666666666666 0.0296875 0.10416666666666667
0 0.120703125 0.7743055555555556 0.0546875 0.17777777777777778
0 0.853515625 0.5833333333333334 0.05078125 0.16944444444444445
0 0.3671875 0.15416666666666667 0.0328125 0.12222222222222222
0 0.934375 0.28402777777777777 0.0484375 0.15
0 0.902734375 0.4375 0.046875 0.16805555555555557
0 0.577734375 0.6361111111111111 0.046875 0.175
0 0.12578125 0.9333333333333333 0.0640625 0.13333333333333333
0 0.392578125 0.3111111111111111 0.0359375 0.13333333333333333
0 0.619140625 0.3375 0.03671875 0.12083333333333333
0 0.655859375 0.95 0.05703125 0.07083333333333333
0 0.526171875 0.25972222222222224 0.04296875 0.15138888888888888
0 0.565234375 0.8673611111111111 0.04296875 0.17916666666666667
0 0.715234375 0.06666666666666667 0.02890625 0.12777777777777777
0 0.36953125 0.43125 0.04765625 0.16111111111111112
0 0.535546875 0.015277777777777777 0.03046875 0.030555555555555555
0 0.122265625 0.07569444444444444 0.03359375 0.06388888888888888
0 0.595703125 0.07361111111111111 0.0296875 0.1125
0 0.206640625 0.059027777777777776 0.02578125 0.05
0 0.46796875 0.08611111111111111 0.03125 0.11666666666666667
0 0.97734375 0.1423611111111111 0.0234375 0.1125
0 0.980078125 0.2652777777777778 0.028125 0.13194444444444445
0 0.609375 0.05694444444444444 0.0296875 0.11388888888888889
0 0.412890625 0.11180555555555556 0.02890625 0.12083333333333333
0 0.309765625 0.35 0.03984375 0.10833333333333334
0 0.865625 0.04861111111111111 0.0265625 0.09722222222222222
0 0.689453125 0.0375 0.03046875 0.075
0 0.315625 0.4597222222222222 0.065625 0.175
0 0.491796875 0.05138888888888889 0.02734375 0.10277777777777777
0 0.44453125 0.11527777777777778 0.03515625 0.12638888888888888
0 0.19296875 0.5520833333333334 0.0375 0.14722222222222223
0 0.010546875 0.5965277777777778 0.02109375 0.14722222222222223
0 0.8484375 0.05763888888888889 0.02890625 0.10416666666666667
0 0.225390625 0.49583333333333335 0.0265625 0.06111111111111111
0 0.242578125 0.044444444444444446 0.01953125 0.030555555555555555
0 0.221484375 0.5694444444444444 0.0484375 0.15694444444444444
0 0.65078125 0.03888888888888889 0.0265625 0.07777777777777778
0 0.253515625 0.5534722222222223 0.04609375 0.13472222222222222
0 0.048046875 0.20555555555555555 0.034375 0.1486111111111111
0 0.040625 0.14027777777777778 0.02265625 0.06944444444444445
0 0.633203125 0.029861111111111113 0.02109375 0.05277777777777778
0 0.04375 0.1638888888888889 0.0296875 0.1125