0 0.783203125 0.09305555555555556 0.02734375 0.11944444444444445
0 0.57109375 0.16666666666666666 0.02890625 0.11527777777777778
0 0.499609375 0.09722222222222222 0.0296875 0.1125
0 0.039453125 0.17291666666666666 0.0375 0.10833333333333334
0 0.49140625 0.40069444444444446 0.03515625 0.14027777777777778
0 0.653515625 0.6548611111111111 0.04140625 0.13472222222222222
0 0.525 0.9347222222222222 0.0515625 0.12361111111111112
0 0.124609375 0.9138888888888889 0.0578125 0.16666666666666666
0 0.94765625 0.44583333333333336 0.0453125 0.1527777777777778
0 0.65859375 0.24722222222222223 0.03359375 0.1361111111111111
0 0.255859375 0.8798611111111111 0.04765625 0.17083333333333334
0 0.546875 0.7715277777777778 0.053125 0.20555555555555555
0 0.5296875 0.09791666666666667 0.0234375 0.09861111111111111
0 0.40625 0.7416666666666667 0.04296875 0.17222222222222222
0 0.73046875 0.07916666666666666 0.01953125 0.12083333333333333
0 0.744140625 0.9583333333333334 0.05625 0.08333333333333333
0 0.3765625 0.3402777777777778 0.04140625 0.15833333333333333
0 0.11953125 0.17569444444444443 0.040625 0.13472222222222222
0 0.6640625 0.06111111111111111 0.028125 0.10694444444444444
0 0.496875 0.027083333333333334 0.025 0.05416666666666667
0 0.548828125 0.25833333333333336 0.02265625 0.11805555555555555
0 0.64609375 0.03125 0.0234375 0.0625
0 0.435546875 0.022222222222222223 0.01953125 0.044444444444444446
0 0.080078125 0.016666666666666666 0.0328125 0.03333333333333333
0 0.458984375 0.022222222222222223 0.01953125 0.044444444444444446
0 0.978515625 0.19652777777777777 0.04296875 0.22083333333333333
0 0.21953125 0.5208333333333334 0.04296875 0.15138888888888888
0 0.392578125 0.019444444444444445 0.0171875 0.03888888888888889
0 0.611328125 0.0375 0.02734375 0.075
0 0.3703125 0.034722222222222224 0.02578125 0.06944444444444445
0 0.23515625 0.44930555555555557 0.0265625 0.06666666666666667
0 0.990625 0.26805555555555555 0.01875 0.12222222222222222
0 0.962890625 0.016666666666666666 0.03125 0.03333333333333333
0 0.250390625 0.5138888888888888 0.03671875 0.12777777777777777
0 0.005078125 0.2708333333333333 0.01015625 0.10972222222222222
0 0.366015625 0.07152777777777777 0.02421875 0.08888888888888889
0 0.1875 0.4965277777777778 0.0421875 0.14027777777777778
0 0.589453125 0.04652777777777778 0.01796875 0.06111111111111111
0 0.594140625 0.04861111111111111 0.01953125 0.0625