0 0.503515625 0.18611111111111112 0.0328125 0.11944444444444445
0 0.554296875 0.059722222222222225 0.02578125 0.09861111111111111
0 0.686328125 0.9631944444444445 0.053125 0.07361111111111111
0 0.410546875 0.5055555555555555 0.03671875 0.15416666666666667
0 0.39609375 0.19722222222222222 0.03203125 0.13055555555555556
0 0.671875 0.10625 0.0296875 0.11527777777777778
0 0.82734375 0.7145833333333333 0.0484375 0.1763888888888889
0 0.734375 0.07847222222222222 0.0265625 0.12638888888888888
0 0.914453125 0.06388888888888888 0.03359375 0.1125
0 0.9765625 0.6395833333333333 0.046875 0.16805555555555557
0 0.9484375 0.06041666666666667 0.0359375 0.10972222222222222
0 0.769921875 0.9020833333333333 0.04765625 0.1625
0 0.032421875 0.6743055555555556 0.06484375 0.175
0 0.974609375 0.17708333333333334 0.034375 0.11527777777777778
0 0.53515625 0.1875 0.028125 0.10833333333333334
0 0.03125 0.17291666666666666 0.034375 0.11944444444444445
0 0.5015625 0.6090277777777777 0.0359375 0.15833333333333333
0 0.966796875 0.12083333333333333 0.04140625 0.125
0 0.857421875 0.10694444444444444 0.03203125 0.11527777777777778
0 0.643359375 0.03333333333333333 0.01953125 0.06666666666666667
0 0.61015625 0.035416666666666666 0.0234375 0.07083333333333333
0 0.555078125 0.14583333333333334 0.01875 0.08611111111111111
0 0.096484375 0.2798611111111111 0.04140625 0.14444444444444443
0 0.51953125 0.08611111111111111 0.02890625 0.1
0 0.741015625 0.027083333333333334 0.02109375 0.05416666666666667
0 0.5703125 0.6875 0.04609375 0.20277777777777778
0 0.878515625 0.09444444444444444 0.02578125 0.10972222222222222
0 0.0125 0.37222222222222223 0.025 0.15
0 0.251171875 0.5090277777777777 0.03359375 0.12777777777777777
0 0.519921875 0.025 0.0203125 0.05
0 0.592578125 0.03680555555555556 0.01875 0.06805555555555555
0 0.219140625 0.5201388888888889 0.03984375 0.15
0 0.18984375 0.4986111111111111 0.03671875 0.1486111111111111
0 0.674609375 0.013194444444444444 0.01875 0.02638888888888889
0 0.3390625 0.01597222222222222 0.01953125 0.03194444444444444
0 0.22734375 0.4527777777777778 0.01953125 0.05416666666666667
0 0.503125 0.05277777777777778 0.02578125 0.10138888888888889
0 0.46328125 0.03819444444444445 0.01484375 0.05555555555555555
0 0.462890625 0.07083333333333333 0.01640625 0.075
0 0.86875 0.1 0.03984375 0.10972222222222222
0 0.88515625 0.06597222222222222 0.0140625 0.05416666666666667