0 0.780078125 0.4048611111111111 0.06015625 0.17083333333333334
0 0.159765625 0.625 0.05703125 0.1638888888888889
0 0.7859375 0.6215277777777778 0.0828125 0.20416666666666666
0 0.597265625 0.12986111111111112 0.04453125 0.13472222222222222
0 0.6140625 0.4826388888888889 0.05625 0.1625
0 0.334375 0.10625 0.0359375 0.1
0 0.67421875 0.8680555555555556 0.071875 0.15555555555555556
0 0.75234375 0.2652777777777778 0.053125 0.15694444444444444
0 0.524609375 0.07569444444444444 0.03359375 0.1
0 0.485546875 0.15486111111111112 0.05 0.14027777777777778
0 0.08046875 0.24930555555555556 0.04453125 0.11805555555555555
0 0.4625 0.2361111111111111 0.0484375 0.1388888888888889
0 0.898828125 0.04652777777777778 0.04453125 0.09305555555555556
0 0.412890625 0.5222222222222223 0.05546875 0.16111111111111112
0 0.629296875 0.019444444444444445 0.03515625 0.03888888888888889
0 0.361328125 0.3368055555555556 0.046875 0.1486111111111111
0 0.155078125 0.20555555555555555 0.0421875 0.11388888888888889
0 0.39453125 0.7277777777777777 0.065625 0.19722222222222222
0 0.031640625 0.35833333333333334 0.046875 0.13333333333333333
0 0.094140625 0.9472222222222222 0.07734375 0.10555555555555556
0 0.433203125 0.1597222222222222 0.03828125 0.11388888888888889
0 0.040234375 0.19930555555555557 0.03203125 0.05555555555555555
0 0.28203125 0.3090277777777778 0.040625 0.09861111111111111
0 0.298046875 0.4027777777777778 0.05546875 0.14444444444444443
0 0.579296875 0.15555555555555556 0.03828125 0.12638888888888888
0 0.85234375 0.06527777777777778 0.0625 0.13055555555555556
0 0.387109375 0.16805555555555557 0.04609375 0.12916666666666668
0 0.987109375 0.5284722222222222 0.02578125 0.14027777777777778
0 0.230078125 0.5833333333333334 0.03125 0.06666666666666667
0 0.40859375 0.15347222222222223 0.040625 0.13194444444444445
0 0.68359375 0.044444444444444446 0.0453125 0.08888888888888889
0 0.26328125 0.6319444444444444 0.05390625 0.14583333333333334
0 0.208984375 0.6541666666666667 0.06015625 0.1638888888888889
0 0.424609375 0.05486111111111111 0.02421875 0.07222222222222222
0 0.1390625 0.15555555555555556 0.0359375 0.05138888888888889
0 0.231640625 0.6631944444444444 0.06171875 0.1625
0 0.350390625 0.07291666666666667 0.03359375 0.058333333333333334
0 0.3625 0.05 0.01796875 0.019444444444444445