0 0.8171875 0.19027777777777777 0.03203125 0.12916666666666668
0 0.56953125 0.275 0.03203125 0.12916666666666668
0 0.0359375 0.6840277777777778 0.04921875 0.1486111111111111
0 0.666015625 0.4083333333333333 0.03515625 0.14305555555555555
0 0.368359375 0.12083333333333333 0.02734375 0.12361111111111112
0 0.62421875 0.4576388888888889 0.03359375 0.12222222222222222
0 0.13984375 0.94375 0.05546875 0.1125
0 0.295703125 0.8423611111111111 0.05 0.1736111111111111
0 0.9265625 0.3326388888888889 0.04140625 0.14444444444444443
0 0.501171875 0.04513888888888889 0.03046875 0.08888888888888889
0 0.374609375 0.50625 0.0484375 0.18055555555555555
0 0.9796875 0.5979166666666667 0.040625 0.15694444444444444
0 0.50234375 0.7076388888888889 0.04296875 0.16805555555555557
0 0.626953125 0.12777777777777777 0.0265625 0.10555555555555556
0 0.28359375 0.6513888888888889 0.040625 0.14722222222222223
0 0.384375 0.06388888888888888 0.02734375 0.10972222222222222
0 0.52109375 0.56875 0.04375 0.175
0 0.487109375 0.27847222222222223 0.02890625 0.1361111111111111
0 0.462109375 0.05277777777777778 0.02421875 0.10555555555555556
0 0.420703125 0.9625 0.0515625 0.075
0 0.97265625 0.20069444444444445 0.03203125 0.11805555555555555
0 0.43984375 0.050694444444444445 0.0234375 0.09861111111111111
0 0.53359375 0.044444444444444446 0.02109375 0.08611111111111111
0 0.948046875 0.1951388888888889 0.03125 0.10694444444444444
0 0.846484375 0.019444444444444445 0.0328125 0.03888888888888889
0 0.73125 0.08263888888888889 0.02265625 0.12777777777777777
0 0.2796875 0.06597222222222222 0.0265625 0.09305555555555556
0 0.5515625 0.4013888888888889 0.0234375 0.13333333333333333
0 0.121875 0.11527777777777778 0.03828125 0.13055555555555556
0 0.6453125 0.034722222222222224 0.0234375 0.06944444444444445
0 0.04296875 0.16666666666666666 0.034375 0.11527777777777778
0 0.21875 0.51875 0.0421875 0.15555555555555556
0 0.22421875 0.45 0.02734375 0.0625
0 0.61953125 0.03333333333333333 0.02265625 0.06666666666666667
0 0.603515625 0.04375 0.02265625 0.06805555555555555
0 0.1890625 0.5006944444444444 0.03515625 0.1486111111111111
0 0.251171875 0.50625 0.0390625 0.13472222222222222
0 0.99296875 0.02847222222222222 0.0140625 0.05694444444444444
0 0.946875 0.006944444444444444 0.02265625 0.013888888888888888