0 0.653125 0.41180555555555554 0.05625 0.11527777777777778
0 0.501953125 0.46458333333333335 0.07421875 0.15138888888888888
0 0.840625 0.7326388888888888 0.07734375 0.16111111111111112
0 0.38203125 0.9166666666666666 0.0703125 0.11805555555555555
0 0.567578125 0.5388888888888889 0.078125 0.16111111111111112
0 0.016015625 0.4479166666666667 0.03203125 0.12916666666666668
0 0.943359375 0.6354166666666666 0.1046875 0.21805555555555556
0 0.818359375 0.38958333333333334 0.05546875 0.12222222222222222
0 0.501953125 0.12777777777777777 0.059375 0.12361111111111112
0 0.55859375 0.8326388888888889 0.0984375 0.20277777777777778
0 0.90546875 0.8263888888888888 0.0828125 0.16805555555555557
0 0.5375 0.03263888888888889 0.053125 0.06527777777777778
0 0.488671875 0.6576388888888889 0.06953125 0.1486111111111111
0 0.3125 0.3638888888888889 0.08125 0.1625
0 0.30859375 0.625 0.1109375 0.22916666666666666
0 0.46484375 0.18125 0.0703125 0.14722222222222223
0 0.56171875 0.4083333333333333 0.078125 0.16111111111111112
0 0.075 0.2013888888888889 0.1 0.20416666666666666
0 0.6015625 0.2013888888888889 0.05703125 0.12222222222222222
0 0.727734375 0.2111111111111111 0.05 0.09027777777777778
0 0.6796875 0.4131944444444444 0.059375 0.12361111111111112
0 0.56796875 0.09236111111111112 0.0578125 0.12361111111111112
0 0.78671875 0.29791666666666666 0.05 0.10138888888888889
0 0.351953125 0.26319444444444445 0.07109375 0.14583333333333334
0 0.58984375 0.12708333333333333 0.06328125 0.13194444444444445
0 0.284375 0.1875 0.03828125 0.07222222222222222
0 0.765625 0.26805555555555555 0.0453125 0.09444444444444444
0 0.973046875 0.8048611111111111 0.05390625 0.12638888888888888
0 0.23984375 0.19930555555555557 0.07109375 0.14722222222222223
0 0.680859375 0.14097222222222222 0.03203125 0.058333333333333334
0 0.2578125 0.24583333333333332 0.07890625 0.16111111111111112
0 0.28671875 0.2638888888888889 0.06875 0.14027777777777778
0 0.910546875 0.9506944444444444 0.06328125 0.09861111111111111
0 0.654296875 0.09583333333333334 0.02421875 0.04027777777777778
0 0.75078125 0.24305555555555555 0.03984375 0.07777777777777778