0 0.65390625 0.6798611111111111 0.0453125 0.14583333333333334
0 0.66015625 0.22777777777777777 0.03046875 0.12638888888888888
0 0.13125 0.9256944444444445 0.0609375 0.14305555555555555
0 0.530078125 0.9486111111111111 0.05546875 0.10277777777777777
0 0.778515625 0.08263888888888889 0.02890625 0.11805555555555555
0 0.499609375 0.09791666666666667 0.0296875 0.1125
0 0.569921875 0.1527777777777778 0.028125 0.11666666666666667
0 0.038671875 0.16805555555555557 0.03671875 0.1111111111111111
0 0.406640625 0.7236111111111111 0.04140625 0.1736111111111111
0 0.491796875 0.40694444444444444 0.0328125 0.14027777777777778
0 0.94921875 0.45694444444444443 0.04453125 0.15138888888888888
0 0.72421875 0.9388888888888889 0.0640625 0.11944444444444445
0 0.530078125 0.10277777777777777 0.0234375 0.1
0 0.54609375 0.7826388888888889 0.053125 0.19027777777777777
0 0.666796875 0.05138888888888889 0.02734375 0.1
0 0.254296875 0.9055555555555556 0.0484375 0.1763888888888889
0 0.73203125 0.07777777777777778 0.025 0.125
0 0.376953125 0.33055555555555555 0.046875 0.16944444444444445
0 0.498828125 0.02638888888888889 0.02890625 0.05277777777777778
0 0.371484375 0.027777777777777776 0.02578125 0.05555555555555555
0 0.646875 0.03194444444444444 0.02421875 0.06388888888888888
0 0.373046875 0.06527777777777778 0.03125 0.09444444444444444
0 0.122265625 0.17847222222222223 0.040625 0.1361111111111111
0 0.547265625 0.2520833333333333 0.02265625 0.12083333333333333
0 0.458984375 0.02013888888888889 0.01953125 0.04027777777777778
0 0.97421875 0.1736111111111111 0.0515625 0.15138888888888888
0 0.436328125 0.017361111111111112 0.01796875 0.034722222222222224
0 0.2203125 0.5166666666666667 0.04453125 0.15
0 0.967578125 0.0125 0.04296875 0.025
0 0.803515625 0.9805555555555555 0.04921875 0.03888888888888889
0 0.234765625 0.4486111111111111 0.02578125 0.06111111111111111
0 0.39296875 0.017361111111111112 0.01640625 0.034722222222222224
0 0.610546875 0.03888888888888889 0.02890625 0.07777777777777778
0 0.979296875 0.25972222222222224 0.03671875 0.12638888888888888
0 0.007421875 0.2791666666666667 0.01484375 0.10277777777777777
0 0.09140625 0.011805555555555555 0.0359375 0.02361111111111111
0 0.250390625 0.50625 0.03984375 0.13194444444444445
0 0.189453125 0.5013888888888889 0.03359375 0.1388888888888889
0 0.596875 0.041666666666666664 0.02265625 0.07777777777777778
0 0.591015625 0.03958333333333333 0.0234375 0.07916666666666666