0 0.547265625 0.33611111111111114 0.05234375 0.14722222222222223
0 0.790625 0.13125 0.053125 0.14583333333333334
0 0.570703125 0.14722222222222223 0.04375 0.12083333333333333
0 0.3015625 0.6180555555555556 0.05703125 0.1527777777777778
0 0.338671875 0.18541666666666667 0.040625 0.11527777777777778
0 0.5046875 0.5625 0.06015625 0.16527777777777777
0 0.937890625 0.2604166666666667 0.06796875 0.1736111111111111
0 0.159765625 0.9243055555555556 0.09140625 0.15138888888888888
0 0.333984375 0.25763888888888886 0.046875 0.1361111111111111
0 0.668359375 0.4840277777777778 0.06328125 0.1763888888888889
0 0.5890625 0.30625 0.04375 0.12361111111111112
0 0.332421875 0.7673611111111112 0.06953125 0.1763888888888889
0 0.38046875 0.11041666666666666 0.0375 0.11805555555555555
0 0.44921875 0.21388888888888888 0.0421875 0.13055555555555556
0 0.66875 0.03125 0.0421875 0.0625
0 0.405859375 0.6881944444444444 0.08125 0.22777777777777777
0 0.400390625 0.10138888888888889 0.04140625 0.11805555555555555
0 0.4984375 0.4395833333333333 0.06015625 0.16527777777777777
0 0.320703125 0.09166666666666666 0.028125 0.06111111111111111
0 0.078125 0.24375 0.05859375 0.1388888888888889
0 0.55078125 0.4930555555555556 0.04609375 0.14583333333333334
0 0.019921875 0.35833333333333334 0.03984375 0.13055555555555556
0 0.43671875 0.03680555555555556 0.02578125 0.05416666666666667
0 0.887890625 0.018055555555555554 0.04296875 0.03611111111111111
0 0.87265625 0.07708333333333334 0.0625 0.15416666666666667
0 0.20078125 0.6347222222222222 0.0515625 0.15833333333333333
0 0.225390625 0.56875 0.034375 0.075
0 0.869140625 0.01875 0.03984375 0.0375
0 0.25859375 0.6152777777777778 0.04921875 0.14027777777777778
0 0.4609375 0.025694444444444443 0.028125 0.05138888888888889
0 0.232421875 0.6423611111111112 0.0609375 0.1638888888888889
0 0.591796875 0.011805555555555555 0.03515625 0.02361111111111111
0 0.1671875 0.19930555555555557 0.0359375 0.09861111111111111
0 0.56640625 0.019444444444444445 0.0375 0.03888888888888889
0 0.54765625 0.021527777777777778 0.034375 0.043055555555555555