0 0.569140625 0.19652777777777777 0.0296875 0.12083333333333333
0 0.791796875 0.12430555555555556 0.02890625 0.11527777777777778
0 0.659765625 0.2902777777777778 0.0328125 0.13194444444444445
0 0.643359375 0.5902777777777778 0.04296875 0.1388888888888889
0 0.4984375 0.0763888888888889 0.028125 0.1125
0 0.4859375 0.3548611111111111 0.03203125 0.14027777777777778
0 0.408203125 0.8194444444444444 0.04453125 0.16805555555555557
0 0.26796875 0.79375 0.0453125 0.15138888888888888
0 0.518359375 0.8784722222222222 0.05078125 0.18888888888888888
0 0.371875 0.059722222222222225 0.02578125 0.11527777777777778
0 0.121875 0.1527777777777778 0.03515625 0.12638888888888888
0 0.037109375 0.1736111111111111 0.03203125 0.1111111111111111
0 0.435546875 0.03125 0.02578125 0.0625
0 0.940234375 0.4125 0.0453125 0.1527777777777778
0 0.294921875 0.9659722222222222 0.059375 0.06805555555555555
0 0.09921875 0.8340277777777778 0.05234375 0.15138888888888888
0 0.530859375 0.07777777777777778 0.021875 0.09861111111111111
0 0.458984375 0.029861111111111113 0.0234375 0.059722222222222225
0 0.54140625 0.6993055555555555 0.053125 0.1986111111111111
0 0.38203125 0.39305555555555555 0.04140625 0.15555555555555556
0 0.545703125 0.3055555555555556 0.021875 0.11944444444444445
0 0.73046875 0.08194444444444444 0.021875 0.125
0 0.390234375 0.030555555555555555 0.028125 0.06111111111111111
0 0.64921875 0.07361111111111111 0.02890625 0.1111111111111111
0 0.4875 0.021527777777777778 0.02421875 0.043055555555555555
0 0.963671875 0.24305555555555555 0.03359375 0.12222222222222222
0 0.609765625 0.03194444444444444 0.0234375 0.06388888888888888
0 0.041796875 0.01875 0.028125 0.0375
0 0.21875 0.5229166666666667 0.04453125 0.15138888888888888
0 0.3328125 0.06597222222222222 0.015625 0.09861111111111111
0 0.232421875 0.44930555555555557 0.0234375 0.06388888888888888
0 0.985546875 0.21944444444444444 0.02890625 0.17777777777777778
0 0.64375 0.020833333333333332 0.02421875 0.041666666666666664
0 0.18828125 0.4979166666666667 0.040625 0.14166666666666666
0 0.928125 0.018055555555555554 0.040625 0.03611111111111111
0 0.248828125 0.5152777777777777 0.0375 0.13333333333333333
0 0.591015625 0.052083333333333336 0.02265625 0.04722222222222222