0 0.834765625 0.01875 0.06953125 0.0375
0 0.508984375 0.17083333333333334 0.05078125 0.11388888888888889
0 0.883203125 0.05277777777777778 0.07421875 0.10555555555555556
0 0.931640625 0.5361111111111111 0.0984375 0.21805555555555556
0 0.583203125 0.5173611111111112 0.07578125 0.17777777777777778
0 0.462890625 0.39375 0.06640625 0.15
0 0.727734375 0.7631944444444444 0.0890625 0.19166666666666668
0 0.880078125 0.3798611111111111 0.08359375 0.18333333333333332
0 0.3015625 0.24097222222222223 0.0515625 0.12361111111111112
0 0.491796875 0.9631944444444445 0.08359375 0.07361111111111111
0 0.657421875 0.7493055555555556 0.08046875 0.18194444444444444
0 0.83046875 0.14583333333333334 0.075 0.16666666666666666
0 0.084765625 0.9111111111111111 0.08671875 0.17777777777777778
0 0.50078125 0.03194444444444444 0.05 0.06388888888888888
0 0.613671875 0.7416666666666667 0.075 0.18194444444444444
0 0.571875 0.23958333333333334 0.059375 0.1375
0 0.349609375 0.3701388888888889 0.0578125 0.1375
0 0.479296875 0.28402777777777777 0.0734375 0.16944444444444445
0 0.030078125 0.46041666666666664 0.0515625 0.1125
0 0.355078125 0.4791666666666667 0.07578125 0.1736111111111111
0 0.32890625 0.6152777777777778 0.08125 0.17777777777777778
0 0.48671875 0.04097222222222222 0.0515625 0.08194444444444444
0 0.022265625 0.5395833333333333 0.04453125 0.13194444444444445
0 0.400390625 0.07847222222222222 0.03984375 0.09166666666666666
0 0.4609375 0.010416666666666666 0.0359375 0.020833333333333332
0 0.337890625 0.1986111111111111 0.0546875 0.13055555555555556
0 0.390625 0.15486111111111112 0.0546875 0.12777777777777777
0 0.296875 0.5125 0.0625 0.13194444444444445
0 0.905859375 0.021527777777777778 0.04140625 0.043055555555555555
0 0.366796875 0.18055555555555555 0.0546875 0.12777777777777777
0 0.055078125 0.37083333333333335 0.0515625 0.09583333333333334
0 0.242578125 0.6770833333333334 0.0359375 0.07083333333333333
0 0.226171875 0.7520833333333333 0.0671875 0.1597222222222222
0 0.253515625 0.7465277777777778 0.0796875 0.1736111111111111
0 0.283203125 0.7138888888888889 0.0734375 0.15694444444444444
0 0.533984375 0.0125 0.04609375 0.025