0 0.580859375 0.7208333333333333 0.04453125 0.16527777777777777
0 0.827734375 0.6923611111111111 0.04765625 0.17777777777777778
0 0.497265625 0.3034722222222222 0.0328125 0.12777777777777777
0 0.65 0.7604166666666666 0.05703125 0.15555555555555556
0 0.934375 0.5520833333333334 0.0453125 0.1597222222222222
0 0.81640625 0.5277777777777778 0.03984375 0.14722222222222223
0 0.894140625 0.11458333333333333 0.034375 0.12083333333333333
0 0.619140625 0.4097222222222222 0.03515625 0.13055555555555556
0 0.928125 0.2875 0.03984375 0.13055555555555556
0 0.021875 0.11805555555555555 0.03828125 0.09583333333333334
0 0.1921875 0.03888888888888889 0.0375 0.07777777777777778
0 0.37890625 0.18055555555555555 0.028125 0.12222222222222222
0 0.616015625 0.11736111111111111 0.028125 0.11666666666666667
0 0.405078125 0.3541666666666667 0.03203125 0.1388888888888889
0 0.583984375 0.15763888888888888 0.025 0.1
0 0.127734375 0.6541666666666667 0.0484375 0.1875
0 0.97734375 0.2777777777777778 0.03359375 0.13055555555555556
0 0.091015625 0.8840277777777777 0.0609375 0.18333333333333332
0 0.568359375 0.9520833333333333 0.03984375 0.09583333333333334
0 0.319921875 0.40347222222222223 0.04453125 0.14444444444444443
0 0.9265625 0.2076388888888889 0.03671875 0.12777777777777777
0 0.72890625 0.09930555555555555 0.021875 0.12222222222222222
0 0.534765625 0.22847222222222222 0.03671875 0.14305555555555555
0 0.681640625 0.04583333333333333 0.0234375 0.09027777777777778
0 0.36875 0.49027777777777776 0.0421875 0.175
0 0.058203125 0.16875 0.0328125 0.12222222222222222
0 0.953515625 0.02013888888888889 0.02109375 0.04027777777777778
0 0.63125 0.10694444444444444 0.02734375 0.12361111111111112
0 0.717578125 0.04583333333333333 0.025 0.09166666666666666
0 0.484375 0.06805555555555555 0.02265625 0.1125
0 0.234375 0.03194444444444444 0.03125 0.06388888888888888
0 0.14609375 0.021527777777777778 0.02578125 0.043055555555555555
0 0.45546875 0.11527777777777778 0.02734375 0.11944444444444445
0 0.506640625 0.01875 0.02890625 0.0375
0 0.868359375 0.0798611111111111 0.02421875 0.10555555555555556
0 0.991796875 0.16805555555555557 0.01640625 0.1125
0 0.315234375 0.2972222222222222 0.04140625 0.09305555555555556
0 0.849609375 0.08263888888888889 0.0234375 0.10138888888888889
0 0.428515625 0.1076388888888889 0.02578125 0.11944444444444445
0 0.225 0.4708333333333333 0.02578125 0.0625
0 0.499609375 0.075 0.02109375 0.10833333333333334
0 0.4 0.01597222222222222 0.02578125 0.03194444444444444
0 0.18984375 0.5173611111111112 0.03515625 0.14166666666666666
0 0.663671875 0.07708333333333334 0.0203125 0.058333333333333334
0 0.219140625 0.5368055555555555 0.04453125 0.1527777777777778
0 0.253515625 0.525 0.04453125 0.13472222222222222
0 0.13828125 0.02638888888888889 0.03125 0.05