0 0.658203125 0.6916666666666667 0.040625 0.1375
0 0.56953125 0.1388888888888889 0.028125 0.11527777777777778
0 0.255078125 0.9138888888888889 0.04921875 0.15416666666666667
0 0.403125 0.6854166666666667 0.040625 0.16111111111111112
0 0.708203125 0.9194444444444444 0.05546875 0.16111111111111112
0 0.66171875 0.21944444444444444 0.0296875 0.13194444444444445
0 0.5015625 0.10972222222222222 0.0296875 0.11666666666666667
0 0.776953125 0.06805555555555555 0.03125 0.11805555555555555
0 0.49609375 0.42430555555555555 0.03203125 0.1375
0 0.9515625 0.46875 0.04609375 0.15416666666666667
0 0.38359375 0.30972222222222223 0.0375 0.14583333333333334
0 0.530859375 0.10416666666666667 0.0234375 0.09861111111111111
0 0.040234375 0.16805555555555557 0.0390625 0.1125
0 0.73203125 0.07361111111111111 0.02421875 0.12638888888888888
0 0.52734375 0.9652777777777778 0.05625 0.06944444444444445
0 0.139453125 0.9409722222222222 0.0609375 0.11805555555555555
0 0.80625 0.9611111111111111 0.05 0.07777777777777778
0 0.4984375 0.027083333333333334 0.02890625 0.05416666666666667
0 0.9625 0.16319444444444445 0.05546875 0.12638888888888888
0 0.5484375 0.8173611111111111 0.05625 0.21666666666666667
0 0.122265625 0.18541666666666667 0.04765625 0.14305555555555555
0 0.6703125 0.04513888888888889 0.02734375 0.08888888888888889
0 0.5484375 0.22777777777777777 0.02109375 0.11805555555555555
0 0.64609375 0.03125 0.021875 0.0625
0 0.982421875 0.27291666666666664 0.03515625 0.125
0 0.437890625 0.013888888888888888 0.01796875 0.027777777777777776
0 0.009765625 0.28888888888888886 0.01875 0.08472222222222223
0 0.459765625 0.01875 0.0171875 0.0375
0 0.219921875 0.5152777777777777 0.0453125 0.1527777777777778
0 0.23671875 0.44513888888888886 0.02578125 0.059722222222222225
0 0.612109375 0.034027777777777775 0.02265625 0.06805555555555555
0 0.97578125 0.1486111111111111 0.046875 0.15
0 0.373828125 0.035416666666666666 0.03203125 0.07083333333333333
0 0.189453125 0.49930555555555556 0.03359375 0.14444444444444443
0 0.97421875 0.011805555555555555 0.0375 0.02361111111111111
0 0.2515625 0.5013888888888889 0.04140625 0.1361111111111111
0 0.595703125 0.04236111111111111 0.01796875 0.06805555555555555
0 0.394140625 0.010416666666666666 0.015625 0.019444444444444445
0 0.373046875 0.05416666666666667 0.0375 0.10833333333333334
0 0.97734375 0.10555555555555556 0.03203125 0.06527777777777778
0 0.978515625 0.12430555555555556 0.03671875 0.10277777777777777