0 0.748046875 0.7708333333333334 0.078125 0.175
0 0.5125 0.02638888888888889 0.0453125 0.05277777777777778
0 0.66875 0.20347222222222222 0.04453125 0.10277777777777777
0 0.778125 0.6256944444444444 0.06875 0.15694444444444444
0 0.0328125 0.4354166666666667 0.065625 0.2013888888888889
0 0.56171875 0.2625 0.05859375 0.13472222222222222
0 0.50625 0.9256944444444445 0.0921875 0.1486111111111111
0 0.9546875 0.42083333333333334 0.05703125 0.13055555555555556
0 0.692578125 0.30833333333333335 0.05859375 0.12916666666666668
0 0.973828125 0.5881944444444445 0.05234375 0.14027777777777778
0 0.6671875 0.9083333333333333 0.084375 0.18333333333333332
0 0.45546875 0.2013888888888889 0.0609375 0.14583333333333334
0 0.176171875 0.2465277777777778 0.07890625 0.18055555555555555
0 0.609375 0.23333333333333334 0.06796875 0.1527777777777778
0 0.885546875 0.9736111111111111 0.07890625 0.05277777777777778
0 0.78203125 0.24513888888888888 0.0453125 0.10416666666666667
0 0.4328125 0.40208333333333335 0.07734375 0.17083333333333334
0 0.81953125 0.31319444444444444 0.07109375 0.1763888888888889
0 0.35078125 0.5222222222222223 0.090625 0.2125
0 0.924609375 0.38263888888888886 0.05078125 0.11388888888888889
0 0.598046875 0.5819444444444445 0.0765625 0.17222222222222222
0 0.26015625 0.25972222222222224 0.0375 0.07083333333333333
0 0.3765625 0.20208333333333334 0.0734375 0.1625
0 0.39765625 0.11527777777777778 0.0515625 0.10694444444444444
0 0.9453125 0.5326388888888889 0.09375 0.21805555555555556
0 0.546484375 0.01875 0.03046875 0.0375
0 0.709375 0.30833333333333335 0.05859375 0.14305555555555555
0 0.21953125 0.2777777777777778 0.0640625 0.15416666666666667
0 0.551171875 0.12291666666666666 0.0515625 0.125
0 0.52734375 0.10694444444444444 0.0515625 0.12777777777777777
0 0.6015625 0.06875 0.03671875 0.07777777777777778
0 0.910546875 0.3763888888888889 0.04296875 0.10694444444444444
0 0.929296875 0.5666666666666667 0.06640625 0.14166666666666666
0 0.269140625 0.33541666666666664 0.06328125 0.14166666666666666
0 0.57734375 0.15069444444444444 0.05390625 0.12361111111111112
0 0.23515625 0.3229166666666667 0.07109375 0.1638888888888889
0 0.756640625 0.2520833333333333 0.03515625 0.08055555555555556
0 0.961328125 0.5069444444444444 0.0640625 0.1361111111111111
0 0.82734375 0.26944444444444443 0.04296875 0.08611111111111111
0 0.536328125 0.11041666666666666 0.07265625 0.15138888888888888