0 0.838671875 0.2986111111111111 0.034375 0.1375
0 0.6625 0.6166666666666667 0.0421875 0.1597222222222222
0 0.5703125 0.40555555555555556 0.03515625 0.14166666666666666
0 0.608984375 0.31527777777777777 0.02890625 0.10833333333333334
0 0.08359375 0.7388888888888889 0.046875 0.19027777777777777
0 0.490625 0.5180555555555556 0.03671875 0.14583333333333334
0 0.946484375 0.4083333333333333 0.04453125 0.1486111111111111
0 0.29453125 0.4930555555555556 0.03515625 0.12916666666666668
0 0.3765625 0.7166666666666667 0.059375 0.20833333333333334
0 0.43125 0.08402777777777778 0.02734375 0.11666666666666667
0 0.49140625 0.17847222222222223 0.025 0.12222222222222222
0 0.71796875 0.015277777777777777 0.03203125 0.030555555555555555
0 0.3765625 0.043055555555555555 0.02578125 0.08194444444444444
0 0.548046875 0.5673611111111111 0.025 0.14027777777777778
0 0.373046875 0.2298611111111111 0.03125 0.13333333333333333
0 0.294140625 0.6416666666666667 0.04140625 0.16111111111111112
0 0.61796875 0.2125 0.02890625 0.10833333333333334
0 0.45703125 0.09236111111111112 0.028125 0.125
0 0.0515625 0.15833333333333333 0.03046875 0.125
0 0.186328125 0.07361111111111111 0.0265625 0.09722222222222222
0 0.38515625 0.15625 0.028125 0.11527777777777778
0 0.51328125 0.41041666666666665 0.04140625 0.15694444444444444
0 0.1265625 0.06041666666666667 0.03515625 0.12083333333333333
0 0.587109375 0.022916666666666665 0.021875 0.04583333333333333
0 0.73046875 0.08472222222222223 0.02109375 0.13333333333333333
0 0.66796875 0.044444444444444446 0.021875 0.08333333333333333
0 0.25 0.5104166666666666 0.03046875 0.13055555555555556
0 0.189453125 0.5090277777777777 0.03359375 0.14166666666666666
0 0.223046875 0.45416666666666666 0.02734375 0.06527777777777778
0 0.219921875 0.51875 0.0390625 0.15138888888888888
0 0.502734375 0.018055555555555554 0.01875 0.03611111111111111
0 0.544140625 0.013194444444444444 0.01640625 0.02638888888888889
0 0.93515625 0.1388888888888889 0.0265625 0.09861111111111111
0 0.973046875 0.9861111111111112 0.05390625 0.027777777777777776
0 0.91328125 0.24583333333333332 0.0421875 0.13333333333333333
0 0.946484375 0.009722222222222222 0.01875 0.018055555555555554
0 0.61953125 0.035416666666666666 0.028125 0.07083333333333333
0 0.9140625 0.14166666666666666 0.0296875 0.10138888888888889
0 0.520703125 0.015277777777777777 0.01640625 0.030555555555555555
0 0.641015625 0.03888888888888889 0.02734375 0.0763888888888889
0 0.995703125 0.022222222222222223 0.00859375 0.044444444444444446
0 0.993359375 0.31180555555555556 0.01328125 0.12222222222222222