0 0.56875 0.2875 0.03125 0.12916666666666668
0 0.6234375 0.4479166666666667 0.0359375 0.12916666666666668
0 0.3 0.8173611111111111 0.05 0.17916666666666667
0 0.135546875 0.9291666666666667 0.0546875 0.14166666666666666
0 0.976953125 0.5854166666666667 0.046875 0.175
0 0.028515625 0.6694444444444444 0.05625 0.15833333333333333
0 0.669140625 0.42569444444444443 0.03671875 0.1388888888888889
0 0.501953125 0.04027777777777778 0.0296875 0.08055555555555556
0 0.370703125 0.1361111111111111 0.03125 0.12777777777777777
0 0.972265625 0.19305555555555556 0.0328125 0.11805555555555555
0 0.93046875 0.31805555555555554 0.040625 0.14722222222222223
0 0.5015625 0.6784722222222223 0.04375 0.15833333333333333
0 0.280859375 0.6340277777777777 0.04140625 0.14444444444444443
0 0.5171875 0.5361111111111111 0.04453125 0.16666666666666666
0 0.486328125 0.2569444444444444 0.0296875 0.12361111111111112
0 0.819140625 0.20277777777777778 0.0328125 0.13194444444444445
0 0.551171875 0.41180555555555554 0.025 0.12638888888888888
0 0.460546875 0.05486111111111111 0.025 0.10694444444444444
0 0.534765625 0.04027777777777778 0.021875 0.07777777777777778
0 0.38515625 0.07569444444444444 0.02421875 0.10833333333333334
0 0.43984375 0.05763888888888889 0.0234375 0.1125
0 0.378125 0.5152777777777777 0.04765625 0.1763888888888889
0 0.731640625 0.08402777777777778 0.0234375 0.125
0 0.83046875 0.01875 0.0359375 0.0375
0 0.123046875 0.10902777777777778 0.04453125 0.13194444444444445
0 0.94296875 0.19027777777777777 0.03046875 0.10833333333333334
0 0.624609375 0.1423611111111111 0.0265625 0.10833333333333334
0 0.046875 0.16527777777777777 0.03125 0.11527777777777778
0 0.646875 0.035416666666666666 0.0234375 0.07083333333333333
0 0.26796875 0.06111111111111111 0.0203125 0.09166666666666666
0 0.225 0.4486111111111111 0.02578125 0.06388888888888888
0 0.422265625 0.98125 0.053125 0.0375
0 0.21875 0.51875 0.04140625 0.1527777777777778
0 0.621875 0.030555555555555555 0.02265625 0.06111111111111111
0 0.18984375 0.5013888888888889 0.034375 0.14722222222222223
0 0.604296875 0.04097222222222222 0.02265625 0.07083333333333333
0 0.251171875 0.5097222222222222 0.03671875 0.13472222222222222
0 0.946875 0.006944444444444444 0.02109375 0.013888888888888888