0 0.58125 0.14375 0.028125 0.1
0 0.135546875 0.6125 0.04765625 0.17222222222222222
0 0.971484375 0.25972222222222224 0.034375 0.12777777777777777
0 0.808203125 0.4888888888888889 0.04296875 0.1486111111111111
0 0.17734375 0.04652777777777778 0.02734375 0.09166666666666666
0 0.822265625 0.6548611111111111 0.04609375 0.17083333333333334
0 0.677734375 0.7506944444444444 0.0390625 0.15694444444444444
0 0.53203125 0.2076388888888889 0.0328125 0.1361111111111111
0 0.940625 0.5833333333333334 0.04375 0.17083333333333334
0 0.591015625 0.7652777777777777 0.04609375 0.17777777777777778
0 0.380859375 0.1986111111111111 0.02734375 0.12777777777777777
0 0.496875 0.2902777777777778 0.03125 0.13194444444444445
0 0.22421875 0.034722222222222224 0.02890625 0.06944444444444445
0 0.625390625 0.12777777777777777 0.03828125 0.11666666666666667
0 0.91953125 0.27569444444444446 0.040625 0.14305555555555555
0 0.894140625 0.10972222222222222 0.03046875 0.12083333333333333
0 0.05859375 0.16944444444444445 0.03125 0.12083333333333333
0 0.451171875 0.11388888888888889 0.0265625 0.12361111111111112
0 0.92421875 0.18055555555555555 0.03359375 0.10555555555555556
0 0.49140625 0.08680555555555555 0.0296875 0.10416666666666667
0 0.083984375 0.8659722222222223 0.06640625 0.2111111111111111
0 0.859765625 0.07291666666666667 0.02578125 0.10833333333333334
0 0.397265625 0.018055555555555554 0.0203125 0.03611111111111111
0 0.730078125 0.09444444444444444 0.021875 0.1361111111111111
0 0.36875 0.5194444444444445 0.03828125 0.1736111111111111
0 0.6140625 0.43125 0.03828125 0.14166666666666666
0 0.31953125 0.3770833333333333 0.04453125 0.1486111111111111
0 0.406640625 0.37916666666666665 0.03203125 0.14444444444444443
0 0.95390625 0.02013888888888889 0.02109375 0.04027777777777778
0 0.4265625 0.10972222222222222 0.025 0.11666666666666667
0 0.00859375 0.13194444444444445 0.015625 0.06944444444444445
0 0.1484375 0.016666666666666666 0.0234375 0.03333333333333333
0 0.68515625 0.04722222222222222 0.02265625 0.09166666666666666
0 0.314453125 0.27291666666666664 0.03671875 0.09305555555555556
0 0.84609375 0.07847222222222222 0.02265625 0.10416666666666667
0 0.576953125 0.9763888888888889 0.0453125 0.04722222222222222
0 0.992578125 0.16527777777777777 0.01484375 0.10555555555555556
0 0.21875 0.5375 0.04375 0.1527777777777778
0 0.226171875 0.4625 0.02265625 0.05
0 0.190234375 0.51875 0.03828125 0.14444444444444443
0 0.6640625 0.075 0.01953125 0.06666666666666667
0 0.2515625 0.5243055555555556 0.0390625 0.13333333333333333
0 0.72421875 0.050694444444444445 0.02734375 0.09861111111111111