0 0.553515625 0.5743055555555555 0.07421875 0.1638888888888889
0 0.65078125 0.34930555555555554 0.05625 0.12222222222222222
0 0.51640625 0.4215277777777778 0.0703125 0.15694444444444444
0 0.037109375 0.5069444444444444 0.07421875 0.21666666666666667
0 0.932421875 0.7027777777777777 0.075 0.1625
0 0.855078125 0.7180555555555556 0.07265625 0.16111111111111112
0 0.475 0.17430555555555555 0.0578125 0.12916666666666668
0 0.946484375 0.5590277777777778 0.0625 0.13472222222222222
0 0.54140625 0.8986111111111111 0.0953125 0.20277777777777778
0 0.942578125 0.8291666666666667 0.0796875 0.17083333333333334
0 0.504296875 0.04722222222222222 0.05078125 0.09444444444444444
0 0.478125 0.7270833333333333 0.06640625 0.15555555555555556
0 0.571875 0.37430555555555556 0.07421875 0.16666666666666666
0 0.4390625 0.9118055555555555 0.0828125 0.1763888888888889
0 0.0640625 0.21597222222222223 0.10390625 0.20555555555555555
0 0.665625 0.42083333333333334 0.05859375 0.13055555555555556
0 0.28046875 0.7423611111111111 0.103125 0.2263888888888889
0 0.32734375 0.36527777777777776 0.08828125 0.18888888888888888
0 0.436328125 0.24375 0.0671875 0.15555555555555556
0 0.809765625 0.33194444444444443 0.05390625 0.13194444444444445
0 0.9875 0.68125 0.025 0.12361111111111112
0 0.709375 0.18680555555555556 0.04765625 0.10555555555555556
0 0.5890625 0.15694444444444444 0.05625 0.13333333333333333
0 0.54140625 0.08958333333333333 0.053125 0.125
0 0.64296875 0.10625 0.0375 0.07777777777777778
0 0.937109375 0.4840277777777778 0.05 0.1111111111111111
0 0.36328125 0.25833333333333336 0.06328125 0.13472222222222222
0 0.052734375 0.5930555555555556 0.0671875 0.11944444444444445
0 0.267578125 0.2326388888888889 0.03671875 0.07083333333333333
0 0.566796875 0.11944444444444445 0.05234375 0.12222222222222222
0 0.787890625 0.25972222222222224 0.0453125 0.10416666666666667
0 0.242578125 0.2916666666666667 0.0796875 0.17083333333333334
0 0.75625 0.21666666666666667 0.03984375 0.08333333333333333
0 0.961328125 0.48680555555555555 0.053125 0.10833333333333334
0 0.2234375 0.25277777777777777 0.06953125 0.15694444444444444
0 0.274609375 0.31180555555555556 0.071875 0.1527777777777778
0 0.755078125 0.25277777777777777 0.0296875 0.06388888888888888
0 0.721484375 0.19236111111111112 0.04921875 0.10138888888888889
0 0.045703125 0.5715277777777777 0.09140625 0.1597222222222222
0 0.9484375 0.4875 0.07109375 0.1375