0 0.079296875 0.9118055555555555 0.05703125 0.175
0 0.5921875 0.25416666666666665 0.03046875 0.1125
0 0.5671875 0.5131944444444444 0.03984375 0.1527777777777778
0 0.49296875 0.4326388888888889 0.0375 0.14583333333333334
0 0.93515625 0.3277777777777778 0.04140625 0.14722222222222223
0 0.905078125 0.8055555555555556 0.06015625 0.17222222222222222
0 0.86640625 0.3861111111111111 0.0421875 0.15
0 0.38125 0.08402777777777778 0.02421875 0.11388888888888889
0 0.36796875 0.8756944444444444 0.05703125 0.20277777777777778
0 0.909375 0.18472222222222223 0.034375 0.12222222222222222
0 0.31171875 0.5333333333333333 0.046875 0.16111111111111112
0 0.390625 0.22361111111111112 0.03125 0.11527777777777778
0 0.042578125 0.6263888888888889 0.059375 0.18194444444444444
0 0.623828125 0.28125 0.03046875 0.12222222222222222
0 0.64453125 0.7944444444444444 0.05 0.18194444444444444
0 0.977734375 0.43125 0.04453125 0.15138888888888888
0 0.905078125 0.9375 0.06171875 0.125
0 0.376171875 0.3104166666666667 0.03203125 0.1375
0 0.72890625 0.09236111111111112 0.021875 0.12638888888888888
0 0.551171875 0.9236111111111112 0.0421875 0.1486111111111111
0 0.528515625 0.3326388888888889 0.040625 0.1486111111111111
0 0.54140625 0.7118055555555556 0.03359375 0.15138888888888888
0 0.98984375 0.24930555555555556 0.0203125 0.11805555555555555
0 0.599609375 0.04722222222222222 0.025 0.09027777777777778
0 0.3125 0.41458333333333336 0.03359375 0.11805555555555555
0 0.12421875 0.9631944444444445 0.05390625 0.07361111111111111
0 0.12890625 0.04236111111111111 0.0296875 0.08472222222222223
0 0.0578125 0.15902777777777777 0.03125 0.11944444444444445
0 0.12421875 0.09375 0.0328125 0.09166666666666666
0 0.223828125 0.45694444444444443 0.02421875 0.05555555555555555
0 0.42734375 0.10138888888888889 0.02734375 0.11805555555555555
0 0.5265625 0.029861111111111113 0.021875 0.059722222222222225
0 0.489453125 0.12777777777777777 0.0265625 0.12777777777777777
0 0.458203125 0.10902777777777778 0.025 0.11527777777777778
0 0.8890625 0.11875 0.03125 0.10833333333333334
0 0.6921875 0.030555555555555555 0.021875 0.06111111111111111
0 0.21875 0.5319444444444444 0.0421875 0.1527777777777778
0 0.190234375 0.5118055555555555 0.034375 0.14166666666666666
0 0.9859375 0.013888888888888888 0.02578125 0.027777777777777776
0 0.651171875 0.03333333333333333 0.0234375 0.06666666666666667
0 0.94609375 0.011805555555555555 0.02265625 0.02361111111111111
0 0.61328125 0.04027777777777778 0.0265625 0.08055555555555556
0 0.249609375 0.5229166666666667 0.034375 0.13055555555555556
0 0.65703125 0.06736111111111111 0.0171875 0.058333333333333334
0 0.689453125 0.06319444444444444 0.02421875 0.07222222222222222
0 0.0046875 0.9131944444444444 0.009375 0.11805555555555555
0 0.630078125 0.03611111111111111 0.02109375 0.07083333333333333
0 0.280859375 0.00625 0.03046875 0.0125