0 0.51171875 0.11597222222222223 0.04453125 0.1111111111111111
0 0.176171875 0.8173611111111111 0.0765625 0.19027777777777777
0 0.9015625 0.034722222222222224 0.05625 0.06944444444444445
0 0.789453125 0.3111111111111111 0.06796875 0.16527777777777777
0 0.11171875 0.25763888888888886 0.04296875 0.10277777777777777
0 0.833203125 0.4597222222222222 0.075 0.18888888888888888
0 0.7140625 0.6340277777777777 0.065625 0.17083333333333334
0 0.4765625 0.2048611111111111 0.05625 0.14722222222222223
0 0.93203125 0.3236111111111111 0.07265625 0.1875
0 0.634765625 0.6979166666666666 0.07578125 0.19444444444444445
0 0.33203125 0.28402777777777777 0.04921875 0.1361111111111111
0 0.45859375 0.3034722222222222 0.05390625 0.14305555555555555
0 0.15390625 0.21944444444444444 0.03984375 0.08194444444444444
0 0.550390625 0.07569444444444444 0.0578125 0.13194444444444445
0 0.855078125 0.06180555555555556 0.06484375 0.12361111111111112
0 0.023828125 0.4423611111111111 0.04765625 0.13194444444444445
0 0.383203125 0.16319444444444445 0.04765625 0.13194444444444445
0 0.416015625 0.11458333333333333 0.046875 0.11527777777777778
0 0.314453125 0.10347222222222222 0.02578125 0.04583333333333333
0 0.64296875 0.027083333333333334 0.0453125 0.05416666666666667
0 0.379296875 0.5944444444444444 0.06796875 0.18611111111111112
0 0.5953125 0.36875 0.0625 0.15555555555555556
0 0.30703125 0.48819444444444443 0.06953125 0.16666666666666666
0 0.389453125 0.4395833333333333 0.05703125 0.15555555555555556
0 0.358984375 0.1736111111111111 0.0453125 0.125
0 0.07890625 0.2465277777777778 0.028125 0.044444444444444446
0 0.2828125 0.3923611111111111 0.0515625 0.10972222222222222
0 0.66015625 0.9055555555555556 0.0515625 0.07083333333333333
0 0.241015625 0.6979166666666666 0.06953125 0.16944444444444445
0 0.234375 0.6229166666666667 0.03046875 0.059722222222222225
0 0.210546875 0.6972222222222222 0.0625 0.15833333333333333
0 0.576953125 0.02013888888888889 0.03046875 0.04027777777777778
0 0.26953125 0.6666666666666666 0.06171875 0.1486111111111111