0 0.62109375 0.40902777777777777 0.06953125 0.1486111111111111
0 0.487890625 0.21041666666666667 0.06015625 0.13333333333333333
0 0.380859375 0.1111111111111111 0.0546875 0.11944444444444445
0 0.43828125 0.34930555555555554 0.06171875 0.14305555555555555
0 0.434375 0.9722222222222222 0.090625 0.05555555555555555
0 0.841796875 0.04097222222222222 0.07578125 0.08194444444444444
0 0.58828125 0.7430555555555556 0.0875 0.19027777777777777
0 0.365625 0.8958333333333334 0.0796875 0.1736111111111111
0 0.337890625 0.13055555555555556 0.04375 0.08888888888888889
0 0.276171875 0.25277777777777777 0.05703125 0.12638888888888888
0 0.544140625 0.9145833333333333 0.08984375 0.17083333333333334
0 0.277734375 0.2013888888888889 0.04453125 0.1
0 0.408203125 0.08472222222222223 0.0453125 0.10277777777777777
0 0.212890625 0.2875 0.04921875 0.10416666666666667
0 0.6015625 0.22569444444444445 0.0671875 0.1486111111111111
0 0.560546875 0.5791666666666667 0.0875 0.18888888888888888
0 0.319921875 0.15 0.04296875 0.08888888888888889
0 0.379296875 0.5541666666666667 0.0953125 0.20972222222222223
0 0.018359375 0.6090277777777777 0.03671875 0.13194444444444445
0 0.499609375 0.3229166666666667 0.053125 0.12638888888888888
0 0.970703125 0.2569444444444444 0.05859375 0.17777777777777778
0 0.512890625 0.04791666666666667 0.05859375 0.09583333333333334
0 0.353125 0.09583333333333334 0.0296875 0.05277777777777778
0 0.248828125 0.6875 0.03515625 0.06944444444444445
0 0.069921875 0.50625 0.06953125 0.14722222222222223
0 0.259375 0.7625 0.0796875 0.17222222222222222
0 0.468359375 0.01875 0.03984375 0.0375
0 0.28515625 0.7222222222222222 0.07109375 0.1527777777777778
0 0.23046875 0.7631944444444444 0.07109375 0.15555555555555556
0 0.459375 0.029861111111111113 0.0359375 0.059722222222222225