0 0.61015625 0.3388888888888889 0.0296875 0.1125
0 0.66328125 0.575 0.04296875 0.15694444444444444
0 0.8328125 0.2826388888888889 0.03515625 0.14166666666666666
0 0.568359375 0.3861111111111111 0.0328125 0.14166666666666666
0 0.381640625 0.6604166666666667 0.05234375 0.18055555555555555
0 0.617578125 0.2 0.0296875 0.1125
0 0.371484375 0.20902777777777778 0.03203125 0.13055555555555556
0 0.385546875 0.13541666666666666 0.0265625 0.10833333333333334
0 0.490625 0.19027777777777777 0.025 0.12083333333333333
0 0.9484375 0.44513888888888886 0.04375 0.16111111111111112
0 0.094140625 0.7708333333333334 0.053125 0.17916666666666667
0 0.2921875 0.5145833333333333 0.03671875 0.13194444444444445
0 0.297265625 0.6673611111111111 0.046875 0.15694444444444444
0 0.494921875 0.5486111111111112 0.03984375 0.1486111111111111
0 0.435546875 0.07847222222222222 0.025 0.11666666666666667
0 0.549609375 0.53125 0.02734375 0.1361111111111111
0 0.455859375 0.08125 0.02890625 0.11388888888888889
0 0.73203125 0.08472222222222223 0.02421875 0.12777777777777777
0 0.123828125 0.06597222222222222 0.0390625 0.12083333333333333
0 0.5109375 0.42569444444444443 0.0390625 0.1597222222222222
0 0.91640625 0.24097222222222223 0.040625 0.1375
0 0.051171875 0.15694444444444444 0.0296875 0.12222222222222222
0 0.2234375 0.45 0.028125 0.06805555555555555
0 0.3796875 0.03194444444444444 0.0203125 0.06388888888888888
0 0.66328125 0.0375 0.025 0.075
0 0.250390625 0.5090277777777777 0.03125 0.12916666666666668
0 0.94375 0.15555555555555556 0.0296875 0.11944444444444445
0 0.521484375 0.01875 0.02109375 0.0375
0 0.593359375 0.016666666666666666 0.01875 0.03333333333333333
0 0.501171875 0.021527777777777778 0.01875 0.043055555555555555
0 0.2203125 0.525 0.04140625 0.15
0 0.190625 0.5034722222222222 0.034375 0.14305555555555555
0 0.61484375 0.0375 0.02421875 0.07222222222222222
0 0.203125 0.07083333333333333 0.0203125 0.09583333333333334
0 0.634765625 0.03958333333333333 0.0265625 0.07777777777777778
0 0.546484375 0.009027777777777777 0.01484375 0.016666666666666666
0 0.92578125 0.1486111111111111 0.02578125 0.10138888888888889
0 0.946875 0.007638888888888889 0.01953125 0.015277777777777777
0 0.7453125 0.014583333333333334 0.03125 0.029166666666666667
0 0.61640625 0.013194444444444444 0.01953125 0.02638888888888889