0 0.66640625 0.3458333333333333 0.0390625 0.1361111111111111
0 0.581640625 0.23194444444444445 0.03515625 0.12777777777777777
0 0.5171875 0.0625 0.0328125 0.10833333333333334
0 0.402734375 0.8631944444444445 0.05390625 0.175
0 0.2765625 0.9076388888888889 0.06015625 0.1388888888888889
0 0.5 0.8256944444444444 0.0546875 0.19722222222222222
0 0.4921875 0.33194444444444443 0.0375 0.14444444444444443
0 0.942578125 0.43680555555555556 0.05 0.15416666666666667
0 0.637109375 0.5645833333333333 0.03828125 0.13194444444444445
0 0.070703125 0.7319444444444444 0.0578125 0.1763888888888889
0 0.405859375 0.03333333333333333 0.02734375 0.06666666666666667
0 0.986328125 0.2902777777777778 0.02734375 0.125
0 0.265625 0.71875 0.04765625 0.1486111111111111
0 0.387109375 0.0625 0.03125 0.11944444444444445
0 0.660546875 0.10694444444444444 0.03203125 0.12222222222222222
0 0.455078125 0.035416666666666666 0.03046875 0.07083333333333333
0 0.548828125 0.07013888888888889 0.02578125 0.1
0 0.4765625 0.034027777777777775 0.0265625 0.06805555555555555
0 0.528515625 0.6541666666666667 0.0546875 0.19583333333333333
0 0.812109375 0.18125 0.034375 0.12777777777777777
0 0.051953125 0.11666666666666667 0.03515625 0.11805555555555555
0 0.745703125 0.11319444444444444 0.025 0.12222222222222222
0 0.378125 0.40625 0.0515625 0.16944444444444445
0 0.138671875 0.09652777777777778 0.05078125 0.14027777777777778
0 0.555078125 0.3375 0.02578125 0.12361111111111112
0 0.503515625 0.022222222222222223 0.02421875 0.044444444444444446
0 0.922265625 0.07222222222222222 0.03125 0.04583333333333333
0 0.662109375 0.04652777777777778 0.02421875 0.058333333333333334
0 0.965625 0.2847222222222222 0.0359375 0.11388888888888889
0 0.33515625 0.04861111111111111 0.0265625 0.09722222222222222
0 0.9796875 0.7916666666666666 0.0265625 0.1597222222222222
0 0.629296875 0.05 0.0265625 0.07222222222222222
0 0.23359375 0.4125 0.025 0.0625
0 0.217578125 0.4888888888888889 0.05078125 0.15833333333333333
0 0.6109375 0.0625 0.02265625 0.058333333333333334
0 0.251171875 0.48055555555555557 0.0453125 0.14166666666666666
0 0.192578125 0.46111111111111114 0.04453125 0.14444444444444443
0 0.606640625 0.05694444444444444 0.02265625 0.05694444444444444