0 0.723046875 0.8319444444444445 0.08515625 0.17083333333333334
0 0.763671875 0.6993055555555555 0.0765625 0.15416666666666667
0 0.465234375 0.9270833333333334 0.10078125 0.14583333333333334
0 0.55546875 0.03194444444444444 0.05 0.06388888888888888
0 0.582421875 0.2847222222222222 0.065625 0.13333333333333333
0 0.69296875 0.25416666666666665 0.05 0.10138888888888889
0 0.63046875 0.9291666666666667 0.096875 0.14166666666666666
0 0.040234375 0.30069444444444443 0.08046875 0.2013888888888889
0 0.965234375 0.71875 0.06953125 0.1375
0 0.7046875 0.36319444444444443 0.0609375 0.12361111111111112
0 0.956640625 0.5472222222222223 0.06484375 0.13055555555555556
0 0.8015625 0.3277777777777778 0.04921875 0.1
0 0.20390625 0.15694444444444444 0.0890625 0.17916666666666667
0 0.480078125 0.19583333333333333 0.06796875 0.14166666666666666
0 0.63203125 0.26666666666666666 0.0765625 0.1527777777777778
0 0.7234375 0.3701388888888889 0.065625 0.1361111111111111
0 0.441796875 0.38472222222222224 0.08671875 0.17222222222222222
0 0.588671875 0.6090277777777777 0.08359375 0.16805555555555557
0 0.34765625 0.48680555555555555 0.10078125 0.20555555555555555
0 0.91875 0.6819444444444445 0.0734375 0.14444444444444443
0 0.930078125 0.5020833333333333 0.05703125 0.11527777777777778
0 0.83125 0.40555555555555556 0.08125 0.17083333333333334
0 0.43203125 0.09097222222222222 0.05390625 0.10416666666666667
0 0.58515625 0.02847222222222222 0.0390625 0.05694444444444444
0 0.58359375 0.1423611111111111 0.059375 0.12361111111111112
0 0.40546875 0.1701388888888889 0.0859375 0.16666666666666666
0 0.286328125 0.19652777777777777 0.0375 0.07083333333333333
0 0.5625 0.12013888888888889 0.06171875 0.12916666666666668
0 0.2421875 0.20347222222222222 0.07265625 0.1486111111111111
0 0.9546875 0.6375 0.0640625 0.13055555555555556
0 0.6375 0.10347222222222222 0.040625 0.07916666666666666
0 0.844140625 0.3638888888888889 0.0453125 0.08611111111111111
0 0.607421875 0.17430555555555555 0.0625 0.12777777777777777
0 0.285546875 0.27291666666666664 0.07265625 0.14305555555555555
0 0.916015625 0.4909722222222222 0.04765625 0.10138888888888889
0 0.25390625 0.2513888888888889 0.0796875 0.16111111111111112
0 0.81875 0.42083333333333334 0.06171875 0.12777777777777777
0 0.775 0.3277777777777778 0.0375 0.0763888888888889