0 0.57109375 0.18263888888888888 0.0296875 0.12083333333333333
0 0.500390625 0.08194444444444444 0.03046875 0.1125
0 0.658984375 0.27152777777777776 0.0328125 0.13472222222222222
0 0.51796875 0.9090277777777778 0.04921875 0.16944444444444445
0 0.03828125 0.1736111111111111 0.034375 0.10555555555555556
0 0.785546875 0.1125 0.028125 0.11805555555555555
0 0.53046875 0.09097222222222222 0.02265625 0.1
0 0.4890625 0.37083333333333335 0.03125 0.13472222222222222
0 0.94375 0.4326388888888889 0.04453125 0.15138888888888888
0 0.411328125 0.7861111111111111 0.046875 0.18055555555555555
0 0.647265625 0.6243055555555556 0.03671875 0.14027777777777778
0 0.1125 0.8673611111111111 0.05390625 0.16666666666666666
0 0.940625 0.017361111111111112 0.0359375 0.034722222222222224
0 0.434765625 0.027777777777777776 0.02578125 0.05555555555555555
0 0.49140625 0.025 0.028125 0.05
0 0.26015625 0.8395833333333333 0.04765625 0.1763888888888889
0 0.381640625 0.37569444444444444 0.04765625 0.175
0 0.370703125 0.05138888888888889 0.02734375 0.10138888888888889
0 0.54140625 0.7256944444444444 0.05390625 0.18472222222222223
0 0.7296875 0.08125 0.0203125 0.11805555555555555
0 0.06171875 0.018055555555555554 0.03125 0.03611111111111111
0 0.659765625 0.06527777777777778 0.02578125 0.10694444444444444
0 0.120703125 0.16527777777777777 0.03828125 0.12777777777777777
0 0.459375 0.029166666666666667 0.025 0.058333333333333334
0 0.546875 0.28055555555555556 0.021875 0.12222222222222222
0 0.64453125 0.034027777777777775 0.021875 0.06805555555555555
0 0.348046875 0.06875 0.02890625 0.09861111111111111
0 0.391015625 0.027083333333333334 0.01953125 0.05416666666666667
0 0.21875 0.5236111111111111 0.0453125 0.15138888888888888
0 0.987890625 0.2611111111111111 0.0234375 0.11805555555555555
0 0.609765625 0.0375 0.02421875 0.075
0 0.23359375 0.45069444444444445 0.02578125 0.07083333333333333
0 0.98125 0.2076388888888889 0.0375 0.2111111111111111
0 0.25078125 0.5152777777777777 0.03984375 0.13055555555555556
0 0.191796875 0.4986111111111111 0.03671875 0.14027777777777778
0 0.603515625 0.03819444444444445 0.025 0.0763888888888889
0 0.9875 0.21944444444444444 0.025 0.2
0 0.58671875 0.05 0.02109375 0.044444444444444446