0 0.820703125 0.6958333333333333 0.0546875 0.16666666666666666
0 0.53046875 0.2152777777777778 0.04140625 0.13055555555555556
0 0.709375 0.11180555555555556 0.03671875 0.11666666666666667
0 0.856640625 0.16319444444444445 0.04453125 0.12361111111111112
0 0.579296875 0.9493055555555555 0.05390625 0.10138888888888889
0 0.73828125 0.85 0.0578125 0.15416666666666667
0 0.420703125 0.4131944444444444 0.04375 0.14583333333333334
0 0.0328125 0.28888888888888886 0.0515625 0.15
0 0.92734375 0.14930555555555555 0.04140625 0.1
0 0.559765625 0.22847222222222222 0.03671875 0.11944444444444445
0 0.10625 0.20277777777777778 0.05703125 0.15
0 0.044140625 0.61875 0.07265625 0.2125
0 0.568359375 0.11527777777777778 0.03203125 0.10555555555555556
0 0.962890625 0.15625 0.0453125 0.09861111111111111
0 0.053125 0.06041666666666667 0.0375 0.11944444444444445
0 0.431640625 0.13541666666666666 0.046875 0.14305555555555555
0 0.71953125 0.9520833333333333 0.075 0.09583333333333334
0 0.528125 0.6256944444444444 0.0546875 0.19027777777777777
0 0.5859375 0.05138888888888889 0.03203125 0.075
0 0.963671875 0.8270833333333333 0.0421875 0.1625
0 0.490234375 0.6826388888888889 0.05625 0.17916666666666667
0 0.6796875 0.07083333333333333 0.025 0.06527777777777778
0 0.879296875 0.15486111111111112 0.03359375 0.12083333333333333
0 0.7640625 0.13680555555555557 0.0328125 0.12777777777777777
0 0.984765625 0.4708333333333333 0.03046875 0.14166666666666666
0 0.587890625 0.12152777777777778 0.028125 0.10555555555555556
0 0.3765625 0.008333333333333333 0.028125 0.016666666666666666
0 0.977734375 0.2513888888888889 0.04375 0.12777777777777777
0 0.979296875 0.22569444444444445 0.04140625 0.17916666666666667
0 0.647265625 0.06458333333333334 0.02734375 0.07083333333333333
0 0.255078125 0.44166666666666665 0.04375 0.14305555555555555
0 0.552734375 0.041666666666666664 0.0296875 0.07222222222222222
0 0.221484375 0.44027777777777777 0.05 0.16111111111111112
0 0.196875 0.41597222222222224 0.046875 0.1625
0 0.62578125 0.059027777777777776 0.02265625 0.06805555555555555
0 0.7671875 0.07152777777777777 0.02265625 0.025
0 0.6296875 0.06111111111111111 0.0234375 0.06805555555555555
0 0.519140625 0.07777777777777778 0.01875 0.0625
0 0.982421875 0.19583333333333333 0.03515625 0.125
0 0.548828125 0.058333333333333334 0.03515625 0.10694444444444444