0 0.562890625 0.18541666666666667 0.03359375 0.12083333333333333
0 0.4921875 0.08125 0.03046875 0.1111111111111111
0 0.27265625 0.8222222222222222 0.0484375 0.15555555555555556
0 0.414453125 0.8048611111111111 0.04921875 0.1638888888888889
0 0.656640625 0.275 0.034375 0.1375
0 0.646484375 0.5965277777777778 0.04296875 0.14027777777777778
0 0.296875 0.9791666666666666 0.0578125 0.041666666666666664
0 0.525 0.8993055555555556 0.0546875 0.19305555555555556
0 0.114453125 0.8743055555555556 0.065625 0.19722222222222222
0 0.78125 0.09861111111111111 0.034375 0.11527777777777778
0 0.030859375 0.20347222222222222 0.03515625 0.10694444444444444
0 0.48515625 0.36666666666666664 0.03203125 0.13472222222222222
0 0.523046875 0.08263888888888889 0.0234375 0.10138888888888889
0 0.941796875 0.3875 0.046875 0.1527777777777778
0 0.36328125 0.06736111111111111 0.02890625 0.11666666666666667
0 0.115234375 0.18472222222222223 0.03828125 0.13194444444444445
0 0.426171875 0.034027777777777775 0.02421875 0.06111111111111111
0 0.547265625 0.7097222222222223 0.0546875 0.19166666666666668
0 0.543359375 0.2916666666666667 0.025 0.11805555555555555
0 0.721875 0.06875 0.021875 0.11944444444444445
0 0.45 0.03194444444444444 0.02265625 0.059722222222222225
0 0.375 0.38680555555555557 0.0453125 0.1638888888888889
0 0.64453125 0.059722222222222225 0.03046875 0.1111111111111111
0 0.0421875 0.04583333333333333 0.02578125 0.0375
0 0.38203125 0.035416666666666666 0.0203125 0.058333333333333334
0 0.478515625 0.02361111111111111 0.02578125 0.04583333333333333
0 0.9625 0.21736111111111112 0.03203125 0.11805555555555555
0 0.332421875 0.0763888888888889 0.02109375 0.09583333333333334
0 0.6 0.03263888888888889 0.025 0.06527777777777778
0 0.23203125 0.46458333333333335 0.02578125 0.06527777777777778
0 0.21875 0.5409722222222222 0.04765625 0.15555555555555556
0 0.92734375 0.005555555555555556 0.0375 0.011111111111111112
0 0.63515625 0.029166666666666667 0.025 0.058333333333333334
0 0.980859375 0.21388888888888888 0.0296875 0.1361111111111111
0 0.25 0.5305555555555556 0.04375 0.14166666666666666
0 0.188671875 0.5263888888888889 0.03515625 0.1388888888888889
0 0.581640625 0.04652777777777778 0.0234375 0.04861111111111111
0 0.594921875 0.034722222222222224 0.02578125 0.06944444444444445
0 0.98203125 0.13819444444444445 0.025 0.1125
0 0.98203125 0.16944444444444445 0.0265625 0.16527777777777777