0 0.580078125 0.22013888888888888 0.0328125 0.10972222222222222
0 0.919140625 0.8576388888888888 0.065625 0.1597222222222222
0 0.56875 0.5222222222222223 0.046875 0.1597222222222222
0 0.489453125 0.41388888888888886 0.04453125 0.14444444444444443
0 0.904296875 0.7083333333333334 0.059375 0.17222222222222222
0 0.866796875 0.34791666666666665 0.0453125 0.15555555555555556
0 0.103125 0.9215277777777777 0.0640625 0.15694444444444444
0 0.37890625 0.25555555555555554 0.03671875 0.125
0 0.928125 0.23680555555555555 0.04609375 0.14444444444444443
0 0.969140625 0.33819444444444446 0.05625 0.15416666666666667
0 0.361328125 0.10833333333333334 0.02890625 0.11527777777777778
0 0.61484375 0.275 0.0390625 0.13194444444444445
0 0.580078125 0.8986111111111111 0.05078125 0.17222222222222222
0 0.390625 0.9069444444444444 0.0671875 0.18611111111111112
0 0.659765625 0.8270833333333333 0.06171875 0.2152777777777778
0 0.04375 0.6791666666666667 0.07421875 0.17916666666666667
0 0.708984375 0.06111111111111111 0.02734375 0.12222222222222222
0 0.52265625 0.32013888888888886 0.04453125 0.15833333333333333
0 0.58359375 0.04583333333333333 0.0375 0.09166666666666666
0 0.974609375 0.16319444444444445 0.0265625 0.12083333333333333
0 0.46953125 0.12222222222222222 0.03125 0.12083333333333333
0 0.314453125 0.5451388888888888 0.05625 0.16944444444444445
0 0.366015625 0.35555555555555557 0.040625 0.15138888888888888
0 0.892578125 0.11805555555555555 0.04140625 0.13194444444444445
0 0.1484375 0.975 0.05625 0.05
0 0.551953125 0.7284722222222222 0.03984375 0.1597222222222222
0 0.04375 0.23055555555555557 0.034375 0.12638888888888888
0 0.11015625 0.10208333333333333 0.034375 0.09027777777777778
0 0.66796875 0.035416666666666666 0.028125 0.07083333333333333
0 0.223046875 0.5006944444444444 0.0265625 0.06111111111111111
0 0.094140625 0.15763888888888888 0.03203125 0.09722222222222222
0 0.408984375 0.11597222222222223 0.03046875 0.11944444444444445
0 0.3109375 0.42986111111111114 0.04296875 0.13333333333333333
0 0.498046875 0.035416666666666666 0.02578125 0.07083333333333333
0 0.86015625 0.0625 0.03203125 0.10833333333333334
0 0.439453125 0.11666666666666667 0.03125 0.11944444444444445
0 0.22109375 0.5756944444444444 0.0515625 0.1597222222222222
0 0.62890625 0.022916666666666665 0.0265625 0.04583333333333333
0 0.8828125 0.049305555555555554 0.034375 0.09861111111111111
0 0.192578125 0.5611111111111111 0.0421875 0.15
0 0.607421875 0.02638888888888889 0.02109375 0.05277777777777778
0 0.253125 0.5618055555555556 0.05 0.14166666666666666
0 0.637109375 0.03680555555555556 0.02109375 0.07361111111111111
0 0.029296875 0.9847222222222223 0.01640625 0.030555555555555555
0 0.25078125 0.04652777777777778 0.02734375 0.022222222222222223