0 0.664453125 0.5722222222222222 0.06640625 0.1638888888888889
0 0.598828125 0.3659722222222222 0.0578125 0.1486111111111111
0 0.934375 0.825 0.08046875 0.19305555555555556
0 0.85625 0.44166666666666665 0.05703125 0.14722222222222223
0 0.63203125 0.4861111111111111 0.05078125 0.12777777777777777
0 0.06953125 0.6430555555555556 0.08671875 0.21388888888888888
0 0.476953125 0.6256944444444444 0.06875 0.16666666666666666
0 0.375 0.4840277777777778 0.0734375 0.18194444444444444
0 0.679296875 0.2548611111111111 0.04921875 0.125
0 0.537890625 0.24722222222222223 0.05 0.13472222222222222
0 0.259375 0.6340277777777777 0.08046875 0.19166666666666668
0 0.471875 0.05138888888888889 0.0453125 0.10277777777777777
0 0.279296875 0.46111111111111114 0.06328125 0.15833333333333333
0 0.987109375 0.4791666666666667 0.02578125 0.12777777777777777
0 0.937109375 0.5673611111111111 0.06484375 0.15694444444444444
0 0.027734375 0.3326388888888889 0.05546875 0.17916666666666667
0 0.526953125 0.05347222222222222 0.04453125 0.10694444444444444
0 0.589453125 0.06180555555555556 0.0390625 0.08055555555555556
0 0.508984375 0.5090277777777777 0.07421875 0.18611111111111112
0 0.9734375 0.4638888888888889 0.04765625 0.12083333333333333
0 0.4421875 0.09861111111111111 0.05 0.13472222222222222
0 0.559765625 0.48125 0.0484375 0.1361111111111111
0 0.797265625 0.25 0.04296875 0.12916666666666668
0 0.54609375 0.06319444444444444 0.04765625 0.12638888888888888
0 0.621484375 0.08125 0.03203125 0.07361111111111111
0 0.88359375 0.23541666666666666 0.0359375 0.05277777777777778
0 0.728515625 0.15347222222222223 0.03359375 0.07916666666666666
0 0.232421875 0.35208333333333336 0.06796875 0.16805555555555557
0 0.251171875 0.28402777777777777 0.0359375 0.075
0 0.262890625 0.3597222222222222 0.059375 0.1486111111111111
0 0.70625 0.13819444444444445 0.03828125 0.08194444444444444
0 0.20859375 0.31319444444444444 0.06171875 0.1597222222222222
0 0.6875 0.13125 0.034375 0.08055555555555556