0 0.371484375 0.20972222222222223 0.0640625 0.12222222222222222
0 0.517578125 0.06527777777777778 0.06484375 0.12777777777777777
0 0.862890625 0.05486111111111111 0.09296875 0.10972222222222222
0 0.41953125 0.13125 0.0609375 0.12083333333333333
0 0.491015625 0.48680555555555555 0.0765625 0.15138888888888888
0 0.879296875 0.48194444444444445 0.10546875 0.20416666666666666
0 0.4671875 0.7097222222222223 0.08984375 0.175
0 0.675 0.7590277777777777 0.1171875 0.225
0 0.0265625 0.7444444444444445 0.053125 0.12222222222222222
0 0.326953125 0.45625 0.08203125 0.1597222222222222
0 0.09765625 0.7020833333333333 0.0875 0.1638888888888889
0 0.39765625 0.175 0.053125 0.10416666666666667
0 0.284375 0.2513888888888889 0.053125 0.10277777777777777
0 0.74296875 0.5881944444444445 0.13046875 0.25972222222222224
0 0.437890625 0.2152777777777778 0.0546875 0.1111111111111111
0 0.42578125 0.02638888888888889 0.0421875 0.05277777777777778
0 0.41640625 0.04097222222222222 0.0390625 0.0763888888888889
0 0.2328125 0.2611111111111111 0.0296875 0.05277777777777778
0 0.285546875 0.8229166666666666 0.0859375 0.16666666666666666
0 0.344921875 0.13402777777777777 0.05078125 0.09583333333333334
0 0.72265625 0.5305555555555556 0.071875 0.13333333333333333
0 0.3078125 0.7784722222222222 0.07578125 0.14583333333333334
0 0.270703125 0.7534722222222222 0.03515625 0.06527777777777778
0 0.25546875 0.8347222222222223 0.08046875 0.15694444444444444
0 0.05 0.8923611111111112 0.05625 0.11527777777777778
0 0.047265625 0.5090277777777777 0.03671875 0.058333333333333334
0 0.411328125 0.041666666666666664 0.0390625 0.075
0 0.281640625 0.18194444444444444 0.02265625 0.0375
0 0.3 0.15833333333333333 0.02265625 0.03888888888888889
0 0.344921875 0.08888888888888889 0.0203125 0.03194444444444444