0 0.56875 0.20208333333333334 0.0296875 0.12083333333333333
0 0.40859375 0.8256944444444444 0.04453125 0.16805555555555557
0 0.6609375 0.2951388888888889 0.03359375 0.1375
0 0.5140625 0.8631944444444445 0.04921875 0.1763888888888889
0 0.485546875 0.3527777777777778 0.03203125 0.1375
0 0.4984375 0.075 0.028125 0.1111111111111111
0 0.792578125 0.12430555555555556 0.0296875 0.12083333333333333
0 0.64375 0.5875 0.04140625 0.13472222222222222
0 0.939453125 0.41041666666666665 0.04453125 0.1527777777777778
0 0.4359375 0.030555555555555555 0.02421875 0.06111111111111111
0 0.097265625 0.8298611111111112 0.0515625 0.15
0 0.2953125 0.9631944444444445 0.0609375 0.07361111111111111
0 0.265625 0.7909722222222222 0.04453125 0.15416666666666667
0 0.037109375 0.1736111111111111 0.03203125 0.1111111111111111
0 0.371875 0.06041666666666667 0.025 0.11388888888888889
0 0.38125 0.3958333333333333 0.04140625 0.15555555555555556
0 0.530859375 0.07777777777777778 0.02265625 0.10138888888888889
0 0.121484375 0.15208333333333332 0.0359375 0.12777777777777777
0 0.458984375 0.029861111111111113 0.02421875 0.059722222222222225
0 0.541015625 0.6951388888888889 0.05390625 0.1986111111111111
0 0.546484375 0.3076388888888889 0.02265625 0.11944444444444445
0 0.64921875 0.07361111111111111 0.028125 0.11527777777777778
0 0.73046875 0.08263888888888889 0.02265625 0.125
0 0.389453125 0.03125 0.02890625 0.0625
0 0.4875 0.022222222222222223 0.0234375 0.044444444444444446
0 0.964453125 0.23680555555555555 0.03203125 0.11944444444444445
0 0.609765625 0.03263888888888889 0.02421875 0.06527777777777778
0 0.21875 0.5229166666666667 0.04453125 0.15138888888888888
0 0.232421875 0.44930555555555557 0.0234375 0.0625
0 0.98515625 0.22083333333333333 0.0296875 0.1763888888888889
0 0.331640625 0.06666666666666667 0.01640625 0.09722222222222222
0 0.04140625 0.019444444444444445 0.028125 0.03888888888888889
0 0.644140625 0.02361111111111111 0.02421875 0.04722222222222222
0 0.925390625 0.018055555555555554 0.04375 0.03611111111111111
0 0.18828125 0.4979166666666667 0.040625 0.14166666666666666
0 0.25234375 0.5076388888888889 0.0390625 0.13472222222222222
0 0.591015625 0.052083333333333336 0.02265625 0.04722222222222222