0 0.6921875 0.27291666666666664 0.053125 0.10555555555555556
0 0.755859375 0.7506944444444444 0.084375 0.16527777777777777
0 0.715234375 0.8708333333333333 0.08671875 0.16805555555555557
0 0.603515625 0.925 0.09140625 0.15
0 0.492578125 0.16597222222222222 0.06796875 0.13472222222222222
0 0.44921875 0.3451388888888889 0.07578125 0.15138888888888888
0 0.95703125 0.6645833333333333 0.05859375 0.10972222222222222
0 0.95234375 0.5791666666666667 0.0625 0.12222222222222222
0 0.56875 0.025694444444444443 0.0484375 0.05138888888888889
0 0.582421875 0.29930555555555555 0.06484375 0.12777777777777777
0 0.601171875 0.6 0.07265625 0.14305555555555555
0 0.458984375 0.9 0.10234375 0.2
0 0.9546875 0.7659722222222223 0.06796875 0.1361111111111111
0 0.913671875 0.7222222222222222 0.08125 0.15694444444444444
0 0.043359375 0.2951388888888889 0.08671875 0.2013888888888889
0 0.6125 0.05 0.04453125 0.07361111111111111
0 0.203515625 0.15138888888888888 0.0890625 0.1763888888888889
0 0.634375 0.2791666666666667 0.07734375 0.1527777777777778
0 0.363671875 0.4326388888888889 0.0875 0.175
0 0.71328125 0.3701388888888889 0.0703125 0.1375
0 0.84375 0.3798611111111111 0.04375 0.08194444444444444
0 0.4359375 0.09722222222222222 0.05546875 0.10555555555555556
0 0.7296875 0.3736111111111111 0.06953125 0.14027777777777778
0 0.64609375 0.11319444444444444 0.0390625 0.0763888888888889
0 0.403125 0.17569444444444443 0.07890625 0.15138888888888888
0 0.591796875 0.14305555555555555 0.06328125 0.12638888888888888
0 0.80390625 0.34305555555555556 0.05234375 0.10277777777777777
0 0.93359375 0.5354166666666667 0.05 0.10277777777777777
0 0.81875 0.42986111111111114 0.05859375 0.11944444444444445
0 0.571484375 0.11875 0.06015625 0.12222222222222222
0 0.994921875 0.7444444444444445 0.01015625 0.09444444444444444
0 0.248828125 0.19305555555555556 0.08359375 0.16111111111111112
0 0.29140625 0.1798611111111111 0.03984375 0.07361111111111111
0 0.615625 0.18263888888888888 0.06640625 0.125
0 0.776953125 0.3388888888888889 0.0375 0.075
0 0.91484375 0.5166666666666667 0.0484375 0.1
0 0.259765625 0.2326388888888889 0.0828125 0.1625
0 0.28671875 0.25069444444444444 0.0828125 0.15833333333333333
0 0.284375 0.18055555555555555 0.03359375 0.0625