0 0.778125 0.6173611111111111 0.05703125 0.16666666666666666
0 0.732421875 0.8145833333333333 0.0796875 0.20416666666666666
0 0.608984375 0.5604166666666667 0.0546875 0.15694444444444444
0 0.16015625 0.36875 0.05546875 0.16111111111111112
0 0.783984375 0.47152777777777777 0.05078125 0.15138888888888888
0 0.6734375 0.2298611111111111 0.04140625 0.13055555555555556
0 0.44140625 0.035416666666666666 0.0421875 0.07083333333333333
0 0.565625 0.1763888888888889 0.04765625 0.14027777777777778
0 0.61953125 0.13194444444444445 0.03203125 0.09861111111111111
0 0.414453125 0.45069444444444445 0.05078125 0.15833333333333333
0 0.574609375 0.9402777777777778 0.06953125 0.11944444444444445
0 0.92578125 0.20625 0.04140625 0.11944444444444445
0 0.526953125 0.23333333333333334 0.0453125 0.1361111111111111
0 0.948046875 0.2777777777777778 0.04375 0.12083333333333333
0 0.735546875 0.12708333333333333 0.0328125 0.09861111111111111
0 0.35234375 0.625 0.0609375 0.19027777777777777
0 0.1046875 0.04791666666666667 0.04375 0.09583333333333334
0 0.972265625 0.3611111111111111 0.04140625 0.125
0 0.411328125 0.24791666666666667 0.04453125 0.14583333333333334
0 0.1734375 0.013888888888888888 0.040625 0.027777777777777776
0 0.9234375 0.3541666666666667 0.06015625 0.14583333333333334
0 0.992578125 0.18680555555555556 0.01484375 0.05416666666666667
0 0.02734375 0.65625 0.0546875 0.19305555555555556
0 0.783984375 0.12708333333333333 0.03125 0.0763888888888889
0 0.253515625 0.02013888888888889 0.04140625 0.04027777777777778
0 0.890625 0.18888888888888888 0.03984375 0.1125
0 0.34453125 0.16875 0.03984375 0.09444444444444444
0 0.517578125 0.14097222222222222 0.03671875 0.11527777777777778
0 0.339453125 0.26458333333333334 0.05703125 0.14722222222222223
0 0.95 0.8833333333333333 0.04765625 0.14166666666666666
0 0.651953125 0.24097222222222223 0.03671875 0.12361111111111112
0 0.47265625 0.11319444444444444 0.04296875 0.12638888888888888
0 0.23359375 0.38263888888888886 0.03125 0.06805555555555555
0 0.49609375 0.11736111111111111 0.0390625 0.13194444444444445
0 0.87578125 0.18680555555555556 0.03046875 0.10416666666666667
0 0.199609375 0.42986111111111114 0.05859375 0.1638888888888889
0 0.253125 0.44930555555555557 0.0515625 0.14444444444444443
0 0.533203125 0.04027777777777778 0.0234375 0.07222222222222222
0 0.773046875 0.20069444444444445 0.040625 0.12638888888888888
0 0.218359375 0.45555555555555555 0.05625 0.15694444444444444