0 0.665234375 0.3972222222222222 0.0375 0.14305555555555555
0 0.56953125 0.2722222222222222 0.03203125 0.13055555555555556
0 0.815625 0.18680555555555556 0.03125 0.13055555555555556
0 0.037109375 0.6944444444444444 0.05078125 0.1625
0 0.29609375 0.8486111111111111 0.05078125 0.16527777777777777
0 0.625390625 0.4673611111111111 0.03125 0.12361111111111112
0 0.499609375 0.04583333333333333 0.028125 0.08888888888888889
0 0.37421875 0.5041666666666667 0.05 0.18472222222222223
0 0.4203125 0.95625 0.05 0.0875
0 0.981640625 0.6111111111111112 0.03671875 0.175
0 0.92734375 0.3368055555555556 0.040625 0.14027777777777778
0 0.38515625 0.06111111111111111 0.02734375 0.10972222222222222
0 0.140625 0.9527777777777777 0.05625 0.09444444444444444
0 0.36796875 0.11805555555555555 0.02890625 0.12083333333333333
0 0.503515625 0.7215277777777778 0.04296875 0.17083333333333334
0 0.62734375 0.12638888888888888 0.028125 0.10694444444444444
0 0.48671875 0.28194444444444444 0.028125 0.1361111111111111
0 0.973828125 0.20416666666666666 0.034375 0.12083333333333333
0 0.85078125 0.019444444444444445 0.04140625 0.03888888888888889
0 0.53359375 0.04652777777777778 0.021875 0.08888888888888889
0 0.43984375 0.05 0.0234375 0.09722222222222222
0 0.462890625 0.04861111111111111 0.02421875 0.09583333333333334
0 0.52265625 0.5729166666666666 0.04453125 0.175
0 0.279296875 0.6638888888888889 0.0390625 0.14166666666666666
0 0.041796875 0.16527777777777777 0.0359375 0.12083333333333333
0 0.730859375 0.08263888888888889 0.0234375 0.12777777777777777
0 0.55078125 0.3923611111111111 0.02265625 0.12916666666666668
0 0.64453125 0.034027777777777775 0.021875 0.06805555555555555
0 0.12109375 0.11388888888888889 0.03515625 0.12638888888888888
0 0.9484375 0.19930555555555557 0.028125 0.10416666666666667
0 0.618359375 0.030555555555555555 0.02421875 0.06111111111111111
0 0.602734375 0.044444444444444446 0.02109375 0.06527777777777778
0 0.2234375 0.44930555555555557 0.02734375 0.06111111111111111
0 0.219140625 0.5215277777777778 0.04140625 0.15416666666666667
0 0.289453125 0.06875 0.02890625 0.09166666666666666
0 0.1890625 0.49930555555555556 0.034375 0.14444444444444443
0 0.99296875 0.027083333333333334 0.0140625 0.05416666666666667
0 0.25078125 0.5069444444444444 0.03828125 0.1375
0 0.94609375 0.006944444444444444 0.021875 0.013888888888888888