0 0.66015625 0.3125 0.0359375 0.14166666666666666
0 0.498828125 0.06597222222222222 0.02890625 0.10555555555555556
0 0.29296875 0.9493055555555555 0.0578125 0.10138888888888889
0 0.5703125 0.2125 0.0296875 0.12361111111111112
0 0.795703125 0.1388888888888889 0.03125 0.12638888888888888
0 0.512890625 0.8451388888888889 0.046875 0.17777777777777778
0 0.414453125 0.8527777777777777 0.04609375 0.18055555555555555
0 0.64375 0.5673611111111111 0.03515625 0.12916666666666668
0 0.485546875 0.34444444444444444 0.03359375 0.1388888888888889
0 0.941015625 0.3909722222222222 0.04375 0.13472222222222222
0 0.090625 0.8173611111111111 0.05390625 0.1736111111111111
0 0.5375 0.6631944444444444 0.0484375 0.18333333333333332
0 0.269921875 0.7777777777777778 0.04296875 0.16111111111111112
0 0.375 0.41805555555555557 0.0515625 0.17083333333333334
0 0.531640625 0.06944444444444445 0.02109375 0.09444444444444444
0 0.03125 0.02013888888888889 0.03671875 0.04027777777777778
0 0.371484375 0.06875 0.0265625 0.11666666666666667
0 0.437109375 0.034722222222222224 0.025 0.06944444444444445
0 0.646484375 0.08819444444444445 0.03046875 0.11944444444444445
0 0.98359375 0.23402777777777778 0.0328125 0.12916666666666668
0 0.121484375 0.15208333333333332 0.03671875 0.13055555555555556
0 0.730859375 0.08333333333333333 0.02265625 0.12361111111111112
0 0.3890625 0.035416666666666666 0.02734375 0.07083333333333333
0 0.037109375 0.1736111111111111 0.03125 0.1125
0 0.54765625 0.31319444444444444 0.02265625 0.11944444444444445
0 0.96015625 0.22916666666666666 0.0328125 0.11666666666666667
0 0.32734375 0.06736111111111111 0.028125 0.09444444444444444
0 0.916015625 0.01875 0.0375 0.0375
0 0.644140625 0.025 0.02265625 0.05
0 0.4578125 0.034722222222222224 0.0234375 0.06944444444444445
0 0.4875 0.02013888888888889 0.02265625 0.04027777777777778
0 0.219140625 0.5229166666666667 0.04375 0.15138888888888888
0 0.60546875 0.03680555555555556 0.02421875 0.07361111111111111
0 0.23203125 0.4486111111111111 0.0234375 0.06111111111111111
0 0.2515625 0.5111111111111111 0.040625 0.13472222222222222
0 0.18828125 0.5048611111111111 0.0328125 0.1375
0 0.99140625 0.76875 0.0171875 0.1361111111111111
0 0.5921875 0.050694444444444445 0.0203125 0.05694444444444444