0 0.49453125 0.1423611111111111 0.05078125 0.12777777777777777
0 0.4140625 0.12638888888888888 0.05078125 0.12083333333333333
0 0.016015625 0.5013888888888889 0.03203125 0.12777777777777777
0 0.905859375 0.15833333333333333 0.075 0.17916666666666667
0 0.594140625 0.15555555555555556 0.0609375 0.15
0 0.6765625 0.5486111111111112 0.06953125 0.15833333333333333
0 0.471875 0.41597222222222224 0.06171875 0.15555555555555556
0 0.442578125 0.10902777777777778 0.04375 0.10833333333333334
0 0.617578125 0.8909722222222223 0.0734375 0.14444444444444443
0 0.3546875 0.9604166666666667 0.0828125 0.07916666666666666
0 0.60078125 0.7222222222222222 0.09375 0.2263888888888889
0 0.814453125 0.7638888888888888 0.0765625 0.12638888888888888
0 0.463671875 0.7833333333333333 0.07734375 0.19305555555555556
0 0.351171875 0.43333333333333335 0.07578125 0.17916666666666667
0 0.558984375 0.018055555555555554 0.04609375 0.03611111111111111
0 0.398046875 0.06319444444444444 0.03515625 0.06805555555555555
0 0.07890625 0.4513888888888889 0.065625 0.15138888888888888
0 0.494140625 0.24305555555555555 0.046875 0.12638888888888888
0 0.015625 0.3277777777777778 0.03125 0.05277777777777778
0 0.281640625 0.15069444444444444 0.034375 0.07222222222222222
0 0.2890625 0.19166666666666668 0.04375 0.09444444444444444
0 0.3609375 0.08472222222222223 0.0265625 0.05416666666666667
0 0.339453125 0.09791666666666667 0.02421875 0.04861111111111111
0 0.244140625 0.7048611111111112 0.07109375 0.16805555555555557
0 0.3 0.12430555555555556 0.021875 0.044444444444444446
0 0.24296875 0.6298611111111111 0.03671875 0.07222222222222222
0 0.50625 0.02013888888888889 0.040625 0.04027777777777778
0 0.27109375 0.6763888888888889 0.0625 0.14722222222222223
0 0.005078125 0.6208333333333333 0.01015625 0.10277777777777777
0 0.29609375 0.12708333333333333 0.02421875 0.04722222222222222
0 0.21328125 0.7111111111111111 0.059375 0.15
0 0.49296875 0.027083333333333334 0.0328125 0.05416666666666667
0 0.4875 0.027777777777777776 0.0328125 0.05555555555555555