0 0.58125 0.13680555555555557 0.028125 0.10138888888888889
0 0.13671875 0.59375 0.0484375 0.175
0 0.59765625 0.7805555555555556 0.046875 0.17222222222222222
0 0.81328125 0.63125 0.04453125 0.16666666666666666
0 0.495703125 0.27847222222222223 0.03125 0.12083333333333333
0 0.891796875 0.09722222222222222 0.03515625 0.11944444444444445
0 0.38125 0.2076388888888889 0.03046875 0.12638888888888888
0 0.807421875 0.47847222222222224 0.04296875 0.1388888888888889
0 0.95078125 0.5909722222222222 0.046875 0.1625
0 0.923046875 0.16944444444444445 0.0328125 0.10138888888888889
0 0.170703125 0.04861111111111111 0.0296875 0.09722222222222222
0 0.39140625 0.02361111111111111 0.028125 0.04722222222222222
0 0.916015625 0.2569444444444444 0.0421875 0.1361111111111111
0 0.22265625 0.03819444444444445 0.03125 0.0763888888888889
0 0.68671875 0.7368055555555556 0.03984375 0.1527777777777778
0 0.625390625 0.14097222222222222 0.0375 0.12083333333333333
0 0.078125 0.85625 0.0625 0.2111111111111111
0 0.532421875 0.20555555555555555 0.03671875 0.14444444444444443
0 0.408203125 0.38819444444444445 0.03125 0.14027777777777778
0 0.058984375 0.16944444444444445 0.03203125 0.12222222222222222
0 0.96640625 0.2520833333333333 0.0359375 0.125
0 0.611328125 0.44027777777777777 0.03671875 0.1375
0 0.31796875 0.3729166666666667 0.04375 0.13472222222222222
0 0.95390625 0.02013888888888889 0.02109375 0.04027777777777778
0 0.4515625 0.11597222222222223 0.028125 0.12638888888888888
0 0.858984375 0.07361111111111111 0.0234375 0.10555555555555556
0 0.684765625 0.04722222222222222 0.02265625 0.09027777777777778
0 0.372265625 0.5347222222222222 0.04375 0.1763888888888889
0 0.3140625 0.26944444444444443 0.0359375 0.09444444444444444
0 0.4265625 0.11041666666666666 0.028125 0.12222222222222222
0 0.226953125 0.4666666666666667 0.02109375 0.05694444444444444
0 0.732421875 0.08402777777777778 0.02734375 0.1625
0 0.841015625 0.0763888888888889 0.025 0.10416666666666667
0 0.726953125 0.04513888888888889 0.028125 0.09027777777777778
0 0.490625 0.10069444444444445 0.02890625 0.10972222222222222
0 0.189453125 0.5159722222222223 0.03515625 0.14444444444444443
0 0.99296875 0.16111111111111112 0.0140625 0.09861111111111111
0 0.00859375 0.1423611111111111 0.0171875 0.05138888888888889
0 0.216015625 0.5381944444444444 0.04140625 0.15416666666666667
0 0.6640625 0.0763888888888889 0.01796875 0.06527777777777778
0 0.15 0.014583333333333334 0.021875 0.029166666666666667
0 0.251953125 0.5243055555555556 0.03828125 0.13055555555555556
0 0.47890625 0.059722222222222225 0.04609375 0.11666666666666667
0 0.635546875 0.12708333333333333 0.0265625 0.12777777777777777
0 0.475 0.027083333333333334 0.0421875 0.05416666666666667
0 0.58046875 0.9923611111111111 0.05 0.015277777777777777