0 0.56875 0.35138888888888886 0.034375 0.14305555555555555
0 0.616796875 0.36319444444444443 0.02890625 0.11388888888888889
0 0.959765625 0.48194444444444445 0.046875 0.16805555555555557
0 0.438671875 0.06666666666666667 0.02421875 0.11527777777777778
0 0.494921875 0.5826388888888889 0.04140625 0.1527777777777778
0 0.489453125 0.2076388888888889 0.0265625 0.11944444444444445
0 0.921875 0.26458333333333334 0.03984375 0.13472222222222222
0 0.66953125 0.51875 0.03984375 0.15138888888888888
0 0.37890625 0.6104166666666667 0.04765625 0.17777777777777778
0 0.28828125 0.5486111111111112 0.0375 0.14166666666666666
0 0.3703125 0.18472222222222223 0.0296875 0.12916666666666668
0 0.827734375 0.2513888888888889 0.0359375 0.1388888888888889
0 0.5015625 0.025 0.0265625 0.05
0 0.29921875 0.7090277777777778 0.0453125 0.17222222222222222
0 0.385546875 0.11597222222222223 0.025 0.10972222222222222
0 0.113671875 0.8173611111111111 0.0578125 0.19722222222222222
0 0.615625 0.17569444444444443 0.02734375 0.1125
0 0.50859375 0.45 0.04453125 0.15694444444444444
0 0.458984375 0.06597222222222222 0.028125 0.11388888888888889
0 0.549609375 0.4875 0.028125 0.13472222222222222
0 0.731640625 0.08194444444444444 0.02265625 0.12361111111111112
0 0.12421875 0.07916666666666666 0.03515625 0.12083333333333333
0 0.955078125 0.15902777777777777 0.034375 0.12222222222222222
0 0.53046875 0.02361111111111111 0.021875 0.04722222222222222
0 0.930859375 0.15763888888888888 0.03203125 0.10555555555555556
0 0.383203125 0.02361111111111111 0.0234375 0.04722222222222222
0 0.22421875 0.4465277777777778 0.02578125 0.06388888888888888
0 0.0515625 0.15486111111111112 0.03203125 0.12361111111111112
0 0.224609375 0.06458333333333334 0.021875 0.09305555555555556
0 0.65546875 0.03680555555555556 0.02734375 0.07361111111111111
0 0.25 0.5076388888888889 0.03359375 0.13333333333333333
0 0.008203125 0.5881944444444445 0.015625 0.12916666666666668
0 0.634765625 0.034722222222222224 0.0265625 0.06944444444444445
0 0.77109375 0.015277777777777777 0.03046875 0.030555555555555555
0 0.219921875 0.51875 0.04296875 0.15416666666666667
0 0.191015625 0.5 0.034375 0.14722222222222223
0 0.61171875 0.04027777777777778 0.02265625 0.06527777777777778
0 0.598046875 0.00625 0.01796875 0.0125