0 0.568359375 0.24930555555555556 0.03125 0.12638888888888888
0 0.630078125 0.4930555555555556 0.0328125 0.12083333333333333
0 0.508203125 0.7451388888888889 0.046875 0.17222222222222222
0 0.812109375 0.1736111111111111 0.03046875 0.13055555555555556
0 0.66484375 0.3770833333333333 0.0359375 0.1527777777777778
0 0.3875 0.050694444444444445 0.0265625 0.09861111111111111
0 0.48515625 0.2951388888888889 0.03125 0.13333333333333333
0 0.047265625 0.7319444444444444 0.05234375 0.16111111111111112
0 0.931640625 0.34791666666666665 0.04296875 0.14305555555555555
0 0.278125 0.6888888888888889 0.0421875 0.14444444444444443
0 0.630078125 0.1125 0.03203125 0.1111111111111111
0 0.5 0.05138888888888889 0.02734375 0.10277777777777777
0 0.3 0.8895833333333333 0.0546875 0.17916666666666667
0 0.371484375 0.10069444444444445 0.0296875 0.11944444444444445
0 0.421484375 0.9256944444444445 0.05 0.14166666666666666
0 0.974609375 0.20833333333333334 0.03125 0.11527777777777778
0 0.38046875 0.46458333333333335 0.0421875 0.1638888888888889
0 0.5328125 0.05 0.021875 0.09444444444444444
0 0.528125 0.5958333333333333 0.05234375 0.18194444444444444
0 0.039453125 0.16458333333333333 0.034375 0.12638888888888888
0 0.98125 0.6534722222222222 0.0375 0.1736111111111111
0 0.4625 0.044444444444444446 0.0296875 0.0875
0 0.644140625 0.03333333333333333 0.02265625 0.06666666666666667
0 0.73046875 0.08263888888888889 0.0234375 0.125
0 0.95 0.2125 0.02890625 0.10555555555555556
0 0.439453125 0.04861111111111111 0.0265625 0.09444444444444444
0 0.54921875 0.37222222222222223 0.025 0.12638888888888888
0 0.121484375 0.12430555555555556 0.0359375 0.12638888888888888
0 0.15 0.9694444444444444 0.05390625 0.06111111111111111
0 0.294140625 0.06458333333333334 0.0171875 0.09583333333333334
0 0.874609375 0.01875 0.02890625 0.0375
0 0.21875 0.5222222222222223 0.0421875 0.1527777777777778
0 0.225 0.4479166666666667 0.0265625 0.06527777777777778
0 0.992578125 0.02638888888888889 0.01484375 0.05277777777777778
0 0.61015625 0.034027777777777775 0.02421875 0.06805555555555555
0 0.188671875 0.5006944444444444 0.0328125 0.14027777777777778
0 0.251953125 0.5076388888888889 0.0375 0.13472222222222222
0 0.94609375 0.006944444444444444 0.02265625 0.0125
0 0.5984375 0.044444444444444446 0.01875 0.06527777777777778