0 0.8609375 0.7701388888888889 0.0515625 0.16527777777777777
0 0.4953125 0.3472222222222222 0.03515625 0.12916666666666668
0 0.93125 0.23541666666666666 0.03515625 0.12361111111111112
0 0.616796875 0.79375 0.0421875 0.1638888888888889
0 0.904296875 0.14027777777777778 0.03203125 0.125
0 0.84765625 0.6222222222222222 0.04609375 0.16666666666666666
0 0.38125 0.1423611111111111 0.03046875 0.12361111111111112
0 0.11171875 0.7284722222222222 0.05 0.17916666666666667
0 0.94140625 0.3402777777777778 0.040625 0.14305555555555555
0 0.1078125 0.9069444444444444 0.05625 0.17916666666666667
0 0.9046875 0.4895833333333333 0.0421875 0.1638888888888889
0 0.5890625 0.18263888888888888 0.025 0.10277777777777777
0 0.573046875 0.6444444444444445 0.040625 0.1763888888888889
0 0.614453125 0.08680555555555555 0.0296875 0.10833333333333334
0 0.372265625 0.4152777777777778 0.0375 0.1527777777777778
0 0.40078125 0.29930555555555555 0.03125 0.12777777777777777
0 0.6296875 0.3548611111111111 0.034375 0.12083333333333333
0 0.536328125 0.2625 0.0375 0.14166666666666666
0 0.731640625 0.09444444444444444 0.02421875 0.125
0 0.551171875 0.8777777777777778 0.03515625 0.16805555555555557
0 0.222265625 0.024305555555555556 0.02734375 0.04861111111111111
0 0.637109375 0.9715277777777778 0.0546875 0.05694444444444444
0 0.55390625 0.017361111111111112 0.02734375 0.034722222222222224
0 0.13984375 0.030555555555555555 0.03125 0.06111111111111111
0 0.484375 0.08402777777777778 0.0265625 0.11666666666666667
0 0.990234375 0.20347222222222222 0.01953125 0.11527777777777778
0 0.70859375 0.05 0.02578125 0.1
0 0.8828125 0.08819444444444445 0.02265625 0.10833333333333334
0 0.98828125 0.32013888888888886 0.0234375 0.12222222222222222
0 0.31953125 0.4375 0.05390625 0.16666666666666666
0 0.316015625 0.3263888888888889 0.0359375 0.10416666666666667
0 0.428515625 0.10277777777777777 0.025 0.11805555555555555
0 0.459765625 0.10972222222222222 0.03046875 0.12222222222222222
0 0.509765625 0.052083333333333336 0.02421875 0.10277777777777777
0 0.191796875 0.5138888888888888 0.03203125 0.14305555555555555
0 0.953515625 0.01597222222222222 0.025 0.03194444444444444
0 0.260546875 0.013194444444444444 0.0234375 0.02638888888888889
0 0.00703125 0.5340277777777778 0.0140625 0.14583333333333334
0 0.226171875 0.46111111111111114 0.025 0.05555555555555555
0 0.86484375 0.10277777777777777 0.0234375 0.09305555555555556
0 0.630859375 0.04583333333333333 0.0234375 0.06944444444444445
0 0.21953125 0.5347222222222222 0.04296875 0.1527777777777778
0 0.2515625 0.5229166666666667 0.040625 0.13055555555555556
0 0.05546875 0.09930555555555555 0.025 0.08611111111111111
0 0.6734375 0.03680555555555556 0.02109375 0.07361111111111111
0 0.9953125 0.0125 0.009375 0.02361111111111111
0 0.653515625 0.04861111111111111 0.01796875 0.04583333333333333
0 0.060546875 0.15069444444444444 0.02890625 0.14583333333333334
0 0.626171875 0.07361111111111111 0.02578125 0.11805555555555555
0 0.6671875 0.05625 0.0203125 0.08194444444444444
0 0.008984375 0.006944444444444444 0.0171875 0.0125
0 0.012890625 0.5444444444444444 0.02578125 0.15833333333333333