0 0.49921875 0.09652777777777778 0.03046875 0.1111111111111111
0 0.569921875 0.16319444444444445 0.028125 0.11805555555555555
0 0.653515625 0.6673611111111111 0.0453125 0.14027777777777778
0 0.78125 0.09027777777777778 0.028125 0.12222222222222222
0 0.1265625 0.9201388888888888 0.06015625 0.1527777777777778
0 0.038671875 0.17083333333333334 0.03671875 0.1111111111111111
0 0.661328125 0.24097222222222223 0.03203125 0.13472222222222222
0 0.527734375 0.94375 0.053125 0.1125
0 0.9484375 0.4548611111111111 0.0453125 0.16527777777777777
0 0.491015625 0.4041666666666667 0.03359375 0.14027777777777778
0 0.529296875 0.10069444444444445 0.02421875 0.1
0 0.544140625 0.7736111111111111 0.053125 0.19444444444444445
0 0.2546875 0.89375 0.04921875 0.18194444444444444
0 0.737890625 0.9506944444444444 0.0609375 0.09861111111111111
0 0.407421875 0.7333333333333333 0.0421875 0.17777777777777778
0 0.66484375 0.05625 0.0265625 0.10138888888888889
0 0.730859375 0.07847222222222222 0.01953125 0.12222222222222222
0 0.548046875 0.25763888888888886 0.0234375 0.12083333333333333
0 0.376171875 0.33541666666666664 0.04609375 0.16666666666666666
0 0.498828125 0.02638888888888889 0.02734375 0.05277777777777778
0 0.37109375 0.029861111111111113 0.0234375 0.059722222222222225
0 0.121875 0.17708333333333334 0.0421875 0.14027777777777778
0 0.64609375 0.03125 0.02265625 0.0625
0 0.4359375 0.01875 0.01796875 0.0375
0 0.21953125 0.5173611111111112 0.04296875 0.1486111111111111
0 0.37109375 0.06875 0.03125 0.09166666666666666
0 0.45859375 0.021527777777777778 0.01953125 0.043055555555555555
0 0.392578125 0.018055555555555554 0.0171875 0.03611111111111111
0 0.23515625 0.4486111111111111 0.02734375 0.0625
0 0.61171875 0.03819444444444445 0.02734375 0.0763888888888889
0 0.976953125 0.17708333333333334 0.04609375 0.1625
0 0.083984375 0.014583333333333334 0.03515625 0.029166666666666667
0 0.990625 0.2659722222222222 0.01875 0.11944444444444445
0 0.25 0.5083333333333333 0.03828125 0.13194444444444445
0 0.189453125 0.5027777777777778 0.0328125 0.1361111111111111
0 0.9671875 0.015277777777777777 0.0328125 0.030555555555555555
0 0.006640625 0.2777777777777778 0.0125 0.09583333333333334
0 0.59609375 0.04583333333333333 0.0203125 0.07083333333333333
0 0.590625 0.04236111111111111 0.02109375 0.075