0 0.70625 0.020833333333333332 0.0578125 0.041666666666666664
0 0.61484375 0.39375 0.05859375 0.1375
0 0.503515625 0.22569444444444445 0.059375 0.14027777777777778
0 0.5640625 0.7090277777777778 0.08203125 0.18611111111111112
0 0.62109375 0.27152777777777776 0.06796875 0.1625
0 0.392578125 0.09236111111111112 0.046875 0.10694444444444444
0 0.437109375 0.32083333333333336 0.059375 0.14444444444444443
0 0.385546875 0.5611111111111111 0.0765625 0.175
0 0.28828125 0.23819444444444443 0.053125 0.12916666666666668
0 0.854296875 0.058333333333333334 0.07109375 0.11666666666666667
0 0.291015625 0.17916666666666667 0.0484375 0.1111111111111111
0 0.408203125 0.9486111111111111 0.09140625 0.10277777777777777
0 0.140625 0.9736111111111111 0.0875 0.05277777777777778
0 0.525 0.05763888888888889 0.05625 0.11527777777777778
0 0.532421875 0.9375 0.07421875 0.125
0 0.5421875 0.5590277777777778 0.08125 0.19027777777777777
0 0.421875 0.06458333333333334 0.040625 0.09861111111111111
0 0.35859375 0.11458333333333333 0.046875 0.10138888888888889
0 0.34296875 0.8347222222222223 0.07421875 0.16805555555555557
0 0.016015625 0.5472222222222223 0.03203125 0.1361111111111111
0 0.337109375 0.13819444444444445 0.046875 0.10833333333333334
0 0.965625 0.2652777777777778 0.06875 0.19166666666666668
0 0.515625 0.3472222222222222 0.05 0.125
0 0.069921875 0.4395833333333333 0.071875 0.15555555555555556
0 0.250390625 0.7305555555555555 0.075 0.17083333333333334
0 0.237890625 0.6611111111111111 0.03828125 0.075
0 0.2109375 0.25555555555555554 0.03984375 0.1
0 0.488671875 0.016666666666666666 0.03828125 0.03333333333333333
0 0.21796875 0.7340277777777777 0.06328125 0.15138888888888888
0 0.276953125 0.6965277777777777 0.065625 0.15