0 0.566015625 0.5305555555555556 0.05703125 0.16666666666666666
0 0.498828125 0.43680555555555556 0.05234375 0.15
0 0.858203125 0.9444444444444444 0.07890625 0.1111111111111111
0 0.6234375 0.29791666666666666 0.03984375 0.11666666666666667
0 0.03515625 0.7388888888888889 0.0703125 0.175
0 0.944140625 0.5145833333333333 0.06015625 0.1597222222222222
0 0.541796875 0.35347222222222224 0.05625 0.15833333333333333
0 0.325390625 0.8 0.08984375 0.25
0 0.038671875 0.44166666666666665 0.071875 0.1875
0 0.775 0.1951388888888889 0.0359375 0.13055555555555556
0 0.86484375 0.5284722222222222 0.06015625 0.16527777777777777
0 0.605859375 0.8333333333333334 0.07734375 0.22083333333333333
0 0.437109375 0.04791666666666667 0.03671875 0.09583333333333334
0 0.65703125 0.09722222222222222 0.04296875 0.09861111111111111
0 0.975390625 0.6319444444444444 0.04921875 0.15833333333333333
0 0.51484375 0.7097222222222223 0.0546875 0.16805555555555557
0 0.649609375 0.325 0.04453125 0.12916666666666668
0 0.31015625 0.46319444444444446 0.0609375 0.1597222222222222
0 0.4875 0.9291666666666667 0.0625 0.14166666666666666
0 0.42734375 0.17430555555555555 0.04296875 0.12777777777777777
0 0.536328125 0.1361111111111111 0.03984375 0.13194444444444445
0 0.9953125 0.46111111111111114 0.009375 0.12222222222222222
0 0.073828125 0.8097222222222222 0.0578125 0.075
0 0.587890625 0.05138888888888889 0.02890625 0.0625
0 0.3265625 0.35 0.0515625 0.1375
0 0.108203125 0.027083333333333334 0.04609375 0.05416666666666667
0 0.23671875 0.34791666666666665 0.0328125 0.06944444444444445
0 0.401171875 0.2604166666666667 0.05078125 0.15555555555555556
0 0.938671875 0.33125 0.06328125 0.2125
0 0.5078125 0.1 0.0421875 0.12916666666666668
0 0.48125 0.08263888888888889 0.040625 0.12638888888888888
0 0.734765625 0.1451388888888889 0.034375 0.07916666666666666
0 0.928125 0.28680555555555554 0.040625 0.11944444444444445
0 0.222265625 0.4166666666666667 0.0609375 0.1638888888888889
0 0.196484375 0.38819444444444445 0.0515625 0.15138888888888888
0 0.704296875 0.10625 0.03359375 0.07777777777777778
0 0.992578125 0.2013888888888889 0.01484375 0.030555555555555555
0 0.74453125 0.11041666666666666 0.028125 0.05416666666666667
0 0.253125 0.4222222222222222 0.04765625 0.1388888888888889
0 0.707421875 0.1326388888888889 0.02421875 0.0625
0 0.492578125 0.9833333333333333 0.03515625 0.03333333333333333
0 0.684765625 0.10069444444444445 0.028125 0.075