0 0.8328125 0.6145833333333334 0.04296875 0.15694444444444444
0 0.5078125 0.21041666666666667 0.03203125 0.12361111111111112
0 0.676953125 0.06388888888888888 0.028125 0.1111111111111111
0 0.826953125 0.07847222222222222 0.0359375 0.11527777777777778
0 0.615234375 0.9388888888888889 0.0453125 0.11805555555555555
0 0.76328125 0.7875 0.046875 0.14444444444444443
0 0.41484375 0.43333333333333335 0.0328125 0.1388888888888889
0 0.020703125 0.40625 0.040625 0.14166666666666666
0 0.895703125 0.04722222222222222 0.034375 0.09305555555555556
0 0.537890625 0.21666666666666667 0.028125 0.11388888888888889
0 0.08671875 0.30277777777777776 0.046875 0.14027777777777778
0 0.0578125 0.7305555555555555 0.0578125 0.2
0 0.5375 0.10208333333333333 0.02421875 0.1
0 0.931640625 0.04513888888888889 0.03828125 0.09027777777777778
0 0.023046875 0.175 0.02890625 0.11388888888888889
0 0.40390625 0.15555555555555556 0.03671875 0.13472222222222222
0 0.755078125 0.9243055555555556 0.0640625 0.14444444444444443
0 0.5375 0.6173611111111111 0.040625 0.18194444444444444
0 0.55 0.034722222222222224 0.0265625 0.06944444444444445
0 0.984765625 0.7090277777777778 0.03046875 0.15694444444444444
0 0.5046875 0.6833333333333333 0.04296875 0.17083333333333334
0 0.64453125 0.030555555555555555 0.0203125 0.06111111111111111
0 0.8484375 0.06458333333333334 0.025 0.11527777777777778
0 0.733203125 0.075 0.0234375 0.12361111111111112
0 0.98359375 0.3506944444444444 0.03125 0.13472222222222222
0 0.557421875 0.10347222222222222 0.0203125 0.10138888888888889
0 0.33828125 0.025 0.02421875 0.05
0 0.953515625 0.13541666666666666 0.034375 0.12083333333333333
0 0.958203125 0.10902777777777778 0.0375 0.17222222222222222
0 0.61171875 0.03263888888888889 0.02265625 0.06527777777777778
0 0.252734375 0.5027777777777778 0.03359375 0.1361111111111111
0 0.51640625 0.03333333333333333 0.025 0.06666666666666667
0 0.21953125 0.5097222222222222 0.03828125 0.1527777777777778
0 0.193359375 0.49166666666666664 0.03515625 0.15555555555555556
0 0.58984375 0.03194444444444444 0.01796875 0.06388888888888888
0 0.73125 0.009722222222222222 0.02109375 0.019444444444444445
0 0.594140625 0.03333333333333333 0.01875 0.06388888888888888
0 0.4859375 0.07708333333333334 0.0140625 0.059722222222222225
0 0.95625 0.0798611111111111 0.03125 0.11805555555555555
0 0.513671875 0.050694444444444445 0.02734375 0.10138888888888889