0 0.617578125 0.36527777777777776 0.03125 0.1125
0 0.569140625 0.34444444444444444 0.03359375 0.14305555555555555
0 0.960546875 0.4847222222222222 0.046875 0.16527777777777777
0 0.4953125 0.5854166666666667 0.03984375 0.1527777777777778
0 0.28828125 0.5520833333333334 0.03671875 0.13333333333333333
0 0.438671875 0.06666666666666667 0.0234375 0.11527777777777778
0 0.298828125 0.7180555555555556 0.04375 0.1736111111111111
0 0.489453125 0.20902777777777778 0.0265625 0.11944444444444445
0 0.501171875 0.02638888888888889 0.02734375 0.05277777777777778
0 0.830859375 0.25 0.03359375 0.14027777777777778
0 0.378515625 0.6076388888888888 0.05078125 0.18333333333333332
0 0.66953125 0.5131944444444444 0.03984375 0.15138888888888888
0 0.3703125 0.18194444444444444 0.02890625 0.13055555555555556
0 0.919921875 0.2652777777777778 0.04140625 0.1375
0 0.38515625 0.11666666666666667 0.02421875 0.1125
0 0.114453125 0.8229166666666666 0.05546875 0.18472222222222223
0 0.616015625 0.175 0.0296875 0.11388888888888889
0 0.549609375 0.48194444444444445 0.02734375 0.13472222222222222
0 0.124609375 0.0798611111111111 0.0328125 0.12083333333333333
0 0.458984375 0.06527777777777778 0.028125 0.11527777777777778
0 0.508203125 0.45555555555555555 0.04375 0.15416666666666667
0 0.731640625 0.08194444444444444 0.0234375 0.12361111111111112
0 0.951953125 0.1625 0.03359375 0.12083333333333333
0 0.532421875 0.024305555555555556 0.02109375 0.04861111111111111
0 0.932421875 0.1597222222222222 0.03203125 0.10277777777777777
0 0.22578125 0.06527777777777778 0.021875 0.09305555555555556
0 0.38203125 0.022222222222222223 0.021875 0.044444444444444446
0 0.05078125 0.15486111111111112 0.03125 0.12222222222222222
0 0.65390625 0.03680555555555556 0.02734375 0.07361111111111111
0 0.224609375 0.4465277777777778 0.025 0.06388888888888888
0 0.0109375 0.5958333333333333 0.02109375 0.12777777777777777
0 0.776953125 0.01597222222222222 0.03359375 0.03194444444444444
0 0.25 0.5090277777777777 0.0328125 0.13194444444444445
0 0.627734375 0.03263888888888889 0.0296875 0.06527777777777778
0 0.21953125 0.5194444444444445 0.04296875 0.1527777777777778
0 0.191015625 0.5020833333333333 0.0328125 0.14583333333333334
0 0.611328125 0.03819444444444445 0.021875 0.06805555555555555