0 0.592578125 0.24861111111111112 0.03046875 0.1111111111111111
0 0.5671875 0.5166666666666667 0.040625 0.15138888888888888
0 0.080078125 0.9069444444444444 0.05625 0.18611111111111112
0 0.93515625 0.3236111111111111 0.0421875 0.1486111111111111
0 0.49296875 0.42430555555555555 0.0375 0.14444444444444443
0 0.643359375 0.8076388888888889 0.05 0.18472222222222223
0 0.909765625 0.1798611111111111 0.03359375 0.1125
0 0.39140625 0.2298611111111111 0.03203125 0.12083333333333333
0 0.38125 0.08541666666666667 0.02421875 0.11388888888888889
0 0.9 0.8 0.05703125 0.1736111111111111
0 0.86796875 0.3923611111111111 0.0421875 0.14583333333333334
0 0.903125 0.9375 0.059375 0.125
0 0.31171875 0.5305555555555556 0.046875 0.1597222222222222
0 0.040625 0.6208333333333333 0.0640625 0.18055555555555555
0 0.5296875 0.33125 0.0390625 0.15
0 0.6234375 0.28680555555555554 0.03046875 0.12083333333333333
0 0.9765625 0.42569444444444443 0.046875 0.1486111111111111
0 0.36953125 0.8847222222222222 0.05390625 0.2
0 0.53984375 0.7138888888888889 0.0328125 0.14722222222222223
0 0.729296875 0.09097222222222222 0.02265625 0.13055555555555556
0 0.553515625 0.9159722222222222 0.0421875 0.15555555555555556
0 0.125390625 0.9576388888888889 0.0546875 0.08472222222222223
0 0.98984375 0.2465277777777778 0.0203125 0.12083333333333333
0 0.376171875 0.31666666666666665 0.03203125 0.1388888888888889
0 0.599609375 0.04861111111111111 0.0234375 0.09305555555555556
0 0.313671875 0.4083333333333333 0.0359375 0.11805555555555555
0 0.129296875 0.04375 0.028125 0.08333333333333333
0 0.488671875 0.12430555555555556 0.02734375 0.13055555555555556
0 0.122265625 0.09444444444444444 0.0328125 0.09027777777777778
0 0.223828125 0.45694444444444443 0.02421875 0.05694444444444444
0 0.428125 0.10208333333333333 0.02578125 0.11805555555555555
0 0.526171875 0.03194444444444444 0.0234375 0.06388888888888888
0 0.651171875 0.03333333333333333 0.02421875 0.06666666666666667
0 0.884375 0.12152777777777778 0.028125 0.10138888888888889
0 0.0578125 0.15763888888888888 0.03125 0.12222222222222222
0 0.45703125 0.10972222222222222 0.0265625 0.11944444444444445
0 0.21875 0.5305555555555556 0.0421875 0.15
0 0.190234375 0.5118055555555555 0.034375 0.14166666666666666
0 0.945703125 0.011805555555555555 0.0203125 0.02361111111111111
0 0.65859375 0.058333333333333334 0.01953125 0.07361111111111111
0 0.630859375 0.03611111111111111 0.02109375 0.06944444444444445
0 0.69296875 0.03888888888888889 0.0203125 0.07777777777777778
0 0.25 0.5208333333333334 0.0375 0.12777777777777777
0 0.6171875 0.043055555555555555 0.03203125 0.08611111111111111
0 0.005859375 0.9319444444444445 0.0109375 0.1361111111111111
0 0.64140625 0.03611111111111111 0.02578125 0.07222222222222222
0 0.9015625 0.11597222222222223 0.03828125 0.1111111111111111