0 0.65 0.2423611111111111 0.0453125 0.10972222222222222
0 0.77734375 0.9090277777777778 0.0796875 0.18194444444444444
0 0.580078125 0.8305555555555556 0.06640625 0.1638888888888889
0 0.95390625 0.5090277777777777 0.0609375 0.14722222222222223
0 0.633984375 0.4756944444444444 0.0578125 0.14166666666666666
0 0.532421875 0.33055555555555555 0.05625 0.1388888888888889
0 0.9421875 0.59375 0.06640625 0.15833333333333333
0 0.456640625 0.11736111111111111 0.04921875 0.12777777777777777
0 0.5328125 0.7368055555555556 0.08203125 0.20277777777777778
0 0.473828125 0.9333333333333333 0.06328125 0.13333333333333333
0 0.8828125 0.8013888888888889 0.07890625 0.18611111111111112
0 0.794921875 0.7694444444444445 0.0703125 0.16805555555555557
0 0.4453125 0.28541666666666665 0.05546875 0.14166666666666666
0 0.11171875 0.4222222222222222 0.08359375 0.2
0 0.9453125 0.4013888888888889 0.05390625 0.12916666666666668
0 0.685546875 0.2048611111111111 0.05 0.125
0 0.583984375 0.2763888888888889 0.0625 0.15694444444444444
0 0.9796875 0.6027777777777777 0.040625 0.1527777777777778
0 0.043359375 0.6104166666666667 0.08671875 0.2013888888888889
0 0.795703125 0.27152777777777776 0.04765625 0.13055555555555556
0 0.616015625 0.06458333333333334 0.028125 0.05
0 0.3875 0.3784722222222222 0.06953125 0.1763888888888889
0 0.702734375 0.20277777777777778 0.04921875 0.13055555555555556
0 0.758984375 0.18958333333333333 0.03828125 0.09861111111111111
0 0.351171875 0.3090277777777778 0.071875 0.1638888888888889
0 0.5109375 0.0875 0.0453125 0.12222222222222222
0 0.93828125 0.3402777777777778 0.03515625 0.0875
0 0.249609375 0.2916666666666667 0.0375 0.07361111111111111
0 0.589453125 0.09791666666666667 0.04140625 0.10972222222222222
0 0.366015625 0.1986111111111111 0.0515625 0.11666666666666667
0 0.5390625 0.1111111111111111 0.05234375 0.13472222222222222
0 0.7421875 0.19027777777777777 0.0421875 0.10694444444444444
0 0.571484375 0.09166666666666666 0.04375 0.12083333333333333
0 0.7921875 0.20416666666666666 0.0375 0.08611111111111111
0 0.2078125 0.3194444444444444 0.06328125 0.15694444444444444
0 0.91328125 0.34097222222222223 0.0390625 0.1111111111111111
0 0.2640625 0.3645833333333333 0.06328125 0.15
0 0.23125 0.3576388888888889 0.07265625 0.17222222222222222
0 0.596875 0.10069444444444445 0.04375 0.1125