0 0.492578125 0.3888888888888889 0.03671875 0.1375
0 0.541015625 0.7756944444444445 0.03515625 0.15
0 0.9671875 0.3840277777777778 0.04453125 0.1486111111111111
0 0.64296875 0.9048611111111111 0.05234375 0.19027777777777777
0 0.87890625 0.7180555555555556 0.04921875 0.17777777777777778
0 0.885546875 0.8868055555555555 0.0578125 0.19166666666666668
0 0.569140625 0.5625 0.03984375 0.1527777777777778
0 0.0265625 0.5791666666666667 0.053125 0.18888888888888888
0 0.9359375 0.2826388888888889 0.0359375 0.1375
0 0.591015625 0.21666666666666667 0.0265625 0.10555555555555556
0 0.366796875 0.9326388888888889 0.065625 0.13472222222222222
0 0.57421875 0.8666666666666667 0.0453125 0.16805555555555557
0 0.0921875 0.8159722222222222 0.05703125 0.15138888888888888
0 0.881640625 0.42986111111111114 0.0390625 0.15416666666666667
0 0.905078125 0.16319444444444445 0.03828125 0.12222222222222222
0 0.533203125 0.3013888888888889 0.0359375 0.15555555555555556
0 0.115234375 0.9284722222222223 0.0640625 0.14305555555555555
0 0.7 0.05 0.02734375 0.09861111111111111
0 0.382421875 0.10902777777777778 0.025 0.11944444444444445
0 0.73125 0.09097222222222222 0.02421875 0.12916666666666668
0 0.6296875 0.31666666666666665 0.03046875 0.13194444444444445
0 0.373828125 0.3590277777777778 0.0375 0.15416666666666667
0 0.100390625 0.09861111111111111 0.0375 0.09583333333333334
0 0.393359375 0.2604166666666667 0.03125 0.13194444444444445
0 0.31484375 0.49236111111111114 0.0421875 0.1625
0 0.98984375 0.22569444444444445 0.0203125 0.10833333333333334
0 0.51640625 0.03958333333333333 0.02265625 0.07916666666666666
0 0.60546875 0.05694444444444444 0.0234375 0.11388888888888889
0 0.058984375 0.15833333333333333 0.02890625 0.11805555555555555
0 0.132421875 0.03611111111111111 0.0328125 0.07222222222222222
0 0.426953125 0.10208333333333333 0.025 0.11666666666666667
0 0.459375 0.10902777777777778 0.0265625 0.11527777777777778
0 0.992578125 0.36041666666666666 0.01484375 0.08194444444444444
0 0.486328125 0.11041666666666666 0.028125 0.12083333333333333
0 0.8984375 0.09305555555555556 0.0234375 0.0875
0 0.315234375 0.3736111111111111 0.0359375 0.11388888888888889
0 0.225 0.45694444444444443 0.0234375 0.058333333333333334
0 0.876953125 0.10486111111111111 0.021875 0.10416666666666667
0 0.19140625 0.5131944444444444 0.034375 0.14722222222222223
0 0.65859375 0.049305555555555554 0.02109375 0.09583333333333334
0 0.21796875 0.5298611111111111 0.0453125 0.15138888888888888
0 0.258203125 0.016666666666666666 0.02578125 0.03333333333333333
0 0.591015625 0.018055555555555554 0.0296875 0.03611111111111111
0 0.619140625 0.05763888888888889 0.0296875 0.1125
0 0.95078125 0.013888888888888888 0.0203125 0.027777777777777776
0 0.251953125 0.5208333333333334 0.0421875 0.13194444444444445
0 0.978125 0.009722222222222222 0.0171875 0.019444444444444445
0 0.645703125 0.03819444444444445 0.021875 0.07222222222222222
0 0.890625 0.10486111111111111 0.0390625 0.10833333333333334
0 0.90859375 0.13958333333333334 0.0375 0.06666666666666667