0 0.8453125 0.3145833333333333 0.09609375 0.19027777777777777
0 0.5625 0.28888888888888886 0.0703125 0.14027777777777778
0 0.46015625 0.13541666666666666 0.0546875 0.10833333333333334
0 0.70234375 0.5625 0.0859375 0.16944444444444445
0 0.462109375 0.06388888888888888 0.05859375 0.11805555555555555
0 0.6296875 0.5805555555555556 0.10078125 0.2
0 0.437109375 0.35833333333333334 0.06953125 0.14027777777777778
0 0.29609375 0.35694444444444445 0.06171875 0.125
0 0.25234375 0.9673611111111111 0.1015625 0.06527777777777778
0 0.696484375 0.7854166666666667 0.0734375 0.14305555555555555
0 0.370703125 0.46875 0.06953125 0.14027777777777778
0 0.852734375 0.09444444444444444 0.09375 0.18333333333333332
0 0.784765625 0.20277777777777778 0.08515625 0.16944444444444445
0 0.43984375 0.25069444444444444 0.07578125 0.15138888888888888
0 0.008203125 0.68125 0.01640625 0.10972222222222222
0 0.485546875 0.011111111111111112 0.05234375 0.022222222222222223
0 0.032421875 0.6895833333333333 0.06484375 0.13472222222222222
0 0.382421875 0.60625 0.0828125 0.16666666666666666
0 0.1046875 0.4354166666666667 0.046875 0.0875
0 0.328125 0.6166666666666667 0.084375 0.16527777777777777
0 0.312109375 0.25763888888888886 0.05703125 0.11805555555555555
0 0.133203125 0.38680555555555557 0.0328125 0.06111111111111111
0 0.359375 0.14930555555555555 0.05234375 0.10694444444444444
0 0.472265625 0.052083333333333336 0.06328125 0.10416666666666667
0 0.266015625 0.7611111111111111 0.0421875 0.07777777777777778
0 0.346484375 0.17152777777777778 0.05625 0.11666666666666667
0 0.284765625 0.5340277777777778 0.0625 0.12083333333333333
0 0.3375 0.2298611111111111 0.065625 0.13194444444444445
0 0.355859375 0.09236111111111112 0.028125 0.05138888888888889
0 0.05546875 0.4861111111111111 0.0390625 0.06805555555555555
0 0.255859375 0.8381944444444445 0.07734375 0.15555555555555556
0 0.2578125 0.20972222222222223 0.02421875 0.04027777777777778
0 0.283984375 0.8222222222222222 0.08828125 0.17222222222222222
0 0.307421875 0.7777777777777778 0.07578125 0.1486111111111111
0 0.04921875 0.4979166666666667 0.040625 0.07222222222222222