0 0.61953125 0.3951388888888889 0.03359375 0.11805555555555555
0 0.9671875 0.5222222222222223 0.0484375 0.17222222222222222
0 0.56875 0.32708333333333334 0.03359375 0.13472222222222222
0 0.8234375 0.23472222222222222 0.03203125 0.13472222222222222
0 0.668359375 0.4888888888888889 0.03984375 0.15555555555555556
0 0.36796875 0.16458333333333333 0.02734375 0.125
0 0.4875 0.2326388888888889 0.028125 0.12222222222222222
0 0.38046875 0.5833333333333334 0.05 0.18333333333333332
0 0.61875 0.16041666666666668 0.02890625 0.10972222222222222
0 0.121875 0.8798611111111111 0.05703125 0.20416666666666666
0 0.29765625 0.7458333333333333 0.04765625 0.1625
0 0.386328125 0.09791666666666667 0.02578125 0.10833333333333334
0 0.438671875 0.06527777777777778 0.02421875 0.11805555555555555
0 0.5 0.6215277777777778 0.0390625 0.15555555555555556
0 0.921484375 0.29305555555555557 0.04140625 0.14722222222222223
0 0.500390625 0.03125 0.02578125 0.0625
0 0.96171875 0.17222222222222222 0.0296875 0.1125
0 0.533203125 0.029861111111111113 0.0203125 0.059722222222222225
0 0.5515625 0.4638888888888889 0.02578125 0.1375
0 0.73203125 0.08402777777777778 0.02421875 0.12638888888888888
0 0.790625 0.018055555555555554 0.04140625 0.03611111111111111
0 0.50859375 0.4875 0.04453125 0.15416666666666667
0 0.290625 0.5840277777777778 0.03984375 0.14583333333333334
0 0.24140625 0.06805555555555555 0.03046875 0.09444444444444444
0 0.051953125 0.15833333333333333 0.03046875 0.11944444444444445
0 0.459765625 0.06319444444444444 0.028125 0.12083333333333333
0 0.124609375 0.09166666666666666 0.0375 0.12916666666666668
0 0.93671875 0.17083333333333334 0.02890625 0.10416666666666667
0 0.650390625 0.03611111111111111 0.02421875 0.07222222222222222
0 0.0140625 0.6118055555555556 0.028125 0.14305555555555555
0 0.219140625 0.5208333333333334 0.04296875 0.15416666666666667
0 0.190234375 0.5027777777777778 0.03359375 0.14722222222222223
0 0.225 0.4486111111111111 0.02421875 0.06527777777777778
0 0.385546875 0.015277777777777777 0.01640625 0.030555555555555555
0 0.250390625 0.5131944444444444 0.034375 0.1361111111111111