0 0.574609375 0.45902777777777776 0.05390625 0.15416666666666667
0 0.489453125 0.5027777777777778 0.05703125 0.1597222222222222
0 0.430859375 0.12986111111111112 0.03984375 0.12083333333333333
0 0.28828125 0.5298611111111111 0.06484375 0.16944444444444445
0 0.646484375 0.07569444444444444 0.03125 0.06388888888888888
0 0.30546875 0.39375 0.046875 0.12361111111111112
0 0.942578125 0.5784722222222223 0.06328125 0.17222222222222222
0 0.855859375 0.46041666666666664 0.05703125 0.15138888888888888
0 0.62578125 0.34930555555555554 0.040625 0.11805555555555555
0 0.06171875 0.5444444444444444 0.0765625 0.2
0 0.53046875 0.39791666666666664 0.05859375 0.16666666666666666
0 0.533203125 0.1763888888888889 0.04140625 0.13472222222222222
0 0.633984375 0.7111111111111111 0.065625 0.19166666666666668
0 0.48203125 0.07152777777777777 0.03828125 0.12777777777777777
0 0.77578125 0.19375 0.03515625 0.12916666666666668
0 0.43828125 0.027777777777777776 0.0328125 0.05555555555555555
0 0.53046875 0.6173611111111111 0.04921875 0.1597222222222222
0 0.1046875 0.02638888888888889 0.04375 0.05277777777777778
0 0.35078125 0.6743055555555556 0.07421875 0.20416666666666666
0 0.40859375 0.19930555555555557 0.0453125 0.14166666666666666
0 0.509375 0.08819444444444445 0.04453125 0.12916666666666668
0 0.725390625 0.12638888888888888 0.03515625 0.09583333333333334
0 0.93359375 0.39791666666666664 0.0515625 0.14166666666666666
0 0.648828125 0.27291666666666664 0.04609375 0.11805555555555555
0 0.667578125 0.08194444444444444 0.02890625 0.059722222222222225
0 0.19609375 0.3854166666666667 0.05078125 0.15
0 0.7578125 0.10972222222222222 0.03203125 0.044444444444444446
0 0.25390625 0.41597222222222224 0.046875 0.14166666666666666
0 0.223828125 0.4152777777777778 0.0578125 0.16111111111111112
0 0.994140625 0.49722222222222223 0.01171875 0.13055555555555556
0 0.690234375 0.10902777777777778 0.03828125 0.09583333333333334
0 0.601953125 0.04583333333333333 0.01953125 0.03888888888888889
0 0.234765625 0.34930555555555554 0.034375 0.06805555555555555
0 0.99296875 0.20069444444444445 0.0140625 0.02638888888888889
0 0.96171875 0.31666666666666665 0.040625 0.11666666666666667
0 0.56171875 0.027777777777777776 0.02265625 0.0375
0 0.581640625 0.035416666666666666 0.01796875 0.034722222222222224