0 0.64453125 0.5590277777777778 0.096875 0.1736111111111111
0 0.8109375 0.23333333333333334 0.10390625 0.18611111111111112
0 0.42109375 0.36180555555555555 0.0734375 0.13194444444444445
0 0.709765625 0.5020833333333333 0.1015625 0.18194444444444444
0 0.8328125 0.043055555555555555 0.0953125 0.08611111111111111
0 0.73828125 0.12916666666666668 0.0859375 0.15555555555555556
0 0.550390625 0.2881944444444444 0.0765625 0.1375
0 0.01953125 0.8152777777777778 0.0390625 0.11666666666666667
0 0.0984375 0.5486111111111112 0.05703125 0.10277777777777777
0 0.287890625 0.41944444444444445 0.06796875 0.12222222222222222
0 0.433984375 0.08125 0.065625 0.11805555555555555
0 0.374609375 0.5125 0.07734375 0.1388888888888889
0 0.4265625 0.15 0.05703125 0.10277777777777777
0 0.72578125 0.7409722222222223 0.06640625 0.11805555555555555
0 0.3328125 0.6527777777777778 0.08828125 0.15833333333333333
0 0.41875 0.26180555555555557 0.08203125 0.1486111111111111
0 0.401953125 0.6548611111111111 0.0984375 0.17777777777777778
0 0.052734375 0.8076388888888889 0.07109375 0.12777777777777777
0 0.441015625 0.05763888888888889 0.06796875 0.11527777777777778
0 0.319921875 0.20833333333333334 0.06015625 0.10833333333333334
0 0.126171875 0.49166666666666664 0.04765625 0.08472222222222223
0 0.05859375 0.5930555555555556 0.03515625 0.0625
0 0.317578125 0.27847222222222223 0.06640625 0.11944444444444445
0 0.316796875 0.14583333333333334 0.03515625 0.0625
0 0.287890625 0.5826388888888889 0.06640625 0.11805555555555555
0 0.2953125 0.30625 0.06484375 0.11805555555555555
0 0.290625 0.81875 0.04296875 0.0763888888888889
0 0.33359375 0.19444444444444445 0.0578125 0.10416666666666667
0 0.2390625 0.275 0.03125 0.05416666666666667
0 0.28359375 0.8958333333333334 0.08046875 0.14583333333333334
0 0.45234375 0.013194444444444444 0.0375 0.02638888888888889
0 0.3125 0.8736111111111111 0.09140625 0.16527777777777777
0 0.332421875 0.8222222222222222 0.084375 0.15138888888888888
0 0.0546875 0.60625 0.0421875 0.075