0 0.491796875 0.4986111111111111 0.0375 0.14583333333333334
0 0.567578125 0.43472222222222223 0.0375 0.14027777777777778
0 0.38671875 0.16944444444444445 0.028125 0.10972222222222222
0 0.589453125 0.029861111111111113 0.02421875 0.059722222222222225
0 0.60234375 0.2951388888888889 0.028125 0.10694444444444444
0 0.2984375 0.4708333333333333 0.03359375 0.11666666666666667
0 0.0765625 0.7104166666666667 0.05859375 0.19027777777777777
0 0.517578125 0.38472222222222224 0.03984375 0.15555555555555556
0 0.843359375 0.32222222222222224 0.040625 0.13472222222222222
0 0.941015625 0.38819444444444445 0.04453125 0.1527777777777778
0 0.965625 0.9444444444444444 0.06171875 0.1111111111111111
0 0.30234375 0.6083333333333333 0.04921875 0.1527777777777778
0 0.490234375 0.1673611111111111 0.02421875 0.125
0 0.65546875 0.6583333333333333 0.0453125 0.16805555555555557
0 0.730078125 0.09097222222222222 0.01875 0.125
0 0.373828125 0.25 0.03203125 0.12777777777777777
0 0.16953125 0.08333333333333333 0.0328125 0.09305555555555556
0 0.54375 0.6090277777777777 0.03125 0.15138888888888888
0 0.678125 0.04722222222222222 0.034375 0.09166666666666666
0 0.427734375 0.08958333333333333 0.0234375 0.11666666666666667
0 0.61640625 0.2298611111111111 0.0328125 0.10833333333333334
0 0.3796875 0.7444444444444445 0.05 0.1986111111111111
0 0.378515625 0.04861111111111111 0.02265625 0.09027777777777778
0 0.05078125 0.15833333333333333 0.03125 0.12361111111111112
0 0.125 0.058333333333333334 0.02890625 0.11388888888888889
0 0.45703125 0.09513888888888888 0.028125 0.11944444444444445
0 0.609765625 0.022916666666666665 0.02109375 0.04583333333333333
0 0.908203125 0.22569444444444445 0.0359375 0.12916666666666668
0 0.990625 0.29375 0.01875 0.12916666666666668
0 0.18984375 0.5097222222222222 0.034375 0.14027777777777778
0 0.517578125 0.9833333333333333 0.046875 0.03333333333333333
0 0.219921875 0.5284722222222222 0.03984375 0.14722222222222223
0 0.925390625 0.1375 0.028125 0.10972222222222222
0 0.222265625 0.45694444444444443 0.02578125 0.05694444444444444
0 0.24921875 0.5173611111111112 0.03125 0.13194444444444445
0 0.993359375 0.020833333333333332 0.01328125 0.041666666666666664
0 0.903515625 0.14166666666666666 0.0296875 0.09305555555555556
0 0.699609375 0.01597222222222222 0.0296875 0.03194444444444444
0 0.945703125 0.010416666666666666 0.0171875 0.019444444444444445
0 0.540234375 0.017361111111111112 0.01484375 0.034722222222222224
0 0.50078125 0.01597222222222222 0.01796875 0.03194444444444444
0 0.645703125 0.03819444444444445 0.0203125 0.0763888888888889
0 0.620703125 0.041666666666666664 0.02265625 0.06111111111111111