0 0.4109375 0.5201388888888889 0.034375 0.14305555555555555
0 0.67890625 0.9395833333333333 0.046875 0.12083333333333333
0 0.671484375 0.125 0.028125 0.12222222222222222
0 0.772265625 0.9270833333333334 0.04765625 0.14027777777777778
0 0.555859375 0.06666666666666667 0.025 0.10277777777777777
0 0.50078125 0.17916666666666667 0.03125 0.12222222222222222
0 0.9703125 0.60625 0.053125 0.15138888888888888
0 0.81796875 0.7527777777777778 0.04375 0.18055555555555555
0 0.731640625 0.08194444444444444 0.02109375 0.11944444444444445
0 0.0234375 0.6597222222222222 0.046875 0.18472222222222223
0 0.92265625 0.07361111111111111 0.03359375 0.1111111111111111
0 0.534375 0.1763888888888889 0.02734375 0.10833333333333334
0 0.875 0.1111111111111111 0.040625 0.11666666666666667
0 0.5 0.5840277777777778 0.0375 0.1625
0 0.035546875 0.17152777777777778 0.034375 0.11666666666666667
0 0.3859375 0.2222222222222222 0.0375 0.14305555555555555
0 0.58125 0.7333333333333333 0.04765625 0.2111111111111111
0 0.955078125 0.07430555555555556 0.0328125 0.12222222222222222
0 0.981640625 0.19236111111111112 0.03671875 0.13194444444444445
0 0.64375 0.034027777777777775 0.02109375 0.06805555555555555
0 0.745703125 0.029861111111111113 0.02109375 0.059722222222222225
0 0.61015625 0.03611111111111111 0.0234375 0.07222222222222222
0 0.975 0.13402777777777777 0.034375 0.12222222222222222
0 0.098828125 0.25972222222222224 0.04921875 0.14444444444444443
0 0.5921875 0.043055555555555555 0.01875 0.06388888888888888
0 0.675 0.02013888888888889 0.025 0.04027777777777778
0 0.012109375 0.35694444444444445 0.0234375 0.1388888888888889
0 0.552734375 0.15902777777777777 0.01953125 0.08333333333333333
0 0.454296875 0.05763888888888889 0.02421875 0.09861111111111111
0 0.2515625 0.5097222222222222 0.03203125 0.12638888888888888
0 0.218359375 0.5208333333333334 0.04140625 0.15
0 0.52109375 0.019444444444444445 0.02109375 0.03888888888888889
0 0.1890625 0.4979166666666667 0.03515625 0.14722222222222223
0 0.515234375 0.06458333333333334 0.028125 0.11805555555555555
0 0.225390625 0.45694444444444443 0.0203125 0.05555555555555555
0 0.8890625 0.10555555555555556 0.0296875 0.12083333333333333