0 0.96796875 0.3951388888888889 0.0453125 0.15416666666666667
0 0.49296875 0.39652777777777776 0.03671875 0.14444444444444443
0 0.8875 0.8916666666666667 0.0578125 0.19027777777777777
0 0.569140625 0.5618055555555556 0.040625 0.15555555555555556
0 0.9359375 0.2861111111111111 0.03671875 0.13333333333333333
0 0.539453125 0.7673611111111112 0.03359375 0.14722222222222223
0 0.02734375 0.58125 0.0546875 0.19027777777777777
0 0.88203125 0.4284722222222222 0.0390625 0.15833333333333333
0 0.573046875 0.875 0.05 0.17083333333333334
0 0.64375 0.8916666666666667 0.05078125 0.19305555555555556
0 0.88046875 0.725 0.05 0.17083333333333334
0 0.591015625 0.22083333333333333 0.02578125 0.10555555555555556
0 0.091796875 0.8284722222222223 0.0578125 0.1597222222222222
0 0.90625 0.16458333333333333 0.0375 0.12222222222222222
0 0.3671875 0.9243055555555556 0.0625 0.14444444444444443
0 0.625390625 0.3104166666666667 0.03046875 0.12777777777777777
0 0.532421875 0.30486111111111114 0.0359375 0.1527777777777778
0 0.38203125 0.10833333333333334 0.0265625 0.12083333333333333
0 0.730859375 0.09166666666666666 0.02421875 0.12916666666666668
0 0.3734375 0.3506944444444444 0.0359375 0.14722222222222223
0 0.612109375 0.059027777777777776 0.0390625 0.11388888888888889
0 0.98984375 0.23055555555555557 0.0203125 0.11527777777777778
0 0.698828125 0.050694444444444445 0.02734375 0.09861111111111111
0 0.394921875 0.25763888888888886 0.02890625 0.12916666666666668
0 0.05859375 0.15694444444444444 0.02890625 0.12083333333333333
0 0.31328125 0.4986111111111111 0.040625 0.1597222222222222
0 0.101171875 0.09861111111111111 0.034375 0.09722222222222222
0 0.13046875 0.03958333333333333 0.0359375 0.0763888888888889
0 0.517578125 0.03888888888888889 0.021875 0.07777777777777778
0 0.1171875 0.9319444444444445 0.05859375 0.1361111111111111
0 0.9 0.09375 0.02421875 0.08611111111111111
0 0.87734375 0.10625 0.02265625 0.1125
0 0.426953125 0.10277777777777777 0.025 0.11666666666666667
0 0.458984375 0.10902777777777778 0.0265625 0.11388888888888889
0 0.487109375 0.1125 0.0265625 0.11805555555555555
0 0.31484375 0.3798611111111111 0.03515625 0.12083333333333333
0 0.261328125 0.016666666666666666 0.02734375 0.03333333333333333
0 0.225 0.4576388888888889 0.0234375 0.059722222222222225
0 0.191015625 0.5131944444444444 0.034375 0.14722222222222223
0 0.218359375 0.53125 0.04453125 0.15138888888888888
0 0.6609375 0.05 0.01875 0.09861111111111111
0 0.95078125 0.013888888888888888 0.0203125 0.027777777777777776
0 0.64609375 0.03888888888888889 0.02265625 0.06805555555555555
0 0.99453125 0.36527777777777776 0.0109375 0.08333333333333333
0 0.2515625 0.5215277777777778 0.04375 0.13194444444444445
0 0.991015625 0.37222222222222223 0.01796875 0.11527777777777778
0 0.593359375 0.027777777777777776 0.02265625 0.05555555555555555