0 0.50078125 0.15555555555555556 0.034375 0.12083333333333333
0 0.984765625 0.15902777777777777 0.03125 0.125
0 0.971484375 0.09166666666666666 0.0328125 0.1125
0 0.403125 0.5770833333333333 0.0390625 0.15694444444444444
0 0.961328125 0.5590277777777778 0.0484375 0.1527777777777778
0 0.675390625 0.8569444444444444 0.0453125 0.15
0 0.665234375 0.15208333333333332 0.03046875 0.12083333333333333
0 0.936328125 0.09930555555555555 0.0328125 0.12222222222222222
0 0.5609375 0.09583333333333334 0.02734375 0.11388888888888889
0 0.500390625 0.525 0.034375 0.1486111111111111
0 0.905859375 0.12638888888888888 0.040625 0.11527777777777778
0 0.807421875 0.8284722222222223 0.05 0.19166666666666668
0 0.531640625 0.15486111111111112 0.02578125 0.10416666666666667
0 0.67578125 0.02847222222222222 0.02578125 0.05694444444444444
0 0.108203125 0.23819444444444443 0.0453125 0.14027777777777778
0 0.7578125 0.04027777777777778 0.0265625 0.08055555555555556
0 0.731640625 0.08263888888888889 0.02421875 0.12361111111111112
0 0.03828125 0.16875 0.03515625 0.11666666666666667
0 0.620703125 0.7965277777777777 0.05 0.20555555555555555
0 0.54609375 0.9361111111111111 0.06953125 0.12777777777777777
0 0.385546875 0.24375 0.0375 0.1486111111111111
0 0.64453125 0.03333333333333333 0.02109375 0.06666666666666667
0 0.551171875 0.17777777777777778 0.02265625 0.10555555555555556
0 0.610546875 0.03611111111111111 0.025 0.07222222222222222
0 0.7765625 0.9743055555555555 0.05234375 0.05138888888888889
0 0.510546875 0.05347222222222222 0.040625 0.10694444444444444
0 0.020703125 0.6152777777777778 0.04140625 0.175
0 0.0109375 0.3333333333333333 0.02109375 0.12777777777777777
0 0.5921875 0.04583333333333333 0.01796875 0.06666666666666667
0 0.250390625 0.5125 0.03359375 0.12777777777777777
0 0.4359375 0.06597222222222222 0.02109375 0.09305555555555556
0 0.218359375 0.5180555555555556 0.04296875 0.15833333333333333
0 0.1890625 0.49583333333333335 0.03984375 0.15416666666666667
0 0.99140625 0.33055555555555555 0.0171875 0.10277777777777777
0 0.519921875 0.018055555555555554 0.0203125 0.03611111111111111
0 0.587890625 0.044444444444444446 0.01875 0.06666666666666667
0 0.16484375 0.010416666666666666 0.03203125 0.020833333333333332
0 0.228125 0.44930555555555557 0.01875 0.04722222222222222