0 0.628515625 0.5166666666666667 0.05546875 0.13472222222222222
0 0.672265625 0.5416666666666666 0.0625 0.15416666666666667
0 0.60390625 0.3451388888888889 0.0546875 0.1388888888888889
0 0.933203125 0.8604166666666667 0.07734375 0.19166666666666668
0 0.074609375 0.6701388888888888 0.08125 0.17916666666666667
0 0.255078125 0.6645833333333333 0.08125 0.19305555555555556
0 0.9875 0.49444444444444446 0.025 0.13333333333333333
0 0.534375 0.2611111111111111 0.0515625 0.13472222222222222
0 0.469140625 0.6645833333333333 0.07421875 0.18333333333333332
0 0.03046875 0.36180555555555555 0.0609375 0.1736111111111111
0 0.448046875 0.08055555555555556 0.053125 0.1375
0 0.591015625 0.06666666666666667 0.04140625 0.0875
0 0.2703125 0.4888888888888889 0.06640625 0.1638888888888889
0 0.857421875 0.41805555555555557 0.05625 0.14027777777777778
0 0.52734375 0.05347222222222222 0.04375 0.10694444444444444
0 0.563671875 0.45416666666666666 0.0484375 0.1361111111111111
0 0.473828125 0.04513888888888889 0.04453125 0.09027777777777778
0 0.38046875 0.4548611111111111 0.07890625 0.20416666666666666
0 0.897265625 0.24513888888888888 0.04609375 0.059722222222222225
0 0.509375 0.5395833333333333 0.071875 0.17777777777777778
0 0.54765625 0.05694444444444444 0.0453125 0.11388888888888889
0 0.797265625 0.24791666666666667 0.04296875 0.12777777777777777
0 0.620703125 0.08819444444444445 0.03671875 0.08472222222222223
0 0.948046875 0.5527777777777778 0.0515625 0.09166666666666666
0 0.97578125 0.46875 0.0484375 0.12361111111111112
0 0.683984375 0.24027777777777778 0.04609375 0.11527777777777778
0 0.72734375 0.15208333333333332 0.03359375 0.07916666666666666
0 0.93125 0.61875 0.0484375 0.09166666666666666
0 0.2515625 0.28402777777777777 0.03515625 0.07361111111111111
0 0.2328125 0.35 0.0671875 0.16805555555555557
0 0.26328125 0.35625 0.059375 0.15
0 0.70546875 0.1326388888888889 0.0328125 0.06944444444444445
0 0.20859375 0.31180555555555556 0.0609375 0.15833333333333333
0 0.33359375 0.9097222222222222 0.05625 0.058333333333333334
0 0.6859375 0.13541666666666666 0.03359375 0.07222222222222222