0 0.794921875 0.9465277777777777 0.08359375 0.10694444444444444
0 0.547265625 0.6458333333333334 0.06640625 0.17083333333333334
0 0.521875 0.35833333333333334 0.05703125 0.14722222222222223
0 0.9546875 0.5027777777777778 0.0609375 0.15555555555555556
0 0.640625 0.25416666666666665 0.0421875 0.10972222222222222
0 0.9546875 0.5972222222222222 0.06796875 0.16111111111111112
0 0.814453125 0.8270833333333333 0.0703125 0.17222222222222222
0 0.543359375 0.8486111111111111 0.06484375 0.16805555555555557
0 0.886328125 0.6861111111111111 0.06640625 0.16805555555555557
0 0.553125 0.975 0.06875 0.05
0 0.575 0.3055555555555556 0.0625 0.1638888888888889
0 0.48359375 0.8555555555555555 0.0625 0.18055555555555555
0 0.648828125 0.42569444444444443 0.0546875 0.1388888888888889
0 0.059765625 0.6819444444444445 0.08828125 0.19583333333333333
0 0.080078125 0.5270833333333333 0.0796875 0.20416666666666666
0 0.29609375 0.88125 0.0609375 0.07777777777777778
0 0.45390625 0.08333333333333333 0.04609375 0.125
0 0.946484375 0.38333333333333336 0.0546875 0.1375
0 0.644921875 0.07569444444444444 0.04140625 0.05277777777777778
0 0.678515625 0.16041666666666668 0.04453125 0.11944444444444445
0 0.790625 0.23958333333333334 0.04609375 0.13472222222222222
0 0.396484375 0.3368055555555556 0.06640625 0.18194444444444444
0 0.58828125 0.07708333333333334 0.0375 0.10138888888888889
0 0.3390625 0.34652777777777777 0.08984375 0.20277777777777778
0 0.440234375 0.24583333333333332 0.0515625 0.14305555555555555
0 0.986328125 0.6145833333333334 0.02734375 0.13472222222222222
0 0.697265625 0.15138888888888888 0.046875 0.12777777777777777
0 0.9375 0.32569444444444445 0.04375 0.11805555555555555
0 0.7359375 0.1638888888888889 0.04296875 0.10972222222222222
0 0.768359375 0.20069444444444445 0.0375 0.07361111111111111
0 0.530078125 0.10486111111111111 0.05 0.13333333333333333
0 0.55546875 0.10138888888888889 0.04453125 0.12638888888888888
0 0.353125 0.24791666666666667 0.05234375 0.1125
0 0.500390625 0.08333333333333333 0.04296875 0.12361111111111112
0 0.9234375 0.32013888888888886 0.03984375 0.11666666666666667
0 0.033203125 0.2833333333333333 0.06328125 0.1763888888888889
0 0.2046875 0.34305555555555556 0.05625 0.15694444444444444
0 0.22734375 0.37777777777777777 0.0671875 0.16805555555555557
0 0.2609375 0.39791666666666664 0.071875 0.16527777777777777
0 0.247265625 0.3125 0.03125 0.06805555555555555
0 0.776953125 0.16875 0.03125 0.07361111111111111
0 0.744921875 0.13402777777777777 0.025 0.044444444444444446