0 0.832421875 0.2708333333333333 0.03515625 0.14027777777777778
0 0.568359375 0.36527777777777776 0.034375 0.1375
0 0.291796875 0.5263888888888889 0.0390625 0.1361111111111111
0 0.386328125 0.12777777777777777 0.02734375 0.10833333333333334
0 0.616796875 0.18888888888888888 0.02890625 0.10972222222222222
0 0.6125 0.34791666666666665 0.02890625 0.11527777777777778
0 0.95703125 0.4486111111111111 0.0484375 0.15416666666666667
0 0.49609375 0.5583333333333333 0.040625 0.15138888888888888
0 0.371875 0.1951388888888889 0.0296875 0.125
0 0.48984375 0.19722222222222222 0.02578125 0.11944444444444445
0 0.30078125 0.6854166666666667 0.04765625 0.1597222222222222
0 0.104296875 0.7888888888888889 0.06328125 0.18888888888888888
0 0.437109375 0.07222222222222222 0.0234375 0.11388888888888889
0 0.666015625 0.5590277777777778 0.0421875 0.16944444444444445
0 0.3828125 0.6479166666666667 0.05390625 0.2013888888888889
0 0.50703125 0.43819444444444444 0.03984375 0.15555555555555556
0 0.4578125 0.07152777777777777 0.02734375 0.10972222222222222
0 0.7328125 0.08472222222222223 0.025 0.125
0 0.051171875 0.15555555555555556 0.02890625 0.11944444444444445
0 0.38125 0.02847222222222222 0.02109375 0.05694444444444444
0 0.55 0.5180555555555556 0.02890625 0.1388888888888889
0 0.75546875 0.013888888888888888 0.0390625 0.027777777777777776
0 0.125 0.06875 0.040625 0.12222222222222222
0 0.5015625 0.024305555555555556 0.0203125 0.04861111111111111
0 0.94765625 0.15694444444444444 0.02890625 0.12083333333333333
0 0.191015625 0.5027777777777778 0.0328125 0.14583333333333334
0 0.2234375 0.45 0.02734375 0.06805555555555555
0 0.215625 0.06736111111111111 0.0234375 0.09166666666666666
0 0.920703125 0.24513888888888888 0.04453125 0.15138888888888888
0 0.928515625 0.15694444444444444 0.0265625 0.10694444444444444
0 0.5234375 0.021527777777777778 0.021875 0.043055555555555555
0 0.219921875 0.5215277777777778 0.0421875 0.15
0 0.25 0.5076388888888889 0.03203125 0.13055555555555556
0 0.6609375 0.0375 0.0265625 0.075
0 0.59375 0.014583333333333334 0.01953125 0.029166666666666667
0 0.6328125 0.03958333333333333 0.0265625 0.07777777777777778
0 0.61484375 0.0375 0.025 0.07222222222222222