0 0.55390625 0.4027777777777778 0.05859375 0.15416666666666667
0 0.337890625 0.24513888888888888 0.04453125 0.11666666666666667
0 0.491796875 0.49930555555555556 0.0609375 0.1597222222222222
0 0.50859375 0.018055555555555554 0.0328125 0.03611111111111111
0 0.98828125 0.6805555555555556 0.0234375 0.14444444444444443
0 0.5640625 0.24861111111111112 0.046875 0.12083333333333333
0 0.8015625 0.15138888888888888 0.06015625 0.15138888888888888
0 0.32890625 0.7055555555555556 0.071875 0.17222222222222222
0 0.435546875 0.18472222222222223 0.04296875 0.13194444444444445
0 0.128125 0.9048611111111111 0.0890625 0.19027777777777777
0 0.903125 0.16041666666666668 0.06875 0.16944444444444445
0 0.56015625 0.5826388888888889 0.05234375 0.15833333333333333
0 0.4984375 0.3798611111111111 0.06328125 0.17083333333333334
0 0.302734375 0.5743055555555555 0.05234375 0.1361111111111111
0 0.33828125 0.32569444444444445 0.05078125 0.14166666666666666
0 0.596484375 0.0125 0.04609375 0.025
0 0.652734375 0.02638888888888889 0.03828125 0.05277777777777778
0 0.674609375 0.5722222222222222 0.0703125 0.18194444444444444
0 0.36328125 0.1451388888888889 0.04140625 0.125
0 0.115234375 0.27361111111111114 0.04921875 0.10833333333333334
0 0.56796875 0.18333333333333332 0.04921875 0.12083333333333333
0 0.31015625 0.1326388888888889 0.03671875 0.10138888888888889
0 0.3921875 0.13541666666666666 0.04453125 0.12638888888888888
0 0.424609375 0.7972222222222223 0.0828125 0.2222222222222222
0 0.068359375 0.27152777777777776 0.046875 0.12222222222222222
0 0.0203125 0.40625 0.040625 0.13472222222222222
0 0.526171875 0.007638888888888889 0.02890625 0.015277777777777777
0 0.2046875 0.6701388888888888 0.05625 0.15138888888888888
0 0.934765625 0.05486111111111111 0.03828125 0.10972222222222222
0 0.596875 0.9479166666666666 0.053125 0.06666666666666667
0 0.23671875 0.6729166666666667 0.0625 0.16111111111111112
0 0.262890625 0.6472222222222223 0.0515625 0.14444444444444443
0 0.540234375 0.01597222222222222 0.03203125 0.03194444444444444
0 0.22734375 0.6027777777777777 0.03359375 0.06666666666666667
0 0.844140625 0.04652777777777778 0.05703125 0.09305555555555556
0 0.458984375 0.01875 0.01953125 0.0375
0 0.56328125 0.007638888888888889 0.03125 0.015277777777777777
0 0.42109375 0.03611111111111111 0.021875 0.03888888888888889