0 0.824609375 0.6652777777777777 0.0484375 0.15833333333333333
0 0.934375 0.5708333333333333 0.0453125 0.17222222222222222
0 0.5828125 0.14722222222222223 0.0265625 0.09861111111111111
0 0.8125 0.5180555555555556 0.04140625 0.15694444444444444
0 0.666015625 0.7506944444444444 0.0421875 0.15
0 0.49765625 0.2986111111111111 0.03125 0.12361111111111112
0 0.40546875 0.36180555555555555 0.03125 0.13472222222222222
0 0.5859375 0.7472222222222222 0.04296875 0.18055555555555555
0 0.183203125 0.04236111111111111 0.02578125 0.08194444444444444
0 0.13125 0.6194444444444445 0.04765625 0.16666666666666666
0 0.61953125 0.41458333333333336 0.0328125 0.12777777777777777
0 0.379296875 0.19166666666666668 0.03125 0.12916666666666668
0 0.975 0.2743055555555556 0.03359375 0.13055555555555556
0 0.924609375 0.28541666666666665 0.03984375 0.14027777777777778
0 0.0859375 0.8701388888888889 0.059375 0.1986111111111111
0 0.05859375 0.16944444444444445 0.03125 0.12083333333333333
0 0.010546875 0.11805555555555555 0.02109375 0.09722222222222222
0 0.62109375 0.1284722222222222 0.034375 0.11527777777777778
0 0.89375 0.10972222222222222 0.03359375 0.12361111111111112
0 0.228125 0.03263888888888889 0.03515625 0.06527777777777778
0 0.56953125 0.9645833333333333 0.03828125 0.07083333333333333
0 0.728125 0.09861111111111111 0.021875 0.12777777777777777
0 0.487109375 0.06319444444444444 0.0265625 0.11666666666666667
0 0.369140625 0.4951388888888889 0.0375 0.16111111111111112
0 0.452734375 0.11597222222222223 0.0265625 0.11805555555555555
0 0.533203125 0.22083333333333333 0.03671875 0.14305555555555555
0 0.953515625 0.02013888888888889 0.0203125 0.04027777777777778
0 0.68359375 0.04791666666666667 0.02265625 0.09305555555555556
0 0.316015625 0.38472222222222224 0.05 0.1486111111111111
0 0.4984375 0.018055555555555554 0.0328125 0.03611111111111111
0 0.31484375 0.28680555555555554 0.034375 0.09444444444444444
0 0.146484375 0.019444444444444445 0.02421875 0.03888888888888889
0 0.715625 0.04791666666666667 0.02578125 0.09583333333333334
0 0.398046875 0.017361111111111112 0.02734375 0.034722222222222224
0 0.49921875 0.08541666666666667 0.0203125 0.10277777777777777
0 0.223828125 0.46944444444444444 0.025 0.05694444444444444
0 0.921875 0.19722222222222222 0.03828125 0.12361111111111112
0 0.4265625 0.1111111111111111 0.02734375 0.12222222222222222
0 0.865234375 0.08263888888888889 0.02578125 0.10555555555555556
0 0.632421875 0.11319444444444444 0.0265625 0.12916666666666668
0 0.190234375 0.5194444444444445 0.03515625 0.14305555555555555
0 0.664453125 0.07291666666666667 0.02109375 0.06527777777777778
0 0.21953125 0.5381944444444444 0.04296875 0.15416666666666667
0 0.9921875 0.16527777777777777 0.015625 0.10833333333333334
0 0.849609375 0.08472222222222223 0.01953125 0.10416666666666667
0 0.25078125 0.525 0.0390625 0.13472222222222222