0 0.823828125 0.23055555555555557 0.0328125 0.1375
0 0.5671875 0.31666666666666665 0.03359375 0.1361111111111111
0 0.969921875 0.5388888888888889 0.0484375 0.175
0 0.50234375 0.6291666666666667 0.04140625 0.1527777777777778
0 0.668359375 0.46875 0.040625 0.1486111111111111
0 0.621484375 0.40555555555555556 0.03046875 0.11666666666666667
0 0.12265625 0.8944444444444445 0.05390625 0.19722222222222222
0 0.61875 0.15694444444444444 0.0296875 0.11527777777777778
0 0.3859375 0.09027777777777778 0.0265625 0.10416666666666667
0 0.4875 0.23819444444444443 0.02734375 0.125
0 0.38046875 0.5638888888888889 0.04609375 0.1638888888888889
0 0.51015625 0.5006944444444444 0.0453125 0.1638888888888889
0 0.29921875 0.7680555555555556 0.05 0.17083333333333334
0 0.367578125 0.1597222222222222 0.028125 0.12638888888888888
0 0.923046875 0.2965277777777778 0.040625 0.14305555555555555
0 0.01796875 0.6270833333333333 0.0359375 0.175
0 0.96484375 0.175 0.028125 0.11666666666666667
0 0.937890625 0.17569444444444443 0.028125 0.10694444444444444
0 0.43828125 0.059722222222222225 0.02421875 0.1111111111111111
0 0.55234375 0.44722222222222224 0.02578125 0.13055555555555556
0 0.28515625 0.5965277777777778 0.0390625 0.14305555555555555
0 0.499609375 0.03263888888888889 0.0265625 0.06527777777777778
0 0.73125 0.08402777777777778 0.021875 0.12361111111111112
0 0.459375 0.0625 0.02734375 0.11805555555555555
0 0.050390625 0.15625 0.02890625 0.12083333333333333
0 0.533984375 0.03194444444444444 0.01953125 0.06388888888888888
0 0.123046875 0.09236111111111112 0.0390625 0.13194444444444445
0 0.648046875 0.034722222222222224 0.0203125 0.06944444444444445
0 0.219921875 0.5236111111111111 0.040625 0.1527777777777778
0 0.803515625 0.018055555555555554 0.02890625 0.03611111111111111
0 0.223828125 0.44930555555555557 0.02578125 0.06527777777777778
0 0.385546875 0.014583333333333334 0.01640625 0.029166666666666667
0 0.25078125 0.5118055555555555 0.03515625 0.13333333333333333
0 0.190234375 0.5006944444444444 0.0359375 0.14722222222222223
0 0.246484375 0.06527777777777778 0.01875 0.09583333333333334
0 0.623828125 0.03680555555555556 0.02421875 0.07361111111111111
0 0.946875 0.006944444444444444 0.021875 0.013888888888888888