0 0.935546875 0.27708333333333335 0.03671875 0.1375
0 0.5703125 0.5736111111111111 0.0390625 0.15694444444444444
0 0.9609375 0.3736111111111111 0.0421875 0.14444444444444443
0 0.492578125 0.38125 0.03671875 0.1361111111111111
0 0.88203125 0.8763888888888889 0.05625 0.19305555555555556
0 0.590234375 0.21180555555555555 0.028125 0.10277777777777777
0 0.577734375 0.8465277777777778 0.040625 0.16111111111111112
0 0.366015625 0.9395833333333333 0.06875 0.12083333333333333
0 0.87421875 0.7013888888888888 0.04765625 0.16111111111111112
0 0.541015625 0.7951388888888888 0.0359375 0.16527777777777777
0 0.640234375 0.9090277777777778 0.0546875 0.18194444444444444
0 0.384375 0.11041666666666666 0.025 0.11666666666666667
0 0.881640625 0.4361111111111111 0.0375 0.14444444444444443
0 0.023046875 0.5638888888888889 0.04609375 0.19583333333333333
0 0.700390625 0.05 0.02734375 0.1
0 0.73125 0.09097222222222222 0.02421875 0.12777777777777777
0 0.990234375 0.22361111111111112 0.01953125 0.10555555555555556
0 0.094140625 0.8097222222222222 0.059375 0.18055555555555555
0 0.624609375 0.31805555555555554 0.03203125 0.13333333333333333
0 0.90546875 0.16111111111111112 0.03515625 0.12222222222222222
0 0.533984375 0.29583333333333334 0.03828125 0.15416666666666667
0 0.093359375 0.09722222222222222 0.03203125 0.09722222222222222
0 0.118359375 0.9277777777777778 0.0671875 0.14444444444444443
0 0.622265625 0.05625 0.0234375 0.10972222222222222
0 0.6078125 0.06041666666666667 0.02734375 0.1111111111111111
0 0.374609375 0.3659722222222222 0.0390625 0.15694444444444444
0 0.591796875 0.014583333333333334 0.03203125 0.029166666666666667
0 0.05625 0.16111111111111112 0.02578125 0.12083333333333333
0 0.396875 0.2638888888888889 0.03046875 0.13055555555555556
0 0.317578125 0.47847222222222224 0.046875 0.16111111111111112
0 0.515234375 0.04375 0.02109375 0.08333333333333333
0 0.42734375 0.10277777777777777 0.0265625 0.11805555555555555
0 0.48671875 0.10625 0.028125 0.11944444444444445
0 0.458984375 0.10902777777777778 0.028125 0.11666666666666667
0 0.314453125 0.36041666666666666 0.0375 0.1
0 0.990625 0.35694444444444445 0.01875 0.09444444444444444
0 0.131640625 0.03819444444444445 0.03515625 0.07361111111111111
0 0.225 0.4583333333333333 0.0234375 0.058333333333333334
0 0.877734375 0.10625 0.02265625 0.10694444444444444
0 0.191796875 0.5131944444444444 0.034375 0.14722222222222223
0 0.95078125 0.013888888888888888 0.01875 0.027777777777777776
0 0.2171875 0.5291666666666667 0.04765625 0.15416666666666667
0 0.897265625 0.09166666666666666 0.02421875 0.09444444444444444
0 0.2546875 0.016666666666666666 0.02265625 0.03333333333333333
0 0.6609375 0.05 0.02109375 0.1
0 0.251953125 0.5215277777777778 0.04375 0.13472222222222222
0 0.64609375 0.0375 0.0171875 0.06944444444444445
0 0.909375 0.1375 0.03359375 0.06805555555555555
0 0.97734375 0.00625 0.015625 0.0125
0 0.273046875 0.00625 0.01875 0.0125
0 0.6609375 0.022222222222222223 0.02109375 0.044444444444444446