0 0.660546875 0.3173611111111111 0.03515625 0.1388888888888889
0 0.2921875 0.9416666666666667 0.05625 0.11666666666666667
0 0.49921875 0.06458333333333334 0.02890625 0.10277777777777777
0 0.57109375 0.21805555555555556 0.03046875 0.12222222222222222
0 0.51484375 0.8402777777777778 0.046875 0.18055555555555555
0 0.415234375 0.8583333333333333 0.04609375 0.1736111111111111
0 0.5359375 0.6597222222222222 0.04765625 0.18472222222222223
0 0.086328125 0.8006944444444445 0.05234375 0.1875
0 0.935546875 0.38680555555555557 0.0453125 0.15
0 0.796875 0.14027777777777778 0.0296875 0.12916666666666668
0 0.48515625 0.34097222222222223 0.0328125 0.14305555555555555
0 0.370703125 0.07430555555555556 0.0265625 0.12083333333333333
0 0.983203125 0.23125 0.03359375 0.11805555555555555
0 0.2671875 0.7680555555555556 0.0421875 0.1597222222222222
0 0.64140625 0.5625 0.03359375 0.13055555555555556
0 0.64609375 0.08819444444444445 0.03046875 0.12083333333333333
0 0.53203125 0.06805555555555555 0.02109375 0.09583333333333334
0 0.3734375 0.4201388888888889 0.04921875 0.16805555555555557
0 0.54921875 0.31875 0.0234375 0.11944444444444445
0 0.730078125 0.08333333333333333 0.0203125 0.12083333333333333
0 0.958203125 0.2326388888888889 0.0328125 0.1111111111111111
0 0.43671875 0.03611111111111111 0.02734375 0.07222222222222222
0 0.38828125 0.03680555555555556 0.02734375 0.07361111111111111
0 0.123046875 0.1451388888888889 0.03828125 0.13055555555555556
0 0.0375 0.1736111111111111 0.03125 0.1125
0 0.909375 0.01875 0.0328125 0.0375
0 0.324609375 0.06805555555555555 0.0296875 0.09583333333333334
0 0.64375 0.02638888888888889 0.02265625 0.05277777777777778
0 0.486328125 0.022222222222222223 0.025 0.044444444444444446
0 0.457421875 0.03611111111111111 0.02578125 0.07222222222222222
0 0.025 0.02013888888888889 0.02890625 0.04027777777777778
0 0.606640625 0.035416666666666666 0.025 0.07083333333333333
0 0.21796875 0.5236111111111111 0.0453125 0.15
0 0.231640625 0.44583333333333336 0.0234375 0.058333333333333334
0 0.251171875 0.5111111111111111 0.0390625 0.1361111111111111
0 0.993359375 0.02638888888888889 0.01328125 0.05277777777777778
0 0.188671875 0.5041666666666667 0.03359375 0.1361111111111111
0 0.592578125 0.050694444444444445 0.01953125 0.05555555555555555
0 0.9953125 0.7388888888888889 0.009375 0.15416666666666667
0 0.991796875 0.74375 0.01640625 0.1486111111111111