0 0.793359375 0.12986111111111112 0.03046875 0.12083333333333333
0 0.6609375 0.30277777777777776 0.034375 0.14166666666666666
0 0.4984375 0.07083333333333333 0.02890625 0.10972222222222222
0 0.569140625 0.2048611111111111 0.0296875 0.125
0 0.41328125 0.8368055555555556 0.04375 0.1763888888888889
0 0.64375 0.5770833333333333 0.03984375 0.13194444444444445
0 0.5140625 0.8541666666666666 0.04921875 0.17083333333333334
0 0.485546875 0.34791666666666665 0.03125 0.13472222222222222
0 0.29453125 0.9590277777777778 0.06015625 0.08194444444444444
0 0.371875 0.06111111111111111 0.025 0.11527777777777778
0 0.269140625 0.7875 0.04375 0.15555555555555556
0 0.436328125 0.03125 0.025 0.0625
0 0.121484375 0.15 0.034375 0.12638888888888888
0 0.530859375 0.075 0.02265625 0.09722222222222222
0 0.0375 0.1736111111111111 0.03203125 0.1111111111111111
0 0.376171875 0.4027777777777778 0.04453125 0.16666666666666666
0 0.539453125 0.6826388888888889 0.05078125 0.19305555555555556
0 0.648046875 0.07569444444444444 0.0296875 0.11666666666666667
0 0.459375 0.030555555555555555 0.0234375 0.06111111111111111
0 0.547265625 0.3104166666666667 0.021875 0.12222222222222222
0 0.73046875 0.08333333333333333 0.02265625 0.12361111111111112
0 0.3890625 0.03263888888888889 0.02890625 0.06527777777777778
0 0.09609375 0.8201388888888889 0.04921875 0.15694444444444444
0 0.4875 0.021527777777777778 0.02421875 0.043055555555555555
0 0.33125 0.06527777777777778 0.02421875 0.09583333333333334
0 0.93984375 0.40069444444444446 0.0484375 0.1486111111111111
0 0.609375 0.034027777777777775 0.02265625 0.06805555555555555
0 0.0375 0.019444444444444445 0.03125 0.03888888888888889
0 0.984375 0.22430555555555556 0.03125 0.16666666666666666
0 0.962890625 0.23402777777777778 0.02890625 0.12083333333333333
0 0.21875 0.5229166666666667 0.04453125 0.15138888888888888
0 0.922265625 0.01875 0.04453125 0.0375
0 0.939453125 0.4423611111111111 0.034375 0.08194444444444444
0 0.23203125 0.4479166666666667 0.02421875 0.06111111111111111
0 0.644140625 0.025694444444444443 0.025 0.05138888888888889
0 0.18828125 0.4979166666666667 0.040625 0.14166666666666666
0 0.24921875 0.5152777777777777 0.0375 0.13472222222222222
0 0.59140625 0.052083333333333336 0.02109375 0.04722222222222222