0 0.49765625 0.21736111111111112 0.05859375 0.1361111111111111
0 0.6171875 0.4 0.06328125 0.14027777777777778
0 0.697265625 0.015277777777777777 0.06015625 0.030555555555555555
0 0.57578125 0.7256944444444444 0.0875 0.1986111111111111
0 0.8515625 0.05625 0.075 0.1125
0 0.61484375 0.24861111111111112 0.065625 0.1527777777777778
0 0.348046875 0.8472222222222222 0.0734375 0.1625
0 0.416796875 0.9541666666666667 0.09140625 0.09166666666666666
0 0.390234375 0.09861111111111111 0.05 0.11388888888888889
0 0.4375 0.3333333333333333 0.0609375 0.14722222222222223
0 0.28359375 0.23680555555555555 0.05390625 0.12777777777777777
0 0.287890625 0.18333333333333332 0.046875 0.10555555555555556
0 0.5328125 0.9270833333333334 0.0796875 0.14583333333333334
0 0.41875 0.07291666666666667 0.04296875 0.10138888888888889
0 0.52265625 0.05416666666666667 0.053125 0.10833333333333334
0 0.551171875 0.5722222222222222 0.090625 0.20416666666666666
0 0.01640625 0.5604166666666667 0.0328125 0.13472222222222222
0 0.967578125 0.2604166666666667 0.06484375 0.17083333333333334
0 0.3828125 0.5659722222222222 0.08203125 0.18472222222222223
0 0.06953125 0.4597222222222222 0.0703125 0.1527777777777778
0 0.352734375 0.12083333333333333 0.046875 0.1
0 0.510546875 0.3402777777777778 0.0515625 0.13055555555555556
0 0.33359375 0.14027777777777778 0.04609375 0.10277777777777777
0 0.21015625 0.26666666666666666 0.03671875 0.09583333333333334
0 0.240234375 0.6652777777777777 0.0375 0.075
0 0.252734375 0.7388888888888889 0.07578125 0.17083333333333334
0 0.48359375 0.018055555555555554 0.0390625 0.03611111111111111
0 0.219140625 0.7402777777777778 0.0625 0.1486111111111111
0 0.279296875 0.7006944444444444 0.0671875 0.15138888888888888
0 0.47578125 0.02638888888888889 0.03125 0.05277777777777778