0 0.621875 0.60625 0.05703125 0.14166666666666666
0 0.615234375 0.2875 0.0515625 0.13472222222222222
0 0.58203125 0.08263888888888889 0.04765625 0.11944444444444445
0 0.45390625 0.7756944444444445 0.07265625 0.18055555555555555
0 0.22890625 0.7770833333333333 0.078125 0.17916666666666667
0 0.52109375 0.32013888888888886 0.053125 0.14583333333333334
0 0.453515625 0.049305555555555554 0.04765625 0.09861111111111111
0 0.05 0.5055555555555555 0.08125 0.1875
0 0.35078125 0.8395833333333333 0.078125 0.2013888888888889
0 0.682421875 0.44583333333333336 0.0546875 0.14583333333333334
0 0.9328125 0.6319444444444444 0.06953125 0.1638888888888889
0 0.612109375 0.10069444444444445 0.0390625 0.10555555555555556
0 0.47578125 0.02847222222222222 0.0390625 0.05694444444444444
0 0.507421875 0.6361111111111111 0.07578125 0.19166666666666668
0 0.8484375 0.34791666666666665 0.05390625 0.1388888888888889
0 0.524609375 0.03611111111111111 0.03828125 0.07222222222222222
0 0.5453125 0.04027777777777778 0.0375 0.08055555555555556
0 0.246484375 0.5902777777777778 0.06875 0.1736111111111111
0 0.39609375 0.375 0.08359375 0.2111111111111111
0 0.95625 0.2708333333333333 0.04140625 0.05694444444444444
0 0.722265625 0.14097222222222222 0.03203125 0.07361111111111111
0 0.79375 0.23958333333333334 0.0421875 0.12638888888888888
0 0.98828125 0.5173611111111112 0.0234375 0.14583333333333334
0 0.70703125 0.20208333333333334 0.04921875 0.12777777777777777
0 0.57421875 0.3784722222222222 0.0453125 0.13472222222222222
0 0.398046875 0.014583333333333334 0.03984375 0.029166666666666667
0 0.57109375 0.03680555555555556 0.0296875 0.05277777777777778
0 0.978515625 0.49930555555555556 0.04296875 0.12361111111111112
0 0.253515625 0.29583333333333334 0.03125 0.06805555555555555
0 0.923046875 0.94375 0.05546875 0.1125
0 0.2296875 0.35833333333333334 0.06796875 0.17083333333333334
0 0.68828125 0.12291666666666666 0.03671875 0.08055555555555556
0 0.26171875 0.36666666666666664 0.0625 0.1527777777777778
0 0.209375 0.3229166666666667 0.06015625 0.1527777777777778
0 0.671484375 0.12916666666666668 0.03203125 0.06805555555555555