0 0.639453125 0.9263888888888889 0.053125 0.14027777777777778
0 0.49453125 0.3680555555555556 0.03515625 0.1361111111111111
0 0.93359375 0.2708333333333333 0.03671875 0.14027777777777778
0 0.87265625 0.8284722222222223 0.053125 0.16944444444444445
0 0.590234375 0.2048611111111111 0.02890625 0.10555555555555556
0 0.569140625 0.6013888888888889 0.04375 0.17083333333333334
0 0.952734375 0.3590277777777778 0.04140625 0.13194444444444445
0 0.865234375 0.6756944444444445 0.05234375 0.1597222222222222
0 0.62421875 0.32916666666666666 0.03359375 0.125
0 0.385546875 0.12083333333333333 0.02578125 0.11666666666666667
0 0.09921875 0.7881944444444444 0.05546875 0.18194444444444444
0 0.890625 0.45416666666666666 0.046875 0.15555555555555556
0 0.591015625 0.8270833333333333 0.04296875 0.15833333333333333
0 0.54375 0.8201388888888889 0.03515625 0.1597222222222222
0 0.536328125 0.28194444444444444 0.0390625 0.14583333333333334
0 0.112890625 0.9097222222222222 0.0609375 0.175
0 0.51171875 0.04652777777777778 0.0234375 0.08472222222222223
0 0.60859375 0.06527777777777778 0.02734375 0.10833333333333334
0 0.317578125 0.4618055555555556 0.05234375 0.1638888888888889
0 0.98984375 0.21736111111111112 0.0203125 0.11805555555555555
0 0.36875 0.9583333333333334 0.06171875 0.08333333333333333
0 0.37734375 0.3798611111111111 0.0375 0.15416666666666667
0 0.73125 0.09097222222222222 0.025 0.12777777777777777
0 0.398046875 0.275 0.02890625 0.125
0 0.7015625 0.049305555555555554 0.0296875 0.09861111111111111
0 0.315234375 0.3541666666666667 0.03515625 0.10277777777777777
0 0.624609375 0.059027777777777776 0.025 0.11527777777777778
0 0.241796875 0.017361111111111112 0.028125 0.034722222222222224
0 0.90546875 0.1486111111111111 0.0328125 0.12777777777777777
0 0.021875 0.5548611111111111 0.04375 0.18194444444444444
0 0.99140625 0.34652777777777777 0.0171875 0.11388888888888889
0 0.058984375 0.1597222222222222 0.02890625 0.11388888888888889
0 0.662109375 0.05277777777777778 0.0296875 0.09444444444444444
0 0.485546875 0.10277777777777777 0.02734375 0.11805555555555555
0 0.579296875 0.016666666666666666 0.02890625 0.03333333333333333
0 0.078515625 0.09652777777777778 0.02890625 0.09861111111111111
0 0.42890625 0.10416666666666667 0.025 0.11805555555555555
0 0.908984375 0.12569444444444444 0.0328125 0.07222222222222222
0 0.137890625 0.035416666666666666 0.03671875 0.06944444444444445
0 0.887890625 0.09722222222222222 0.02578125 0.1
0 0.459375 0.10694444444444444 0.03046875 0.125
0 0.9515625 0.013888888888888888 0.01875 0.027777777777777776
0 0.191796875 0.5131944444444444 0.034375 0.14583333333333334
0 0.226953125 0.45902777777777776 0.021875 0.05277777777777778
0 0.218359375 0.5305555555555556 0.04453125 0.15
0 0.872265625 0.10625 0.021875 0.10555555555555556
0 0.254296875 0.5319444444444444 0.04765625 0.14166666666666666
0 0.584765625 0.8784722222222222 0.04765625 0.09027777777777778
0 0.66484375 0.029166666666666667 0.0234375 0.058333333333333334