0 0.5328125 0.1361111111111111 0.0421875 0.1111111111111111
0 0.67421875 0.6833333333333333 0.06015625 0.16111111111111112
0 0.8671875 0.04791666666666667 0.05625 0.09583333333333334
0 0.8625 0.5361111111111111 0.0734375 0.18333333333333332
0 0.598046875 0.33194444444444443 0.0515625 0.13472222222222222
0 0.468359375 0.33125 0.0515625 0.1388888888888889
0 0.605859375 0.6534722222222222 0.07421875 0.2
0 0.626953125 0.8847222222222222 0.059375 0.15
0 0.383203125 0.3840277777777778 0.05 0.1388888888888889
0 0.886328125 0.10347222222222222 0.0609375 0.15416666666666667
0 0.905859375 0.32916666666666666 0.06953125 0.18055555555555555
0 0.336328125 0.24097222222222223 0.04296875 0.12638888888888888
0 0.16171875 0.8534722222222222 0.075 0.19305555555555556
0 0.928125 0.06597222222222222 0.0546875 0.13194444444444445
0 0.8234375 0.39375 0.06484375 0.15694444444444444
0 0.492578125 0.23402777777777778 0.05859375 0.16111111111111112
0 0.560546875 0.05486111111111111 0.04609375 0.10972222222222222
0 0.14140625 0.19791666666666666 0.03671875 0.07916666666666666
0 0.659375 0.03333333333333333 0.04375 0.06666666666666667
0 0.023828125 0.39652777777777776 0.04765625 0.13194444444444445
0 0.548828125 0.06666666666666667 0.04296875 0.11944444444444445
0 0.368359375 0.5229166666666667 0.0625 0.1736111111111111
0 0.446875 0.025694444444444443 0.02890625 0.04722222222222222
0 0.369140625 0.15833333333333333 0.03984375 0.12222222222222222
0 0.58828125 0.022916666666666665 0.0375 0.04583333333333333
0 0.4 0.14722222222222223 0.04765625 0.13333333333333333
0 0.291015625 0.4041666666666667 0.04609375 0.10972222222222222
0 0.316796875 0.5069444444444444 0.065625 0.15833333333333333
0 0.17890625 0.16875 0.02890625 0.05694444444444444
0 0.2296875 0.6006944444444444 0.03359375 0.06805555555555555
0 0.601953125 0.011805555555555555 0.03515625 0.02361111111111111
0 0.419140625 0.09722222222222222 0.03984375 0.11944444444444445
0 0.43515625 0.08263888888888889 0.03671875 0.10972222222222222
0 0.205859375 0.6680555555555555 0.05625 0.15416666666666667
0 0.265234375 0.64375 0.05703125 0.14583333333333334
0 0.2375 0.6729166666666667 0.06640625 0.16805555555555557
0 0.0734375 0.22152777777777777 0.02890625 0.05694444444444444
0 0.087890625 0.2125 0.0265625 0.05138888888888889
0 0.329296875 0.07847222222222222 0.025 0.03194444444444444
0 0.441796875 0.07777777777777778 0.03828125 0.1111111111111111