0 0.676171875 0.9076388888888889 0.0453125 0.14722222222222223
0 0.6703125 0.13194444444444445 0.02734375 0.11666666666666667
0 0.50078125 0.5583333333333333 0.03828125 0.15
0 0.498828125 0.16805555555555557 0.03515625 0.11666666666666667
0 0.965625 0.5923611111111111 0.05234375 0.16805555555555557
0 0.404296875 0.5486111111111112 0.0375 0.14722222222222223
0 0.815234375 0.7763888888888889 0.04609375 0.17777777777777778
0 0.978125 0.14583333333333334 0.040625 0.1125
0 0.59140625 0.7590277777777777 0.04765625 0.18333333333333332
0 0.558984375 0.08333333333333333 0.025 0.10833333333333334
0 0.777734375 0.9493055555555555 0.05078125 0.10138888888888889
0 0.883203125 0.12291666666666666 0.0359375 0.1125
0 0.73359375 0.08125 0.028125 0.125
0 0.531640625 0.16805555555555557 0.02890625 0.10694444444444444
0 0.96328125 0.08125 0.03203125 0.1111111111111111
0 0.1046875 0.25416666666666665 0.04609375 0.14166666666666666
0 0.021484375 0.6284722222222222 0.04296875 0.18472222222222223
0 0.67421875 0.022916666666666665 0.0234375 0.04583333333333333
0 0.92890625 0.08611111111111111 0.03671875 0.11388888888888889
0 0.03828125 0.17083333333333334 0.0359375 0.1125
0 0.98671875 0.21041666666666667 0.0265625 0.11666666666666667
0 0.64375 0.034027777777777775 0.0203125 0.06805555555555555
0 0.61015625 0.03611111111111111 0.0234375 0.07222222222222222
0 0.445703125 0.0625 0.01796875 0.09305555555555556
0 0.38984375 0.23194444444444445 0.0328125 0.1388888888888889
0 0.510546875 0.06180555555555556 0.028125 0.11805555555555555
0 0.751171875 0.035416666666666666 0.02734375 0.07083333333333333
0 0.5921875 0.04097222222222222 0.01875 0.06666666666666667
0 0.550390625 0.9680555555555556 0.06015625 0.06388888888888888
0 0.55234375 0.16875 0.0203125 0.10555555555555556
0 0.249609375 0.5076388888888889 0.03046875 0.12361111111111112
0 0.217578125 0.5208333333333334 0.04140625 0.15138888888888888
0 0.18984375 0.4930555555555556 0.0359375 0.14583333333333334
0 0.519921875 0.019444444444444445 0.01796875 0.03888888888888889
0 0.012890625 0.35833333333333334 0.02578125 0.12222222222222222
0 0.900390625 0.11597222222222223 0.02421875 0.1125
0 0.181640625 0.010416666666666666 0.03671875 0.020833333333333332
0 0.9953125 0.34305555555555556 0.009375 0.09305555555555556
0 0.226171875 0.4576388888888889 0.0203125 0.05555555555555555
0 0.907421875 0.07361111111111111 0.0125 0.03333333333333333
0 0.525 0.020833333333333332 0.0234375 0.041666666666666664