0 0.5671875 0.2951388888888889 0.03359375 0.12916666666666668
0 0.6703125 0.44513888888888886 0.03671875 0.14722222222222223
0 0.97578125 0.5645833333333333 0.0484375 0.17777777777777778
0 0.515234375 0.5277777777777778 0.0453125 0.16805555555555557
0 0.13359375 0.9027777777777778 0.06484375 0.18888888888888888
0 0.302734375 0.7875 0.05234375 0.15833333333333333
0 0.022265625 0.6506944444444445 0.04453125 0.15
0 0.9703125 0.18819444444444444 0.03359375 0.11805555555555555
0 0.930078125 0.30972222222222223 0.0390625 0.14305555555555555
0 0.503125 0.6645833333333333 0.04453125 0.16111111111111112
0 0.623828125 0.42291666666666666 0.03046875 0.1125
0 0.283203125 0.6215277777777778 0.04140625 0.14722222222222223
0 0.4859375 0.25277777777777777 0.0296875 0.125
0 0.369140625 0.13958333333333334 0.028125 0.125
0 0.622265625 0.14652777777777778 0.028125 0.10833333333333334
0 0.380078125 0.5451388888888888 0.0453125 0.18611111111111112
0 0.501953125 0.0375 0.028125 0.075
0 0.386328125 0.07916666666666666 0.02578125 0.10694444444444444
0 0.821875 0.20833333333333334 0.03359375 0.13055555555555556
0 0.821484375 0.01875 0.04296875 0.0375
0 0.26484375 0.06597222222222222 0.028125 0.09027777777777778
0 0.438671875 0.058333333333333334 0.02421875 0.1125
0 0.458984375 0.05416666666666667 0.0265625 0.10694444444444444
0 0.049609375 0.1638888888888889 0.028125 0.1125
0 0.730859375 0.08333333333333333 0.0203125 0.12222222222222222
0 0.5515625 0.43125 0.025 0.13055555555555556
0 0.534765625 0.03888888888888889 0.02265625 0.07361111111111111
0 0.94140625 0.18055555555555555 0.0265625 0.11527777777777778
0 0.647265625 0.035416666666666666 0.0234375 0.07083333333333333
0 0.123046875 0.09722222222222222 0.040625 0.13194444444444445
0 0.224609375 0.4479166666666667 0.025 0.06388888888888888
0 0.21953125 0.5208333333333334 0.040625 0.15555555555555556
0 0.251171875 0.5069444444444444 0.03828125 0.13472222222222222
0 0.623046875 0.03263888888888889 0.02421875 0.06527777777777778
0 0.18984375 0.5006944444444444 0.03515625 0.14583333333333334