0 0.49296875 0.26875 0.06796875 0.1388888888888889
0 0.576171875 0.3090277777777778 0.06015625 0.12361111111111112
0 0.279296875 0.33402777777777776 0.06171875 0.12916666666666668
0 0.355078125 0.8027777777777778 0.0765625 0.15416666666666667
0 0.90703125 0.0798611111111111 0.09375 0.1597222222222222
0 0.62734375 0.2986111111111111 0.08125 0.16805555555555557
0 0.275390625 0.26944444444444443 0.05546875 0.11388888888888889
0 0.424609375 0.9180555555555555 0.09609375 0.1638888888888889
0 0.408984375 0.3034722222222222 0.0640625 0.13472222222222222
0 0.41953125 0.6680555555555555 0.09765625 0.2013888888888889
0 0.4921875 0.09166666666666666 0.0578125 0.11805555555555555
0 0.5484375 0.6180555555555556 0.08671875 0.17916666666666667
0 0.3265625 0.17291666666666666 0.05625 0.11805555555555555
0 0.3546875 0.11458333333333333 0.046875 0.08888888888888889
0 0.309765625 0.1951388888888889 0.05546875 0.11666666666666667
0 0.51484375 0.49930555555555556 0.08828125 0.17916666666666667
0 0.524609375 0.3993055555555556 0.0640625 0.1375
0 0.16328125 0.3798611111111111 0.0453125 0.09722222222222222
0 0.025390625 0.6652777777777777 0.05078125 0.12777777777777777
0 0.381640625 0.07916666666666666 0.03828125 0.0763888888888889
0 0.062109375 0.5430555555555555 0.07734375 0.15416666666666667
0 0.2515625 0.2076388888888889 0.02109375 0.034722222222222224
0 0.25546875 0.7305555555555555 0.04140625 0.07916666666666666
0 0.27421875 0.7965277777777777 0.0828125 0.16944444444444445
0 0.45546875 0.013888888888888888 0.0421875 0.027777777777777776
0 0.24375 0.8090277777777778 0.07578125 0.15833333333333333
0 0.296875 0.7541666666666667 0.0765625 0.15416666666666667