0 0.49921875 0.13055555555555556 0.03203125 0.1111111111111111
0 0.664453125 0.17708333333333334 0.028125 0.12361111111111112
0 0.9515625 0.5201388888888889 0.0484375 0.15833333333333333
0 0.564453125 0.12152777777777778 0.02578125 0.11666666666666667
0 0.49765625 0.4798611111111111 0.0328125 0.14722222222222223
0 0.929296875 0.1423611111111111 0.034375 0.11527777777777778
0 0.805078125 0.9006944444444445 0.05078125 0.18888888888888888
0 0.4015625 0.6291666666666667 0.0421875 0.1638888888888889
0 0.548046875 0.8958333333333334 0.059375 0.20277777777777778
0 0.037890625 0.16944444444444445 0.03203125 0.1111111111111111
0 0.731640625 0.08125 0.021875 0.12222222222222222
0 0.7640625 0.05694444444444444 0.02734375 0.1111111111111111
0 0.67421875 0.03611111111111111 0.02578125 0.07222222222222222
0 0.37890625 0.2763888888888889 0.0390625 0.1486111111111111
0 0.112890625 0.21875 0.05078125 0.1375
0 0.984765625 0.1111111111111111 0.03046875 0.12222222222222222
0 0.53203125 0.13194444444444445 0.0234375 0.1
0 0.241015625 0.9673611111111111 0.05625 0.06527777777777778
0 0.41640625 0.06805555555555555 0.0265625 0.09305555555555556
0 0.6609375 0.8354166666666667 0.0546875 0.25277777777777777
0 0.6453125 0.03333333333333333 0.01953125 0.06666666666666667
0 0.9890625 0.19236111111111112 0.021875 0.09861111111111111
0 0.953515625 0.10347222222222222 0.028125 0.09583333333333334
0 0.549609375 0.2076388888888889 0.0203125 0.1125
0 0.610546875 0.035416666666666666 0.02265625 0.07083333333333333
0 0.59296875 0.04652777777777778 0.01953125 0.06944444444444445
0 0.372265625 0.019444444444444445 0.0203125 0.03888888888888889
0 0.98828125 0.3020833333333333 0.0234375 0.11805555555555555
0 0.219140625 0.5194444444444445 0.04296875 0.15138888888888888
0 0.5046875 0.041666666666666664 0.02734375 0.08333333333333333
0 0.95703125 0.12083333333333333 0.028125 0.12777777777777777
0 0.66484375 0.7673611111111112 0.04453125 0.10694444444444444
0 0.251953125 0.5090277777777777 0.0375 0.13333333333333333
0 0.231640625 0.4486111111111111 0.02109375 0.05277777777777778
0 0.989453125 0.011805555555555555 0.02109375 0.02361111111111111
0 0.19140625 0.49583333333333335 0.03828125 0.14583333333333334
0 0.009375 0.31666666666666665 0.01796875 0.12083333333333333
0 0.140234375 0.011805555555555555 0.0359375 0.02361111111111111
0 0.5890625 0.041666666666666664 0.01875 0.06944444444444445
0 0.43828125 0.010416666666666666 0.01953125 0.020833333333333332
0 0.460546875 0.011805555555555555 0.01796875 0.02361111111111111
0 0.5203125 0.00625 0.0203125 0.0125