0 0.503125 0.2 0.03671875 0.13055555555555556
0 0.67578125 0.0875 0.02578125 0.11527777777777778
0 0.552734375 0.04861111111111111 0.025 0.09444444444444444
0 0.41328125 0.4673611111111111 0.03671875 0.14166666666666666
0 0.769921875 0.8555555555555555 0.04609375 0.15694444444444444
0 0.8328125 0.6673611111111111 0.04453125 0.1597222222222222
0 0.04296875 0.6930555555555555 0.05703125 0.175
0 0.503125 0.6444444444444445 0.03984375 0.17083333333333334
0 0.84140625 0.09166666666666666 0.040625 0.11527777777777778
0 0.558203125 0.6513888888888889 0.04453125 0.18472222222222223
0 0.904296875 0.05625 0.03671875 0.10694444444444444
0 0.73125 0.07916666666666666 0.02109375 0.125
0 0.962890625 0.16180555555555556 0.0328125 0.11527777777777778
0 0.760546875 0.9659722222222222 0.0578125 0.06805555555555555
0 0.94296875 0.05625 0.03046875 0.10972222222222222
0 0.39921875 0.18680555555555556 0.03203125 0.1375
0 0.5359375 0.1986111111111111 0.02734375 0.10833333333333334
0 0.981640625 0.6583333333333333 0.03671875 0.16527777777777777
0 0.094140625 0.28194444444444444 0.04296875 0.14305555555555555
0 0.026953125 0.17430555555555555 0.03359375 0.11388888888888889
0 0.644140625 0.03194444444444444 0.01953125 0.06388888888888888
0 0.611328125 0.034027777777777775 0.0234375 0.06805555555555555
0 0.55625 0.12569444444444444 0.01796875 0.1
0 0.01796875 0.3861111111111111 0.0359375 0.14305555555555555
0 0.47734375 0.05555555555555555 0.02578125 0.09861111111111111
0 0.619921875 0.9763888888888889 0.04609375 0.04722222222222222
0 0.526953125 0.09027777777777778 0.0265625 0.11527777777777778
0 0.867578125 0.08402777777777778 0.0265625 0.11388888888888889
0 0.503515625 0.05625 0.02734375 0.10277777777777777
0 0.219921875 0.5180555555555556 0.040625 0.15138888888888888
0 0.736328125 0.06944444444444445 0.0265625 0.1388888888888889
0 0.19296875 0.49236111111111114 0.03671875 0.15138888888888888
0 0.25234375 0.5055555555555555 0.03515625 0.13333333333333333
0 0.96328125 0.1076388888888889 0.03515625 0.11666666666666667
0 0.33828125 0.018055555555555554 0.0171875 0.03611111111111111
0 0.23046875 0.4479166666666667 0.01875 0.05416666666666667
0 0.990625 0.38333333333333336 0.01875 0.10138888888888889
0 0.593359375 0.034722222222222224 0.01875 0.06805555555555555
0 0.696875 0.9881944444444445 0.03984375 0.02361111111111111
0 0.490234375 0.009027777777777777 0.01640625 0.018055555555555554
0 0.74375 0.014583333333333334 0.03046875 0.029166666666666667
0 0.5203125 0.024305555555555556 0.021875 0.04861111111111111