0 0.63984375 0.9256944444444445 0.053125 0.14166666666666666
0 0.49453125 0.3701388888888889 0.0359375 0.13472222222222222
0 0.58671875 0.8388888888888889 0.04921875 0.16944444444444445
0 0.58984375 0.20694444444444443 0.028125 0.10416666666666667
0 0.93359375 0.2708333333333333 0.0375 0.14305555555555555
0 0.873828125 0.8305555555555556 0.05390625 0.16944444444444445
0 0.86640625 0.6798611111111111 0.053125 0.16666666666666666
0 0.624609375 0.325 0.0328125 0.125
0 0.569140625 0.5979166666666667 0.04375 0.17222222222222222
0 0.954296875 0.3659722222222222 0.04375 0.13333333333333333
0 0.385546875 0.11875 0.02578125 0.11527777777777778
0 0.887890625 0.4527777777777778 0.04609375 0.15555555555555556
0 0.098046875 0.7909722222222222 0.05625 0.18333333333333332
0 0.368359375 0.95625 0.0625 0.0875
0 0.398046875 0.27152777777777776 0.028125 0.12361111111111112
0 0.98984375 0.21944444444444444 0.0203125 0.11527777777777778
0 0.608984375 0.06388888888888888 0.028125 0.10833333333333334
0 0.544140625 0.8138888888888889 0.0359375 0.16805555555555557
0 0.51171875 0.04583333333333333 0.02421875 0.08472222222222223
0 0.536328125 0.28194444444444444 0.03828125 0.14444444444444443
0 0.37421875 0.37430555555555556 0.03671875 0.1527777777777778
0 0.317578125 0.46319444444444446 0.0515625 0.1625
0 0.73125 0.09097222222222222 0.025 0.12777777777777777
0 0.11328125 0.9125 0.0609375 0.16944444444444445
0 0.078125 0.09861111111111111 0.03046875 0.09861111111111111
0 0.315234375 0.35694444444444445 0.03515625 0.10555555555555556
0 0.701171875 0.05 0.0296875 0.1
0 0.058984375 0.15763888888888888 0.02890625 0.11666666666666667
0 0.023046875 0.5520833333333334 0.04609375 0.18611111111111112
0 0.58125 0.016666666666666666 0.02109375 0.03333333333333333
0 0.4859375 0.10347222222222222 0.0265625 0.11388888888888889
0 0.62421875 0.059027777777777776 0.02421875 0.11527777777777778
0 0.909375 0.12638888888888888 0.03203125 0.07222222222222222
0 0.99140625 0.3506944444444444 0.0171875 0.1111111111111111
0 0.90546875 0.15 0.03203125 0.125
0 0.42890625 0.10416666666666667 0.025 0.11666666666666667
0 0.888671875 0.09791666666666667 0.02734375 0.10138888888888889
0 0.459375 0.1076388888888889 0.03046875 0.12361111111111112
0 0.1375 0.035416666666666666 0.0359375 0.06944444444444445
0 0.661328125 0.05416666666666667 0.02890625 0.09166666666666666
0 0.87265625 0.10694444444444444 0.0234375 0.1111111111111111
0 0.9515625 0.013888888888888888 0.01875 0.027777777777777776
0 0.191796875 0.5131944444444444 0.034375 0.14722222222222223
0 0.21875 0.53125 0.04453125 0.15
0 0.22734375 0.45902777777777776 0.021875 0.05277777777777778
0 0.254296875 0.5326388888888889 0.0484375 0.14027777777777778