0 0.6203125 0.31527777777777777 0.05703125 0.1361111111111111
0 0.618359375 0.5951388888888889 0.06171875 0.14027777777777778
0 0.859375 0.4222222222222222 0.05859375 0.14027777777777778
0 0.4515625 0.7479166666666667 0.08515625 0.1986111111111111
0 0.928125 0.6777777777777778 0.0734375 0.16111111111111112
0 0.68203125 0.4951388888888889 0.06328125 0.1527777777777778
0 0.252734375 0.5159722222222223 0.071875 0.1625
0 0.227734375 0.7131944444444445 0.0890625 0.19722222222222222
0 0.60234375 0.09236111111111112 0.0484375 0.11388888888888889
0 0.53203125 0.3076388888888889 0.05859375 0.14722222222222223
0 0.473828125 0.049305555555555554 0.05234375 0.09861111111111111
0 0.5 0.029861111111111113 0.0453125 0.059722222222222225
0 0.33125 0.8277777777777777 0.078125 0.17083333333333334
0 0.038671875 0.38958333333333334 0.07734375 0.18194444444444444
0 0.63203125 0.11458333333333333 0.04140625 0.10277777777777777
0 0.708984375 0.24027777777777778 0.0515625 0.11944444444444445
0 0.5015625 0.6159722222222223 0.08828125 0.20416666666666666
0 0.73828125 0.17847222222222223 0.0359375 0.07916666666666666
0 0.98671875 0.5798611111111112 0.0265625 0.13194444444444445
0 0.90625 0.9506944444444444 0.06875 0.09861111111111111
0 0.805859375 0.28541666666666665 0.05 0.13055555555555556
0 0.396484375 0.38263888888888886 0.0796875 0.18472222222222223
0 0.954296875 0.33402777777777776 0.03984375 0.06111111111111111
0 0.56875 0.05555555555555555 0.04609375 0.1
0 0.57578125 0.41180555555555554 0.04921875 0.13055555555555556
0 0.069140625 0.6833333333333333 0.05703125 0.0763888888888889
0 0.975390625 0.5645833333333333 0.04921875 0.12638888888888888
0 0.548046875 0.04652777777777778 0.04453125 0.09305555555555556
0 0.26171875 0.2520833333333333 0.03671875 0.07361111111111111
0 0.237890625 0.31666666666666665 0.0734375 0.17083333333333334
0 0.70703125 0.15347222222222223 0.03828125 0.08055555555555556
0 0.216015625 0.2722222222222222 0.06015625 0.15
0 0.271484375 0.3284722222222222 0.065625 0.15138888888888888
0 0.691796875 0.15833333333333333 0.03046875 0.06666666666666667