0 0.608984375 0.6479166666666667 0.06484375 0.1375
0 0.625 0.11805555555555555 0.05703125 0.12222222222222222
0 0.636328125 0.33055555555555555 0.0609375 0.13472222222222222
0 0.42734375 0.7638888888888888 0.0859375 0.18194444444444444
0 0.20234375 0.6805555555555556 0.08984375 0.18055555555555555
0 0.53984375 0.3326388888888889 0.06640625 0.1486111111111111
0 0.50546875 0.041666666666666664 0.0546875 0.08333333333333333
0 0.65234375 0.14652777777777778 0.04765625 0.10694444444444444
0 0.491796875 0.6423611111111112 0.0890625 0.19166666666666668
0 0.684765625 0.5083333333333333 0.0671875 0.15
0 0.9109375 0.7756944444444445 0.08203125 0.16944444444444445
0 0.318359375 0.7777777777777778 0.0921875 0.2
0 0.056640625 0.35555555555555557 0.08984375 0.18472222222222223
0 0.575390625 0.044444444444444446 0.04453125 0.08888888888888889
0 0.5296875 0.029166666666666667 0.046875 0.058333333333333334
0 0.860546875 0.47291666666666665 0.0640625 0.1388888888888889
0 0.594140625 0.06180555555555556 0.04140625 0.08472222222222223
0 0.737109375 0.2763888888888889 0.0578125 0.12638888888888888
0 0.24140625 0.5020833333333333 0.08203125 0.175
0 0.411328125 0.34097222222222223 0.09296875 0.19722222222222222
0 0.81640625 0.34444444444444444 0.053125 0.12361111111111112
0 0.75703125 0.22152777777777777 0.0359375 0.07222222222222222
0 0.620703125 0.07013888888888889 0.034375 0.058333333333333334
0 0.973828125 0.43125 0.03984375 0.06388888888888888
0 0.58515625 0.40902777777777777 0.053125 0.12638888888888888
0 0.9796875 0.6888888888888889 0.040625 0.14722222222222223
0 0.97109375 0.6645833333333333 0.05703125 0.125
0 0.28125 0.21388888888888888 0.0359375 0.07083333333333333
0 0.249609375 0.26944444444444443 0.0796875 0.16944444444444445
0 0.725390625 0.19305555555555556 0.040625 0.08055555555555556
0 0.28046875 0.2881944444444444 0.071875 0.1527777777777778
0 0.23359375 0.22708333333333333 0.07109375 0.15416666666666667
0 0.70859375 0.19444444444444445 0.0359375 0.07083333333333333