0 0.66328125 0.17430555555555555 0.02890625 0.11944444444444445
0 0.563671875 0.11180555555555556 0.02578125 0.1125
0 0.499609375 0.1361111111111111 0.0296875 0.11527777777777778
0 0.923828125 0.1423611111111111 0.04453125 0.12083333333333333
0 0.806640625 0.8951388888888889 0.046875 0.2013888888888889
0 0.95234375 0.5284722222222222 0.0484375 0.1486111111111111
0 0.401953125 0.6159722222222223 0.03828125 0.15833333333333333
0 0.7625 0.05138888888888889 0.02578125 0.1
0 0.54921875 0.9034722222222222 0.059375 0.18888888888888888
0 0.73125 0.08125 0.02265625 0.12361111111111112
0 0.037890625 0.16944444444444445 0.03203125 0.1125
0 0.37890625 0.2743055555555556 0.04375 0.15833333333333333
0 0.531640625 0.13819444444444445 0.0265625 0.10138888888888889
0 0.112890625 0.22291666666666668 0.05390625 0.1486111111111111
0 0.498046875 0.49236111111111114 0.034375 0.15
0 0.675390625 0.03333333333333333 0.02421875 0.06666666666666667
0 0.9828125 0.10902777777777778 0.03359375 0.12222222222222222
0 0.987890625 0.17916666666666667 0.02421875 0.12361111111111112
0 0.951171875 0.11388888888888889 0.02734375 0.11944444444444445
0 0.419921875 0.06458333333333334 0.02890625 0.09861111111111111
0 0.240234375 0.9743055555555555 0.05625 0.05138888888888889
0 0.6453125 0.03263888888888889 0.0203125 0.06527777777777778
0 0.549609375 0.1951388888888889 0.021875 0.10833333333333334
0 0.665234375 0.7916666666666666 0.05 0.13333333333333333
0 0.593359375 0.04583333333333333 0.01953125 0.06805555555555555
0 0.610546875 0.035416666666666666 0.02265625 0.07083333333333333
0 0.37265625 0.018055555555555554 0.025 0.03611111111111111
0 0.50625 0.043055555555555555 0.034375 0.08194444444444444
0 0.988671875 0.30069444444444443 0.02265625 0.11666666666666667
0 0.21953125 0.5194444444444445 0.04296875 0.15138888888888888
0 0.23046875 0.44930555555555557 0.02109375 0.05555555555555555
0 0.252734375 0.5111111111111111 0.0359375 0.13194444444444445
0 0.191796875 0.4951388888888889 0.0375 0.1486111111111111
0 0.009375 0.3138888888888889 0.01875 0.1361111111111111
0 0.140625 0.0125 0.03125 0.02361111111111111
0 0.4390625 0.009722222222222222 0.02109375 0.019444444444444445
0 0.649609375 0.9006944444444445 0.05 0.10555555555555556
0 0.589453125 0.04097222222222222 0.01875 0.06805555555555555
0 0.005859375 0.30486111111111114 0.01171875 0.15138888888888888
0 0.460546875 0.008333333333333333 0.02109375 0.016666666666666666
0 0.00625 0.6305555555555555 0.0125 0.11388888888888889