0 0.56953125 0.41041666666666665 0.03515625 0.14305555555555555
0 0.6078125 0.3138888888888889 0.02734375 0.10833333333333334
0 0.29453125 0.4895833333333333 0.034375 0.125
0 0.662109375 0.6243055555555556 0.0421875 0.15694444444444444
0 0.48984375 0.5125 0.0375 0.14166666666666666
0 0.839453125 0.3055555555555556 0.0359375 0.14166666666666666
0 0.945703125 0.4076388888888889 0.04453125 0.15138888888888888
0 0.49140625 0.1763888888888889 0.02421875 0.12222222222222222
0 0.375 0.7222222222222222 0.0578125 0.21388888888888888
0 0.08125 0.7256944444444444 0.04921875 0.17916666666666667
0 0.373828125 0.23819444444444443 0.03125 0.13472222222222222
0 0.430078125 0.08680555555555555 0.025 0.11666666666666667
0 0.298828125 0.6340277777777777 0.0421875 0.1597222222222222
0 0.376953125 0.04513888888888889 0.025 0.08611111111111111
0 0.51484375 0.4076388888888889 0.03984375 0.16111111111111112
0 0.547265625 0.5715277777777777 0.028125 0.1388888888888889
0 0.456640625 0.09305555555555556 0.02734375 0.12222222222222222
0 0.38515625 0.1625 0.02734375 0.11944444444444445
0 0.126171875 0.059722222222222225 0.03515625 0.11944444444444445
0 0.0515625 0.15902777777777777 0.0296875 0.12361111111111112
0 0.617578125 0.2125 0.02890625 0.10277777777777777
0 0.7296875 0.08819444444444445 0.0203125 0.125
0 0.1828125 0.07430555555555556 0.02421875 0.09583333333333334
0 0.71484375 0.016666666666666666 0.028125 0.03333333333333333
0 0.66875 0.044444444444444446 0.021875 0.08333333333333333
0 0.909765625 0.23125 0.03828125 0.13333333333333333
0 0.97265625 0.9729166666666667 0.0546875 0.05416666666666667
0 0.590625 0.024305555555555556 0.021875 0.04861111111111111
0 0.18984375 0.5097222222222222 0.03359375 0.14166666666666666
0 0.222265625 0.4534722222222222 0.0265625 0.06111111111111111
0 0.25 0.5138888888888888 0.03046875 0.12916666666666668
0 0.220703125 0.5284722222222222 0.040625 0.14722222222222223
0 0.50234375 0.018055555555555554 0.01953125 0.03611111111111111
0 0.54375 0.013888888888888888 0.01640625 0.027777777777777776
0 0.91328125 0.1388888888888889 0.0265625 0.09722222222222222
0 0.9328125 0.13819444444444445 0.0296875 0.09722222222222222
0 0.946484375 0.009722222222222222 0.01796875 0.019444444444444445
0 0.992578125 0.3034722222222222 0.01484375 0.10694444444444444
0 0.618359375 0.03611111111111111 0.02578125 0.07083333333333333
0 0.994921875 0.020833333333333332 0.01015625 0.041666666666666664
0 0.6359375 0.043055555555555555 0.02890625 0.08472222222222223
0 0.612890625 0.024305555555555556 0.01953125 0.04861111111111111