0 0.498828125 0.06736111111111111 0.02890625 0.10555555555555556
0 0.644140625 0.5680555555555555 0.03515625 0.125
0 0.79453125 0.13680555555555557 0.03125 0.125
0 0.569921875 0.21041666666666667 0.0296875 0.125
0 0.4140625 0.85 0.04609375 0.17916666666666667
0 0.66015625 0.3104166666666667 0.03515625 0.14027777777777778
0 0.29296875 0.9520833333333333 0.059375 0.09583333333333334
0 0.48515625 0.34375 0.0328125 0.1388888888888889
0 0.51875 0.8465277777777778 0.04921875 0.1736111111111111
0 0.937109375 0.3888888888888889 0.04453125 0.13472222222222222
0 0.091796875 0.8173611111111111 0.053125 0.17222222222222222
0 0.26953125 0.7805555555555556 0.04375 0.1597222222222222
0 0.327734375 0.06666666666666667 0.02734375 0.09583333333333334
0 0.53125 0.07013888888888889 0.021875 0.09583333333333334
0 0.537890625 0.6673611111111111 0.04921875 0.18055555555555555
0 0.374609375 0.41458333333333336 0.04921875 0.17222222222222222
0 0.031640625 0.02013888888888889 0.0359375 0.04027777777777778
0 0.371875 0.06597222222222222 0.0265625 0.11388888888888889
0 0.437109375 0.03263888888888889 0.02421875 0.06527777777777778
0 0.121484375 0.15208333333333332 0.03515625 0.12777777777777777
0 0.3890625 0.034722222222222224 0.02734375 0.06944444444444445
0 0.037109375 0.1736111111111111 0.03125 0.11388888888888889
0 0.730859375 0.08194444444444444 0.021875 0.12361111111111112
0 0.648046875 0.08472222222222223 0.0296875 0.11666666666666667
0 0.983203125 0.23680555555555555 0.03359375 0.13333333333333333
0 0.54765625 0.3138888888888889 0.0234375 0.12222222222222222
0 0.9609375 0.2326388888888889 0.02890625 0.11527777777777778
0 0.458203125 0.03333333333333333 0.02265625 0.06666666666666667
0 0.487890625 0.020833333333333332 0.0234375 0.041666666666666664
0 0.644140625 0.024305555555555556 0.0234375 0.04861111111111111
0 0.9171875 0.01875 0.0390625 0.0375
0 0.219140625 0.5229166666666667 0.04453125 0.15138888888888888
0 0.60546875 0.035416666666666666 0.02265625 0.07083333333333333
0 0.23203125 0.4479166666666667 0.02421875 0.06111111111111111
0 0.187890625 0.5055555555555555 0.03125 0.1375
0 0.24921875 0.5145833333333333 0.03828125 0.1361111111111111
0 0.591796875 0.050694444444444445 0.02109375 0.05416666666666667