0 0.862109375 0.7743055555555556 0.05234375 0.16805555555555557
0 0.93125 0.2375 0.03515625 0.125
0 0.494921875 0.34652777777777777 0.034375 0.12777777777777777
0 0.61484375 0.7958333333333333 0.04140625 0.1638888888888889
0 0.904296875 0.14166666666666666 0.03203125 0.125
0 0.589453125 0.18333333333333332 0.02578125 0.10138888888888889
0 0.1109375 0.7263888888888889 0.0484375 0.17222222222222222
0 0.84921875 0.6270833333333333 0.04453125 0.1638888888888889
0 0.38125 0.1388888888888889 0.028125 0.11944444444444445
0 0.941796875 0.33819444444444446 0.04296875 0.14444444444444443
0 0.904296875 0.4875 0.040625 0.1638888888888889
0 0.572265625 0.6451388888888889 0.040625 0.17083333333333334
0 0.10859375 0.9097222222222222 0.05703125 0.1736111111111111
0 0.400390625 0.2986111111111111 0.03125 0.12916666666666668
0 0.625390625 0.3527777777777778 0.03203125 0.11666666666666667
0 0.637890625 0.9680555555555556 0.0546875 0.06388888888888888
0 0.535546875 0.2638888888888889 0.0375 0.14722222222222223
0 0.55078125 0.8743055555555556 0.0359375 0.175
0 0.731640625 0.09444444444444444 0.02421875 0.125
0 0.37265625 0.4152777777777778 0.04140625 0.15694444444444444
0 0.555078125 0.017361111111111112 0.02890625 0.034722222222222224
0 0.13984375 0.029861111111111113 0.03125 0.059722222222222225
0 0.612109375 0.08680555555555555 0.02578125 0.10972222222222222
0 0.224609375 0.02361111111111111 0.02421875 0.04722222222222222
0 0.484375 0.08333333333333333 0.0265625 0.11388888888888889
0 0.990234375 0.20208333333333334 0.01953125 0.10972222222222222
0 0.98828125 0.32569444444444445 0.0234375 0.12916666666666668
0 0.626953125 0.06944444444444445 0.025 0.11527777777777778
0 0.428515625 0.10208333333333333 0.02421875 0.11805555555555555
0 0.316015625 0.32708333333333334 0.0359375 0.10416666666666667
0 0.883203125 0.08819444444444445 0.02265625 0.10833333333333334
0 0.708203125 0.049305555555555554 0.0265625 0.09861111111111111
0 0.317578125 0.43680555555555556 0.059375 0.16805555555555557
0 0.509765625 0.05138888888888889 0.0234375 0.10138888888888889
0 0.459765625 0.10902777777777778 0.03046875 0.12222222222222222
0 0.191796875 0.5138888888888888 0.03203125 0.14305555555555555
0 0.0078125 0.5354166666666667 0.015625 0.14583333333333334
0 0.95390625 0.01597222222222222 0.02578125 0.03194444444444444
0 0.86484375 0.10208333333333333 0.025 0.10138888888888889
0 0.226171875 0.4618055555555556 0.02421875 0.058333333333333334
0 0.2609375 0.013888888888888888 0.01875 0.027777777777777776
0 0.21953125 0.5347222222222222 0.04296875 0.15138888888888888
0 0.66875 0.052083333333333336 0.0234375 0.08888888888888889
0 0.251953125 0.5229166666666667 0.04140625 0.13055555555555556
0 0.060546875 0.15 0.02890625 0.14583333333333334
0 0.055859375 0.08402777777777778 0.0203125 0.06666666666666667
0 0.995703125 0.013194444444444444 0.00859375 0.02638888888888889
0 0.651171875 0.04722222222222222 0.01953125 0.05
0 0.058203125 0.10833333333333334 0.02578125 0.10972222222222222
0 0.009765625 0.006944444444444444 0.01875 0.0125