0 0.58359375 0.3034722222222222 0.05390625 0.12916666666666668
0 0.5328125 0.3090277777777778 0.059375 0.1527777777777778
0 0.92890625 0.19930555555555557 0.07734375 0.18055555555555555
0 0.513671875 0.5840277777777778 0.0671875 0.16527777777777777
0 0.3125 0.6847222222222222 0.0609375 0.15138888888888888
0 0.355859375 0.13402777777777777 0.0453125 0.12222222222222222
0 0.43203125 0.23958333333333334 0.05 0.12916666666666668
0 0.40859375 0.6784722222222223 0.08671875 0.20833333333333334
0 0.356640625 0.8368055555555556 0.07734375 0.19444444444444445
0 0.40546875 0.058333333333333334 0.03671875 0.06944444444444445
0 0.3140625 0.2833333333333333 0.05234375 0.1388888888888889
0 0.660546875 0.4027777777777778 0.0671875 0.16527777777777777
0 0.753515625 0.06597222222222222 0.06015625 0.13194444444444445
0 0.315625 0.21388888888888888 0.04453125 0.11805555555555555
0 0.844921875 0.04652777777777778 0.06640625 0.09305555555555556
0 0.20390625 0.9715277777777778 0.0859375 0.05694444444444444
0 0.54296875 0.12013888888888889 0.05078125 0.12638888888888888
0 0.37421875 0.11944444444444445 0.04921875 0.125
0 0.064453125 0.34791666666666665 0.0546875 0.13333333333333333
0 0.54296875 0.4513888888888889 0.05234375 0.14583333333333334
0 0.43515625 0.03611111111111111 0.03203125 0.0625
0 0.63125 0.013888888888888888 0.046875 0.027777777777777776
0 0.49921875 0.45625 0.0703125 0.16805555555555557
0 0.1578125 0.26875 0.040625 0.10277777777777777
0 0.018359375 0.4652777777777778 0.03671875 0.13055555555555556
0 0.232421875 0.6243055555555556 0.034375 0.07361111111111111
0 0.29375 0.12916666666666668 0.025 0.05277777777777778
0 0.065234375 0.9090277777777778 0.04609375 0.12777777777777777
0 0.268359375 0.6673611111111111 0.05703125 0.14444444444444443
0 0.2421875 0.6965277777777777 0.07109375 0.16944444444444445
0 0.211328125 0.6979166666666666 0.0609375 0.15694444444444444
0 0.53046875 0.009722222222222222 0.0375 0.019444444444444445
0 0.51171875 0.019444444444444445 0.0359375 0.03888888888888889