0 0.757421875 0.2875 0.0765625 0.17083333333333334
0 0.7953125 0.49444444444444446 0.1 0.2111111111111111
0 0.609765625 0.4409722222222222 0.0734375 0.16666666666666666
0 0.54453125 0.1 0.0578125 0.13472222222222222
0 0.2859375 0.19027777777777777 0.046875 0.10416666666666667
0 0.712109375 0.1638888888888889 0.06875 0.15833333333333333
0 0.719921875 0.7840277777777778 0.08359375 0.1625
0 0.05859375 0.4388888888888889 0.0578125 0.125
0 0.465234375 0.0763888888888889 0.04375 0.10138888888888889
0 0.34375 0.4027777777777778 0.0625 0.14583333333333334
0 0.183984375 0.7673611111111112 0.07265625 0.1638888888888889
0 0.428515625 0.25833333333333336 0.06171875 0.14027777777777778
0 0.4390625 0.17083333333333334 0.06328125 0.14305555555555555
0 0.3890625 0.1986111111111111 0.05 0.11666666666666667
0 0.419921875 0.5625 0.07109375 0.1638888888888889
0 0.430078125 0.7715277777777778 0.08671875 0.2013888888888889
0 0.015625 0.40625 0.03125 0.06527777777777778
0 0.290625 0.4930555555555556 0.06796875 0.14722222222222223
0 0.52890625 0.13333333333333333 0.0515625 0.12638888888888888
0 0.028515625 0.5638888888888889 0.05703125 0.1388888888888889
0 0.124609375 0.3645833333333333 0.0546875 0.12083333333333333
0 0.262109375 0.4076388888888889 0.0515625 0.10694444444444444
0 0.98125 0.32222222222222224 0.0375 0.12777777777777777
0 0.3453125 0.22777777777777777 0.0578125 0.13055555555555556
0 0.3640625 0.20347222222222222 0.053125 0.12777777777777777
0 0.249609375 0.6979166666666666 0.03515625 0.06944444444444445
0 0.28828125 0.7298611111111111 0.06796875 0.15
0 0.2921875 0.15347222222222223 0.0328125 0.06111111111111111
0 0.234765625 0.7763888888888889 0.0765625 0.16805555555555557
0 0.36484375 0.09930555555555555 0.03125 0.07361111111111111
0 0.1015625 0.3229166666666667 0.03828125 0.0625
0 0.259765625 0.7694444444444445 0.08125 0.1763888888888889
0 0.548046875 0.0125 0.03515625 0.025
0 0.3046875 0.12291666666666666 0.01875 0.025
0 0.07421875 0.33125 0.02578125 0.03194444444444444