0 0.4953125 0.35555555555555557 0.03515625 0.13194444444444445
0 0.570703125 0.6090277777777777 0.0421875 0.1597222222222222
0 0.86875 0.8159722222222222 0.05234375 0.18333333333333332
0 0.591015625 0.19027777777777777 0.02578125 0.1
0 0.625390625 0.34444444444444444 0.03359375 0.125
0 0.95 0.3506944444444444 0.04453125 0.14583333333333334
0 0.933203125 0.25555555555555554 0.0375 0.1361111111111111
0 0.85859375 0.6458333333333334 0.04765625 0.15416666666666667
0 0.546875 0.8347222222222223 0.034375 0.16111111111111112
0 0.6390625 0.9479166666666666 0.0578125 0.10416666666666667
0 0.536328125 0.27708333333333335 0.0359375 0.14722222222222223
0 0.9046875 0.14652777777777778 0.034375 0.12083333333333333
0 0.1046875 0.7680555555555556 0.05390625 0.1875
0 0.896875 0.4576388888888889 0.04453125 0.1486111111111111
0 0.38515625 0.12430555555555556 0.02578125 0.11666666666666667
0 0.3734375 0.3909722222222222 0.03828125 0.15833333333333333
0 0.11328125 0.9111111111111111 0.06171875 0.17777777777777778
0 0.3984375 0.2875 0.02890625 0.13194444444444445
0 0.603125 0.8159722222222222 0.04296875 0.1597222222222222
0 0.371484375 0.9694444444444444 0.0578125 0.06111111111111111
0 0.73125 0.09166666666666666 0.02421875 0.125
0 0.317578125 0.3458333333333333 0.0328125 0.1
0 0.317578125 0.45069444444444445 0.05859375 0.175
0 0.6109375 0.07361111111111111 0.02578125 0.10833333333333334
0 0.990234375 0.20833333333333334 0.01953125 0.11666666666666667
0 0.990234375 0.3368055555555556 0.01953125 0.13333333333333333
0 0.7015625 0.04861111111111111 0.03046875 0.09722222222222222
0 0.66484375 0.050694444444444445 0.028125 0.1
0 0.5109375 0.04791666666666667 0.021875 0.08888888888888889
0 0.46015625 0.10694444444444444 0.0296875 0.12361111111111112
0 0.073828125 0.10138888888888889 0.0359375 0.09444444444444444
0 0.137890625 0.03333333333333333 0.0390625 0.06666666666666667
0 0.0203125 0.5520833333333334 0.040625 0.16944444444444445
0 0.2375 0.020833333333333332 0.03046875 0.041666666666666664
0 0.428515625 0.10347222222222222 0.0234375 0.11666666666666667
0 0.484375 0.09861111111111111 0.02734375 0.12777777777777777
0 0.626171875 0.06041666666666667 0.02578125 0.11805555555555555
0 0.88515625 0.09583333333333334 0.03046875 0.10833333333333334
0 0.05625 0.1625 0.0328125 0.125
0 0.191796875 0.5131944444444444 0.0328125 0.14583333333333334
0 0.8734375 0.10069444444444445 0.02265625 0.10833333333333334
0 0.9515625 0.014583333333333334 0.01875 0.029166666666666667
0 0.570703125 0.015277777777777777 0.0296875 0.030555555555555555
0 0.21953125 0.5326388888888889 0.04296875 0.1486111111111111
0 0.226953125 0.46111111111111114 0.02109375 0.058333333333333334
0 0.254296875 0.5333333333333333 0.04765625 0.14444444444444443
0 0.269921875 0.010416666666666666 0.02265625 0.020833333333333332
0 0.012109375 0.00625 0.02421875 0.0125
0 0.559765625 0.016666666666666666 0.01953125 0.03333333333333333
0 0.995703125 0.014583333333333334 0.0078125 0.029166666666666667
0 0.6265625 0.02847222222222222 0.021875 0.05694444444444444