0 0.420703125 0.6159722222222223 0.0640625 0.1597222222222222
0 0.434375 0.18263888888888888 0.05625 0.1361111111111111
0 0.948046875 0.28194444444444444 0.07421875 0.16527777777777777
0 0.58984375 0.06597222222222222 0.05 0.13194444444444445
0 0.851953125 0.6006944444444444 0.0828125 0.20833333333333334
0 0.478125 0.07291666666666667 0.04609375 0.12083333333333333
0 0.515234375 0.5409722222222222 0.06796875 0.175
0 0.741015625 0.7631944444444444 0.07421875 0.18194444444444444
0 0.465234375 0.16111111111111112 0.04453125 0.11527777777777778
0 0.015234375 0.4701388888888889 0.03046875 0.12916666666666668
0 0.65859375 0.7020833333333333 0.08671875 0.21944444444444444
0 0.637109375 0.01597222222222222 0.04609375 0.03194444444444444
0 0.636328125 0.8951388888888889 0.075 0.12361111111111112
0 0.08125 0.5006944444444444 0.0703125 0.1638888888888889
0 0.3453125 0.3263888888888889 0.0640625 0.16527777777777777
0 0.514453125 0.01875 0.03671875 0.0375
0 0.42421875 0.0763888888888889 0.04765625 0.12083333333333333
0 0.071484375 0.9020833333333333 0.071875 0.19166666666666668
0 0.48515625 0.15833333333333333 0.04140625 0.11527777777777778
0 0.49921875 0.027083333333333334 0.03125 0.05416666666666667
0 0.266015625 0.6590277777777778 0.053125 0.1361111111111111
0 0.85078125 0.7666666666666667 0.0625 0.09861111111111111
0 0.2390625 0.6895833333333333 0.06875 0.16944444444444445
0 0.2078125 0.6868055555555556 0.0640625 0.1638888888888889
0 0.015625 0.6430555555555556 0.03125 0.1361111111111111
0 0.359375 0.1284722222222222 0.0375 0.10138888888888889
0 0.93203125 0.04722222222222222 0.0296875 0.09027777777777778
0 0.426953125 0.03680555555555556 0.02578125 0.05
0 0.404296875 0.05 0.0234375 0.04583333333333333
0 0.494140625 0.02638888888888889 0.03046875 0.05277777777777778