0 0.498828125 0.12777777777777777 0.0328125 0.10833333333333334
0 0.6625 0.18194444444444444 0.02890625 0.12361111111111112
0 0.80390625 0.9027777777777778 0.0515625 0.18333333333333332
0 0.951953125 0.5159722222222223 0.04765625 0.15
0 0.55 0.8965277777777778 0.05703125 0.20694444444444443
0 0.56484375 0.12361111111111112 0.0265625 0.11666666666666667
0 0.497265625 0.47708333333333336 0.0328125 0.1486111111111111
0 0.93203125 0.14652777777777778 0.03984375 0.12083333333333333
0 0.03828125 0.1701388888888889 0.0328125 0.10972222222222222
0 0.73125 0.08125 0.02109375 0.12083333333333333
0 0.6734375 0.0375 0.0265625 0.075
0 0.765625 0.059027777777777776 0.028125 0.11388888888888889
0 0.66171875 0.8368055555555556 0.06015625 0.2638888888888889
0 0.401171875 0.6354166666666666 0.0421875 0.15833333333333333
0 0.382421875 0.27847222222222223 0.03828125 0.14722222222222223
0 0.53125 0.12986111111111112 0.02421875 0.09583333333333334
0 0.24140625 0.9597222222222223 0.05625 0.08055555555555556
0 0.66328125 0.7756944444444445 0.04609375 0.14166666666666666
0 0.6453125 0.03263888888888889 0.01953125 0.06527777777777778
0 0.11328125 0.21319444444444444 0.053125 0.1361111111111111
0 0.987890625 0.2986111111111111 0.02421875 0.11944444444444445
0 0.9890625 0.19583333333333333 0.021875 0.09027777777777778
0 0.550390625 0.21041666666666667 0.021875 0.11527777777777778
0 0.610546875 0.035416666666666666 0.02265625 0.07083333333333333
0 0.41015625 0.06805555555555555 0.0234375 0.09305555555555556
0 0.503515625 0.04097222222222222 0.02734375 0.08194444444444444
0 0.593359375 0.04652777777777778 0.01875 0.06944444444444445
0 0.21875 0.5194444444444445 0.04453125 0.15138888888888888
0 0.371875 0.020833333333333332 0.021875 0.041666666666666664
0 0.9859375 0.1125 0.028125 0.11944444444444445
0 0.955859375 0.10138888888888889 0.0296875 0.09027777777777778
0 0.955078125 0.125 0.03828125 0.14305555555555555
0 0.2515625 0.5090277777777777 0.0375 0.13194444444444445
0 0.9875 0.0125 0.02421875 0.025
0 0.2328125 0.4465277777777778 0.0234375 0.05416666666666667
0 0.1328125 0.011805555555555555 0.0375 0.02361111111111111
0 0.009375 0.31805555555555554 0.01796875 0.10555555555555556
0 0.190625 0.4965277777777778 0.0390625 0.14305555555555555
0 0.4390625 0.010416666666666666 0.0203125 0.020833333333333332
0 0.589453125 0.04097222222222222 0.01796875 0.06944444444444445
0 0.4609375 0.013194444444444444 0.0171875 0.02638888888888889