0 0.62890625 0.46805555555555556 0.0421875 0.12777777777777777
0 0.55 0.23333333333333334 0.03984375 0.13055555555555556
0 0.525390625 0.7479166666666667 0.0578125 0.18194444444444444
0 0.78671875 0.10486111111111111 0.03984375 0.13333333333333333
0 0.917578125 0.25763888888888886 0.05546875 0.1527777777777778
0 0.066796875 0.8284722222222223 0.0640625 0.17083333333333334
0 0.328515625 0.9180555555555555 0.06640625 0.1638888888888889
0 0.471484375 0.3034722222222222 0.03984375 0.14027777777777778
0 0.357421875 0.07777777777777778 0.0328125 0.10138888888888889
0 0.6546875 0.3375 0.0453125 0.15416666666666667
0 0.292578125 0.7368055555555556 0.05234375 0.1527777777777778
0 0.34453125 0.12777777777777777 0.0359375 0.12638888888888888
0 0.469921875 0.05625 0.034375 0.10972222222222222
0 0.602734375 0.08541666666666667 0.03828125 0.11527777777777778
0 0.501171875 0.04861111111111111 0.02890625 0.09722222222222222
0 0.951953125 0.10902777777777778 0.0390625 0.12083333333333333
0 0.45078125 0.9291666666666667 0.0578125 0.14166666666666666
0 0.53515625 0.5881944444444445 0.06640625 0.19722222222222222
0 0.0203125 0.26805555555555555 0.040625 0.13333333333333333
0 0.610546875 0.020833333333333332 0.02734375 0.041666666666666664
0 0.982421875 0.5458333333333333 0.03515625 0.17222222222222222
0 0.700390625 0.05 0.03203125 0.1
0 0.379296875 0.4888888888888889 0.053125 0.17083333333333334
0 0.928125 0.11666666666666667 0.03671875 0.11527777777777778
0 0.539453125 0.3597222222222222 0.03359375 0.13194444444444445
0 0.09921875 0.21041666666666667 0.0453125 0.13472222222222222
0 0.40859375 0.06527777777777778 0.03359375 0.1
0 0.430859375 0.05694444444444444 0.03515625 0.09305555555555556
0 0.26796875 0.11180555555555556 0.02421875 0.09861111111111111
0 0.2234375 0.5069444444444444 0.03125 0.07222222222222222
0 0.222265625 0.5833333333333334 0.05234375 0.1625
0 0.5765625 0.025 0.0296875 0.05
0 0.190625 0.5673611111111111 0.0421875 0.14583333333333334
0 0.566015625 0.03194444444444444 0.02265625 0.0625
0 0.254296875 0.5611111111111111 0.04765625 0.14305555555555555