0 0.56875 0.3527777777777778 0.03515625 0.14027777777777778
0 0.43828125 0.06805555555555555 0.02421875 0.11388888888888889
0 0.959765625 0.4777777777777778 0.04609375 0.16805555555555557
0 0.827734375 0.25555555555555554 0.0359375 0.1375
0 0.615625 0.36041666666666666 0.028125 0.11527777777777778
0 0.3859375 0.11736111111111111 0.025 0.10972222222222222
0 0.4890625 0.20625 0.02578125 0.11944444444444445
0 0.28984375 0.55 0.0375 0.1375
0 0.4953125 0.5798611111111112 0.0421875 0.15694444444444444
0 0.296484375 0.7013888888888888 0.046875 0.16527777777777777
0 0.38046875 0.6159722222222223 0.04609375 0.1736111111111111
0 0.921484375 0.26319444444444445 0.0390625 0.12638888888888888
0 0.3703125 0.18472222222222223 0.028125 0.12638888888888888
0 0.11328125 0.8111111111111111 0.0625 0.2013888888888889
0 0.669140625 0.5270833333333333 0.040625 0.15555555555555556
0 0.458203125 0.06736111111111111 0.02734375 0.11388888888888889
0 0.61796875 0.1798611111111111 0.028125 0.1111111111111111
0 0.5015625 0.02361111111111111 0.025 0.04722222222222222
0 0.530078125 0.022916666666666665 0.0234375 0.04583333333333333
0 0.124609375 0.07361111111111111 0.03515625 0.12361111111111112
0 0.73125 0.08194444444444444 0.02109375 0.12361111111111112
0 0.54921875 0.49444444444444446 0.028125 0.14027777777777778
0 0.50859375 0.4527777777777778 0.04296875 0.16527777777777777
0 0.656640625 0.035416666666666666 0.025 0.07083333333333333
0 0.0515625 0.15555555555555556 0.03125 0.11944444444444445
0 0.9515625 0.1597222222222222 0.03046875 0.12083333333333333
0 0.225 0.4465277777777778 0.025 0.0625
0 0.3828125 0.02361111111111111 0.02109375 0.04722222222222222
0 0.92890625 0.15694444444444444 0.0296875 0.10833333333333334
0 0.765625 0.014583333333333334 0.0375 0.029166666666666667
0 0.223046875 0.06666666666666667 0.0234375 0.09166666666666666
0 0.249609375 0.5076388888888889 0.03359375 0.13055555555555556
0 0.219921875 0.51875 0.04296875 0.1527777777777778
0 0.190625 0.5013888888888889 0.034375 0.14722222222222223
0 0.63515625 0.035416666666666666 0.025 0.07083333333333333
0 0.005859375 0.5868055555555556 0.01171875 0.12361111111111112
0 0.59765625 0.007638888888888889 0.01875 0.015277777777777777
0 0.61171875 0.04027777777777778 0.021875 0.06111111111111111