0 0.664453125 0.3909722222222222 0.03828125 0.1388888888888889
0 0.81484375 0.18611111111111112 0.03046875 0.13055555555555556
0 0.56953125 0.2701388888888889 0.03203125 0.13055555555555556
0 0.62578125 0.47430555555555554 0.03203125 0.125
0 0.499609375 0.04722222222222222 0.028125 0.09166666666666666
0 0.421484375 0.9527777777777777 0.05078125 0.09444444444444444
0 0.296875 0.8555555555555555 0.05234375 0.16944444444444445
0 0.92890625 0.33819444444444446 0.0421875 0.13472222222222222
0 0.505078125 0.7243055555555555 0.04296875 0.1597222222222222
0 0.368359375 0.11736111111111111 0.02890625 0.12083333333333333
0 0.040234375 0.7013888888888888 0.05 0.15833333333333333
0 0.852734375 0.019444444444444445 0.04140625 0.03888888888888889
0 0.37578125 0.5006944444444444 0.0515625 0.18194444444444444
0 0.627734375 0.12638888888888888 0.0296875 0.10972222222222222
0 0.462890625 0.04791666666666667 0.025 0.09305555555555556
0 0.439453125 0.05 0.02421875 0.09583333333333334
0 0.486328125 0.2847222222222222 0.028125 0.13194444444444445
0 0.38515625 0.05763888888888889 0.028125 0.10694444444444444
0 0.5234375 0.5701388888888889 0.04296875 0.17083333333333334
0 0.973046875 0.20555555555555555 0.03203125 0.11666666666666667
0 0.282421875 0.6736111111111112 0.04140625 0.15694444444444444
0 0.982421875 0.6201388888888889 0.03515625 0.175
0 0.53359375 0.04722222222222222 0.02109375 0.09027777777777778
0 0.55 0.3819444444444444 0.025 0.125
0 0.14296875 0.9569444444444445 0.05859375 0.08611111111111111
0 0.73125 0.08263888888888889 0.0234375 0.12777777777777777
0 0.6453125 0.034027777777777775 0.0234375 0.06805555555555555
0 0.041015625 0.1673611111111111 0.0359375 0.11944444444444445
0 0.12109375 0.11458333333333333 0.03671875 0.13055555555555556
0 0.61796875 0.03194444444444444 0.02734375 0.06388888888888888
0 0.951171875 0.2013888888888889 0.03046875 0.1111111111111111
0 0.290625 0.0625 0.028125 0.09305555555555556
0 0.223046875 0.4486111111111111 0.02734375 0.06111111111111111
0 0.21953125 0.5222222222222223 0.04140625 0.1527777777777778
0 0.99296875 0.027777777777777776 0.0140625 0.05555555555555555
0 0.1890625 0.49930555555555556 0.03515625 0.14583333333333334
0 0.25078125 0.5083333333333333 0.03828125 0.13472222222222222
0 0.601953125 0.04097222222222222 0.021875 0.07361111111111111
0 0.94609375 0.006944444444444444 0.02109375 0.013888888888888888