0 0.662109375 0.20972222222222223 0.053125 0.11944444444444445
0 0.38671875 0.5069444444444444 0.07578125 0.16666666666666666
0 0.963671875 0.5486111111111112 0.07265625 0.14722222222222223
0 0.73359375 0.3541666666666667 0.0578125 0.13055555555555556
0 0.598046875 0.18611111111111112 0.0578125 0.12777777777777777
0 0.888671875 0.9180555555555555 0.08046875 0.1625
0 0.853125 0.33194444444444443 0.0484375 0.10555555555555556
0 0.42890625 0.9041666666666667 0.096875 0.19166666666666668
0 0.625390625 0.21458333333333332 0.05078125 0.1125
0 0.816015625 0.3326388888888889 0.053125 0.12777777777777777
0 0.456640625 0.19791666666666666 0.08125 0.175
0 0.62890625 0.2722222222222222 0.05 0.11527777777777778
0 0.984375 0.5430555555555555 0.03125 0.125
0 0.498046875 0.5020833333333333 0.07421875 0.16944444444444445
0 0.78046875 0.24444444444444444 0.040625 0.08194444444444444
0 0.56328125 0.91875 0.0796875 0.1625
0 0.9921875 0.6340277777777777 0.015625 0.13472222222222222
0 0.97734375 0.75 0.0453125 0.11944444444444445
0 0.753515625 0.21666666666666667 0.0359375 0.0763888888888889
0 0.723046875 0.18888888888888888 0.0390625 0.08194444444444444
0 0.6296875 0.10972222222222222 0.05078125 0.10694444444444444
0 0.70546875 0.1840277777777778 0.0359375 0.0763888888888889
0 0.13828125 0.6979166666666666 0.05703125 0.075
0 0.2484375 0.2743055555555556 0.08046875 0.17222222222222222
0 0.276953125 0.2222222222222222 0.03125 0.0625
0 0.280859375 0.2951388888888889 0.06953125 0.15
0 0.55234375 0.05416666666666667 0.04296875 0.10138888888888889
0 0.230859375 0.2298611111111111 0.0734375 0.1625
0 0.529296875 0.9069444444444444 0.08828125 0.18611111111111112
0 0.0390625 0.16944444444444445 0.05078125 0.1375
0 0.650390625 0.09097222222222222 0.02265625 0.0375
0 0.702734375 0.17569444444444443 0.034375 0.075
0 0.630078125 0.06875 0.02109375 0.03333333333333333
0 0.58125 0.018055555555555554 0.02109375 0.030555555555555555