0 0.658984375 0.25416666666666665 0.03359375 0.13194444444444445
0 0.571875 0.1736111111111111 0.0296875 0.11805555555555555
0 0.520703125 0.9215277777777777 0.04765625 0.15
0 0.4046875 0.7583333333333333 0.0421875 0.15555555555555556
0 0.49921875 0.09027777777777778 0.0296875 0.11527777777777778
0 0.0390625 0.17222222222222222 0.0359375 0.10694444444444444
0 0.11640625 0.9027777777777778 0.0546875 0.19444444444444445
0 0.94765625 0.44027777777777777 0.0453125 0.1527777777777778
0 0.784765625 0.10138888888888889 0.0265625 0.11388888888888889
0 0.5296875 0.09375 0.02265625 0.09722222222222222
0 0.491796875 0.39166666666666666 0.034375 0.15138888888888888
0 0.261328125 0.8465277777777778 0.046875 0.15694444444444444
0 0.544921875 0.7506944444444444 0.053125 0.19583333333333333
0 0.6515625 0.6368055555555555 0.03671875 0.1388888888888889
0 0.458984375 0.025694444444444443 0.02109375 0.05
0 0.493359375 0.025694444444444443 0.02421875 0.05138888888888889
0 0.433984375 0.02361111111111111 0.02265625 0.04722222222222222
0 0.7296875 0.0798611111111111 0.02109375 0.11805555555555555
0 0.38125 0.35 0.0484375 0.175
0 0.11953125 0.16666666666666666 0.0375 0.12361111111111112
0 0.64609375 0.03263888888888889 0.02421875 0.06527777777777778
0 0.76015625 0.975 0.053125 0.05
0 0.610546875 0.03680555555555556 0.02734375 0.07361111111111111
0 0.5484375 0.2708333333333333 0.02265625 0.125
0 0.39140625 0.021527777777777778 0.01796875 0.043055555555555555
0 0.369921875 0.04652777777777778 0.028125 0.09166666666666666
0 0.661328125 0.06458333333333334 0.0265625 0.10555555555555556
0 0.218359375 0.5208333333333334 0.04375 0.15
0 0.23359375 0.45 0.025 0.06944444444444445
0 0.947265625 0.016666666666666666 0.0359375 0.03333333333333333
0 0.982421875 0.21180555555555555 0.03515625 0.225
0 0.06953125 0.015277777777777777 0.02421875 0.030555555555555555
0 0.25078125 0.5145833333333333 0.0375 0.12638888888888888
0 0.3546875 0.06666666666666667 0.01875 0.09861111111111111
0 0.188671875 0.5055555555555555 0.0328125 0.14027777777777778
0 0.969921875 0.25972222222222224 0.0296875 0.10972222222222222