0 0.728125 0.6743055555555556 0.06796875 0.16666666666666666
0 0.925390625 0.10555555555555556 0.04296875 0.1375
0 0.4765625 0.2611111111111111 0.0421875 0.13194444444444445
0 0.7828125 0.3576388888888889 0.053125 0.15833333333333333
0 0.80390625 0.5027777777777778 0.059375 0.18055555555555555
0 0.877734375 0.12569444444444444 0.05234375 0.14305555555555555
0 0.35625 0.26875 0.04140625 0.13333333333333333
0 0.628125 0.8013888888888889 0.06484375 0.18888888888888888
0 0.12109375 0.15625 0.04609375 0.11527777777777778
0 0.886328125 0.04791666666666667 0.04140625 0.09583333333333334
0 0.846875 0.022916666666666665 0.0421875 0.04583333333333333
0 0.96953125 0.4965277777777778 0.0609375 0.1736111111111111
0 0.543359375 0.09861111111111111 0.03203125 0.10138888888888889
0 0.504296875 0.18333333333333332 0.046875 0.14583333333333334
0 0.34921875 0.06875 0.034375 0.07083333333333333
0 0.034765625 0.29791666666666666 0.0421875 0.12916666666666668
0 0.14921875 0.6604166666666667 0.05703125 0.18055555555555555
0 0.0953125 0.9284722222222223 0.0734375 0.14305555555555555
0 0.60859375 0.4361111111111111 0.05 0.1486111111111111
0 0.176953125 0.13472222222222222 0.0390625 0.10416666666666667
0 0.59375 0.12638888888888888 0.04453125 0.12638888888888888
0 0.303125 0.40208333333333335 0.0609375 0.15555555555555556
0 0.377734375 0.6236111111111111 0.05859375 0.18611111111111112
0 0.60625 0.1076388888888889 0.0375 0.13472222222222222
0 0.446484375 0.041666666666666664 0.02890625 0.07083333333333333
0 0.404296875 0.03888888888888889 0.03203125 0.043055555555555555
0 0.646875 0.025 0.03125 0.05
0 0.81640625 0.015277777777777777 0.028125 0.030555555555555555
0 0.292578125 0.30486111111111114 0.0390625 0.09444444444444444
0 0.41875 0.13333333333333333 0.03828125 0.12916666666666668
0 0.405078125 0.44375 0.0484375 0.15833333333333333
0 0.95546875 0.03333333333333333 0.0234375 0.06666666666666667
0 0.692578125 0.05277777777777778 0.03046875 0.10555555555555556
0 0.393359375 0.1388888888888889 0.0375 0.12777777777777777
0 0.44921875 0.12361111111111112 0.0390625 0.1111111111111111
0 0.627734375 0.034027777777777775 0.02578125 0.06805555555555555
0 0.222265625 0.6194444444444445 0.053125 0.1638888888888889
0 0.22734375 0.5409722222222222 0.02578125 0.058333333333333334
0 0.197265625 0.6069444444444444 0.05078125 0.15555555555555556
0 0.79609375 0.014583333333333334 0.028125 0.029166666666666667
0 0.115625 0.11180555555555556 0.028125 0.02638888888888889
0 0.066796875 0.12291666666666666 0.0265625 0.019444444444444445
0 0.251953125 0.5965277777777778 0.05859375 0.14583333333333334