0 0.641015625 0.225 0.0421875 0.14027777777777778
0 0.54921875 0.1625 0.03671875 0.12361111111111112
0 0.5484375 0.9118055555555555 0.0578125 0.16527777777777777
0 0.471484375 0.09236111111111112 0.03828125 0.12222222222222222
0 0.1453125 0.9395833333333333 0.0671875 0.12083333333333333
0 0.0203125 0.275 0.040625 0.11388888888888889
0 0.940234375 0.34305555555555556 0.05546875 0.16111111111111112
0 0.428515625 0.78125 0.0546875 0.17222222222222222
0 0.501953125 0.08958333333333333 0.02890625 0.10277777777777777
0 0.755078125 0.05138888888888889 0.03515625 0.10277777777777777
0 0.483203125 0.3909722222222222 0.04296875 0.15
0 0.2875 0.8972222222222223 0.059375 0.16944444444444445
0 0.559765625 0.7423611111111111 0.0671875 0.21388888888888888
0 0.461328125 0.029861111111111113 0.0296875 0.05555555555555555
0 0.4015625 0.041666666666666664 0.0265625 0.05138888888888889
0 0.658203125 0.6034722222222222 0.04609375 0.14583333333333334
0 0.373046875 0.3819444444444444 0.06015625 0.18055555555555555
0 0.42734375 0.03888888888888889 0.02578125 0.05694444444444444
0 0.698828125 0.04722222222222222 0.02890625 0.09444444444444444
0 0.6125 0.019444444444444445 0.028125 0.03888888888888889
0 0.359375 0.049305555555555554 0.021875 0.04861111111111111
0 0.340234375 0.0763888888888889 0.03359375 0.09583333333333334
0 0.531640625 0.2652777777777778 0.03046875 0.12638888888888888
0 0.098828125 0.25069444444444444 0.04609375 0.13333333333333333
0 0.629296875 0.04375 0.03359375 0.0875
0 0.578515625 0.02638888888888889 0.03046875 0.05277777777777778
0 0.221875 0.5826388888888889 0.05390625 0.15833333333333333
0 0.958203125 0.1111111111111111 0.05078125 0.2222222222222222
0 0.323046875 0.10069444444444445 0.03203125 0.10416666666666667
0 0.23203125 0.5076388888888889 0.0296875 0.07361111111111111
0 0.253515625 0.5694444444444444 0.0453125 0.13194444444444445
0 0.037890625 0.11458333333333333 0.025 0.03888888888888889
0 0.19140625 0.5722222222222222 0.04296875 0.14722222222222223
0 0.944921875 0.17083333333333334 0.034375 0.09722222222222222