0 0.90390625 0.8625 0.0828125 0.15138888888888888
0 0.676171875 0.39652777777777776 0.06015625 0.10972222222222222
0 0.54375 0.3993055555555556 0.07734375 0.14166666666666666
0 0.518359375 0.6465277777777778 0.09296875 0.16944444444444445
0 0.886328125 0.9423611111111111 0.08671875 0.11527777777777778
0 0.44296875 0.9395833333333333 0.103125 0.12083333333333333
0 0.564453125 0.07916666666666666 0.0625 0.11388888888888889
0 0.801953125 0.9208333333333333 0.09296875 0.15833333333333333
0 0.430078125 0.8465277777777778 0.09296875 0.16944444444444445
0 0.233984375 0.66875 0.08671875 0.15416666666666667
0 0.127734375 0.027777777777777776 0.10390625 0.05555555555555555
0 0.659765625 0.5201388888888889 0.0703125 0.12777777777777777
0 0.82578125 0.48055555555555557 0.06640625 0.12222222222222222
0 0.5140625 0.20625 0.06875 0.125
0 0.410546875 0.7791666666666667 0.0953125 0.175
0 0.60546875 0.39166666666666666 0.0875 0.1597222222222222
0 0.927734375 0.7416666666666667 0.071875 0.13055555555555556
0 0.965234375 0.8902777777777777 0.05625 0.10277777777777777
0 0.091796875 0.225 0.1125 0.20416666666666666
0 0.819921875 0.41458333333333336 0.05703125 0.10416666666666667
0 0.460546875 0.2513888888888889 0.08984375 0.1638888888888889
0 0.060546875 0.3388888888888889 0.11171875 0.2
0 0.684765625 0.18333333333333332 0.04765625 0.0875
0 0.380078125 0.25555555555555554 0.09765625 0.17777777777777778
0 0.746484375 0.3104166666666667 0.06171875 0.1125
0 0.76015625 0.32569444444444445 0.0609375 0.1111111111111111
0 0.6 0.12152777777777778 0.0640625 0.11805555555555555
0 0.9390625 0.7291666666666666 0.05078125 0.09166666666666666
0 0.6421875 0.19444444444444445 0.06484375 0.11805555555555555
0 0.941015625 0.6777777777777778 0.06015625 0.10972222222222222
0 0.746875 0.24722222222222223 0.03125 0.05416666666666667
0 0.6203125 0.16458333333333333 0.0640625 0.11805555555555555
0 0.91640625 0.96875 0.053125 0.0625
0 0.420703125 0.16805555555555557 0.06875 0.12361111111111112
0 0.315234375 0.13680555555555557 0.0390625 0.06944444444444445
0 0.925390625 0.6652777777777777 0.0578125 0.10555555555555556
0 0.26953125 0.1361111111111111 0.08125 0.15
0 0.282421875 0.1798611111111111 0.09140625 0.16666666666666666
0 0.3078125 0.225 0.090625 0.1638888888888889
0 0.8015625 0.34652777777777777 0.0328125 0.058333333333333334
0 0.791796875 0.37222222222222223 0.04453125 0.08194444444444444
0 0.78203125 0.3423611111111111 0.0375 0.06805555555555555