0 0.838671875 0.7076388888888889 0.046875 0.16944444444444445
0 0.579296875 0.7048611111111112 0.0484375 0.1763888888888889
0 0.6453125 0.7618055555555555 0.0484375 0.15555555555555556
0 0.496875 0.3138888888888889 0.03203125 0.13333333333333333
0 0.929296875 0.3013888888888889 0.040625 0.14027777777777778
0 0.92734375 0.21944444444444444 0.0359375 0.13472222222222222
0 0.613671875 0.10902777777777778 0.02734375 0.1111111111111111
0 0.381640625 0.17222222222222222 0.02734375 0.12083333333333333
0 0.822265625 0.5458333333333333 0.03984375 0.14722222222222223
0 0.921484375 0.5423611111111111 0.0515625 0.1638888888888889
0 0.565625 0.9388888888888889 0.0359375 0.11944444444444445
0 0.58828125 0.1625 0.02578125 0.10138888888888889
0 0.124609375 0.6694444444444444 0.05078125 0.18472222222222223
0 0.61953125 0.40069444444444446 0.03515625 0.13055555555555556
0 0.405859375 0.34375 0.03125 0.1375
0 0.89453125 0.11805555555555555 0.0328125 0.11388888888888889
0 0.53359375 0.23402777777777778 0.03515625 0.14027777777777778
0 0.024609375 0.11527777777777778 0.03046875 0.09583333333333334
0 0.978125 0.27569444444444446 0.0328125 0.13472222222222222
0 0.32109375 0.4111111111111111 0.0453125 0.15555555555555556
0 0.197265625 0.03819444444444445 0.0296875 0.07222222222222222
0 0.09375 0.8902777777777777 0.0625 0.17777777777777778
0 0.730078125 0.1 0.0234375 0.11805555555555555
0 0.370703125 0.46944444444444444 0.0375 0.1625
0 0.953125 0.01875 0.01953125 0.0375
0 0.851953125 0.09166666666666666 0.021875 0.10277777777777777
0 0.630859375 0.10208333333333333 0.02578125 0.12222222222222222
0 0.05859375 0.16597222222222222 0.0296875 0.12083333333333333
0 0.484375 0.07222222222222222 0.02265625 0.11388888888888889
0 0.68046875 0.044444444444444446 0.0234375 0.08888888888888889
0 0.875 0.07916666666666666 0.02109375 0.09583333333333334
0 0.663671875 0.07013888888888889 0.02265625 0.07222222222222222
0 0.428125 0.10833333333333334 0.02265625 0.11805555555555555
0 0.4578125 0.11388888888888889 0.028125 0.11805555555555555
0 0.5015625 0.06944444444444445 0.0234375 0.10833333333333334
0 0.314453125 0.30416666666666664 0.0375 0.10555555555555556
0 0.240234375 0.027777777777777776 0.01953125 0.05416666666666667
0 0.714453125 0.04375 0.02421875 0.0875
0 0.22421875 0.4673611111111111 0.0265625 0.059722222222222225
0 0.190625 0.51875 0.0359375 0.14305555555555555
0 0.991015625 0.17847222222222223 0.01796875 0.1
0 0.147265625 0.022222222222222223 0.02578125 0.044444444444444446
0 0.2203125 0.5375 0.04453125 0.15416666666666667
0 0.399609375 0.011805555555555555 0.02109375 0.02361111111111111
0 0.251953125 0.5243055555555556 0.03984375 0.13333333333333333
0 0.515625 0.018055555555555554 0.0265625 0.03611111111111111
0 0.13671875 0.025 0.03125 0.05
0 0.511328125 0.06736111111111111 0.03203125 0.11388888888888889
0 0.990234375 0.00625 0.0171875 0.0125