0 0.59296875 0.4083333333333333 0.0609375 0.1527777777777778
0 0.85546875 0.48055555555555557 0.059375 0.14722222222222223
0 0.933984375 0.76875 0.07578125 0.18472222222222223
0 0.52890625 0.059027777777777776 0.0453125 0.11805555555555555
0 0.294921875 0.4083333333333333 0.0640625 0.15694444444444444
0 0.67421875 0.27569444444444446 0.0484375 0.11944444444444445
0 0.47109375 0.07013888888888889 0.04609375 0.11805555555555555
0 0.07578125 0.54375 0.0984375 0.225
0 0.3640625 0.5381944444444444 0.0796875 0.19444444444444445
0 0.54921875 0.21805555555555556 0.0484375 0.12777777777777777
0 0.275390625 0.5527777777777778 0.07578125 0.1763888888888889
0 0.443359375 0.12291666666666666 0.053125 0.1361111111111111
0 0.635546875 0.4423611111111111 0.05 0.12638888888888888
0 0.480859375 0.5680555555555555 0.06875 0.16666666666666666
0 0.62421875 0.07291666666666667 0.03046875 0.05555555555555555
0 0.65078125 0.6444444444444445 0.0703125 0.1763888888888889
0 0.54765625 0.07152777777777777 0.04921875 0.125
0 0.93984375 0.5430555555555555 0.06875 0.16111111111111112
0 0.80078125 0.2569444444444444 0.0453125 0.12916666666666668
0 0.544921875 0.5340277777777778 0.05546875 0.15138888888888888
0 0.519140625 0.45625 0.07265625 0.1763888888888889
0 0.598046875 0.05625 0.0296875 0.058333333333333334
0 0.740234375 0.16666666666666666 0.03828125 0.08333333333333333
0 0.844921875 0.2152777777777778 0.04453125 0.05416666666666667
0 0.982421875 0.46805555555555556 0.03515625 0.12777777777777777
0 0.25390625 0.2743055555555556 0.0359375 0.07361111111111111
0 0.969921875 0.4513888888888889 0.05 0.11944444444444445
0 0.26484375 0.34791666666666665 0.0578125 0.14444444444444443
0 0.23515625 0.33958333333333335 0.07109375 0.16944444444444445
0 0.72109375 0.1486111111111111 0.03515625 0.07361111111111111
0 0.2109375 0.30486111111111114 0.0609375 0.15833333333333333
0 0.690234375 0.10416666666666667 0.0203125 0.027777777777777776
0 0.69765625 0.1423611111111111 0.03359375 0.07222222222222222