0 0.834375 0.5993055555555555 0.06015625 0.1763888888888889
0 0.934375 0.4722222222222222 0.05625 0.175
0 0.600390625 0.7215277777777778 0.05390625 0.18194444444444444
0 0.81171875 0.45416666666666666 0.0515625 0.1638888888888889
0 0.6125 0.3875 0.040625 0.12916666666666668
0 0.678515625 0.7138888888888889 0.05546875 0.1597222222222222
0 0.483203125 0.3034722222222222 0.040625 0.1361111111111111
0 0.56171875 0.13402777777777777 0.03359375 0.10694444444444444
0 0.39609375 0.38055555555555554 0.04140625 0.14305555555555555
0 0.358203125 0.21944444444444444 0.0375 0.13333333333333333
0 0.58984375 0.10277777777777777 0.03515625 0.125
0 0.155859375 0.11319444444444444 0.03359375 0.08611111111111111
0 0.903515625 0.20069444444444445 0.04921875 0.14583333333333334
0 0.863671875 0.04583333333333333 0.04140625 0.09166666666666666
0 0.115234375 0.9277777777777778 0.07109375 0.14444444444444443
0 0.954296875 0.17430555555555555 0.04296875 0.14444444444444443
0 0.6 0.9458333333333333 0.04140625 0.07916666666666666
0 0.0390625 0.2673611111111111 0.0390625 0.12638888888888888
0 0.141796875 0.70625 0.0578125 0.18055555555555555
0 0.5140625 0.21736111111111112 0.04453125 0.14722222222222223
0 0.696875 0.059027777777777776 0.0328125 0.11805555555555555
0 0.369140625 0.5222222222222223 0.05 0.17222222222222222
0 0.1984375 0.09513888888888888 0.03984375 0.07222222222222222
0 0.6046875 0.08611111111111111 0.03515625 0.13333333333333333
0 0.4578125 0.06944444444444445 0.0359375 0.125
0 0.651171875 0.029861111111111113 0.02890625 0.059722222222222225
0 0.42734375 0.12986111111111112 0.0359375 0.12777777777777777
0 0.309765625 0.42569444444444443 0.06015625 0.15694444444444444
0 0.68515625 0.025 0.03125 0.05
0 0.301953125 0.3298611111111111 0.04140625 0.1
0 0.467578125 0.020833333333333332 0.0375 0.041666666666666664
0 0.116015625 0.10069444444444445 0.0265625 0.04583333333333333
0 0.366015625 0.043055555555555555 0.03046875 0.04027777777777778
0 0.22421875 0.5284722222222222 0.02890625 0.0625
0 0.470703125 0.08888888888888889 0.0296875 0.1111111111111111
0 0.4015625 0.12777777777777777 0.03515625 0.12777777777777777
0 0.834375 0.029861111111111113 0.0328125 0.059722222222222225
0 0.19375 0.5854166666666667 0.04453125 0.15
0 0.22421875 0.5993055555555555 0.053125 0.1625
0 0.89765625 0.10833333333333334 0.0453125 0.12777777777777777
0 0.965625 0.06111111111111111 0.02265625 0.1111111111111111
0 0.25546875 0.5784722222222223 0.05234375 0.14305555555555555
0 0.63359375 0.04097222222222222 0.02578125 0.06944444444444445
0 0.819140625 0.03333333333333333 0.02734375 0.06666666666666667
0 0.476953125 0.07708333333333334 0.04140625 0.1486111111111111