0 0.623046875 0.3958333333333333 0.03984375 0.125
0 0.57734375 0.35 0.0390625 0.1388888888888889
0 0.96015625 0.5645833333333333 0.05625 0.16666666666666666
0 0.491796875 0.5888888888888889 0.046875 0.15833333333333333
0 0.285546875 0.5236111111111111 0.0421875 0.14027777777777778
0 0.3734375 0.5881944444444445 0.0625 0.19722222222222222
0 0.460546875 0.059027777777777776 0.02890625 0.11666666666666667
0 0.503125 0.2152777777777778 0.0328125 0.12222222222222222
0 0.287890625 0.6944444444444444 0.053125 0.18472222222222223
0 0.385546875 0.15625 0.034375 0.13194444444444445
0 0.5234375 0.030555555555555555 0.0296875 0.06111111111111111
0 0.4046875 0.09861111111111111 0.0296875 0.11527777777777778
0 0.66875 0.5354166666666667 0.04609375 0.15416666666666667
0 0.50703125 0.46319444444444446 0.0484375 0.15833333333333333
0 0.251171875 0.0375 0.02890625 0.075
0 0.100390625 0.7666666666666667 0.0640625 0.19027777777777777
0 0.633203125 0.18958333333333333 0.03515625 0.11805555555555555
0 0.83828125 0.2965277777777778 0.04140625 0.14305555555555555
0 0.930859375 0.3347222222222222 0.05234375 0.15833333333333333
0 0.55625 0.03263888888888889 0.02578125 0.05416666666666667
0 0.480859375 0.059722222222222225 0.03359375 0.11944444444444445
0 0.145703125 0.04236111111111111 0.03828125 0.08472222222222223
0 0.5515625 0.4875 0.0328125 0.14027777777777778
0 0.406640625 0.013888888888888888 0.02109375 0.027777777777777776
0 0.75078125 0.11944444444444445 0.03046875 0.12638888888888888
0 0.802734375 0.06180555555555556 0.03046875 0.0375
0 0.676953125 0.06180555555555556 0.0328125 0.0763888888888889
0 0.069921875 0.08819444444444445 0.0359375 0.125
0 0.228515625 0.4041666666666667 0.0265625 0.06527777777777778
0 0.966796875 0.2375 0.0421875 0.13333333333333333
0 0.94921875 0.23125 0.0375 0.1111111111111111
0 0.0125 0.5340277777777778 0.025 0.12361111111111112
0 0.25078125 0.4708333333333333 0.0390625 0.1375
0 0.220703125 0.4798611111111111 0.0484375 0.15555555555555556
0 0.191796875 0.45416666666666666 0.0390625 0.1486111111111111
0 0.655078125 0.059722222222222225 0.03125 0.07916666666666666
0 0.63359375 0.06041666666666667 0.02578125 0.07083333333333333