0 0.42421875 0.1701388888888889 0.06640625 0.12083333333333333
0 0.0375 0.81875 0.0703125 0.12777777777777777
0 0.34453125 0.20555555555555555 0.0640625 0.11666666666666667
0 0.45625 0.4395833333333333 0.0796875 0.14583333333333334
0 0.673046875 0.4284722222222222 0.0828125 0.15138888888888888
0 0.687109375 0.7861111111111111 0.08359375 0.15
0 0.6390625 0.64375 0.115625 0.2111111111111111
0 0.367578125 0.1701388888888889 0.05546875 0.10138888888888889
0 0.519140625 0.12013888888888889 0.078125 0.14305555555555555
0 0.5234375 0.7881944444444444 0.096875 0.1763888888888889
0 0.348046875 0.5326388888888889 0.09375 0.17083333333333334
0 0.851953125 0.5395833333333333 0.078125 0.1375
0 0.316796875 0.15625 0.03984375 0.07083333333333333
0 0.09765625 0.7243055555555555 0.08046875 0.14722222222222223
0 0.45078125 0.016666666666666666 0.059375 0.03333333333333333
0 0.4265625 0.008333333333333333 0.040625 0.016666666666666666
0 0.44296875 0.2638888888888889 0.06171875 0.11388888888888889
0 0.013671875 0.6527777777777778 0.02734375 0.06666666666666667
0 0.269140625 0.22847222222222222 0.03046875 0.05555555555555555
0 0.226171875 0.3159722222222222 0.04375 0.07916666666666666
0 0.302734375 0.8548611111111111 0.08984375 0.1625
0 0.28671875 0.2 0.03125 0.05555555555555555
0 0.23984375 0.34791666666666665 0.0515625 0.09305555555555556
0 0.2375 0.2777777777777778 0.0265625 0.04861111111111111
0 0.40390625 0.034722222222222224 0.0484375 0.06944444444444445
0 0.28671875 0.7847222222222222 0.04296875 0.07777777777777778
0 0.321875 0.8111111111111111 0.075 0.1375
0 0.234375 0.2826388888888889 0.028125 0.05
0 0.05078125 0.93125 0.05234375 0.09722222222222222
0 0.274609375 0.8791666666666667 0.078125 0.14305555555555555
0 0.396484375 0.05416666666666667 0.03984375 0.07222222222222222
0 0.39140625 0.058333333333333334 0.0390625 0.07083333333333333