0 0.432421875 0.8298611111111112 0.084375 0.19166666666666668
0 0.597265625 0.10555555555555556 0.0515625 0.11944444444444445
0 0.691015625 0.43819444444444444 0.06328125 0.1527777777777778
0 0.615625 0.66875 0.06328125 0.14166666666666666
0 0.852734375 0.37777777777777777 0.05703125 0.1361111111111111
0 0.63046875 0.28194444444444444 0.05546875 0.1361111111111111
0 0.521875 0.34930555555555554 0.06015625 0.14583333333333334
0 0.342578125 0.75 0.08125 0.19444444444444445
0 0.207421875 0.7673611111111112 0.07578125 0.125
0 0.548828125 0.03194444444444444 0.03671875 0.06388888888888888
0 0.482421875 0.035416666666666666 0.04921875 0.07083333333333333
0 0.626171875 0.1326388888888889 0.0421875 0.10416666666666667
0 0.22421875 0.59375 0.07578125 0.1736111111111111
0 0.0546875 0.4986111111111111 0.08828125 0.19444444444444445
0 0.926171875 0.7131944444444445 0.06875 0.14722222222222223
0 0.407421875 0.32430555555555557 0.084375 0.19583333333333333
0 0.494921875 0.6888888888888889 0.08671875 0.20277777777777778
0 0.44375 0.018055555555555554 0.0484375 0.03611111111111111
0 0.80546875 0.28541666666666665 0.04609375 0.12361111111111112
0 0.505859375 0.017361111111111112 0.04140625 0.034722222222222224
0 0.56953125 0.041666666666666664 0.034375 0.07222222222222222
0 0.73125 0.22152777777777777 0.05390625 0.12916666666666668
0 0.598046875 0.05347222222222222 0.03203125 0.05555555555555555
0 0.5859375 0.36180555555555555 0.04921875 0.13055555555555556
0 0.977734375 0.5902777777777778 0.04453125 0.13055555555555556
0 0.98515625 0.3625 0.0296875 0.06111111111111111
0 0.70625 0.1527777777777778 0.03515625 0.0763888888888889
0 0.740234375 0.1701388888888889 0.0328125 0.0625
0 0.984765625 0.6097222222222223 0.03046875 0.15
0 0.2375 0.3173611111111111 0.07578125 0.17083333333333334
0 0.2671875 0.25833333333333336 0.03671875 0.075
0 0.215625 0.27291666666666664 0.0703125 0.16111111111111112
0 0.26796875 0.33194444444444443 0.06640625 0.15138888888888888
0 0.91796875 0.7506944444444444 0.040625 0.07083333333333333
0 0.6859375 0.15694444444444444 0.03046875 0.059722222222222225