0 0.543359375 0.25416666666666665 0.06015625 0.12638888888888888
0 0.45390625 0.76875 0.09921875 0.20555555555555555
0 0.5296875 0.34930555555555554 0.0703125 0.15138888888888888
0 0.726171875 0.044444444444444446 0.06953125 0.08888888888888889
0 0.515234375 0.14097222222222222 0.05625 0.12083333333333333
0 0.50234375 0.5354166666666667 0.075 0.16111111111111112
0 0.669921875 0.44305555555555554 0.0875 0.18888888888888888
0 0.8671875 0.05625 0.0828125 0.1125
0 0.259375 0.21388888888888888 0.03984375 0.08055555555555556
0 0.32109375 0.20347222222222222 0.0546875 0.12083333333333333
0 0.401171875 0.2388888888888889 0.05546875 0.12638888888888888
0 0.323828125 0.6951388888888889 0.07109375 0.1527777777777778
0 0.299609375 0.30416666666666664 0.05625 0.12361111111111112
0 0.48671875 0.42083333333333334 0.08125 0.17222222222222222
0 0.306640625 0.37430555555555556 0.06171875 0.1361111111111111
0 0.340234375 0.18611111111111112 0.05625 0.12361111111111112
0 0.369140625 0.8125 0.08125 0.17083333333333334
0 0.1203125 0.4125 0.05625 0.1125
0 0.558203125 0.5034722222222222 0.0625 0.14444444444444443
0 0.053515625 0.4673611111111111 0.06640625 0.1375
0 0.023828125 0.6159722222222223 0.04765625 0.13472222222222222
0 0.43515625 0.018055555555555554 0.0296875 0.03611111111111111
0 0.249609375 0.7145833333333333 0.04453125 0.0875
0 0.36171875 0.08541666666666667 0.02734375 0.04861111111111111
0 0.268359375 0.7784722222222222 0.07890625 0.16527777777777777
0 0.286328125 0.7409722222222223 0.0640625 0.1388888888888889
0 0.377734375 0.06597222222222222 0.02421875 0.043055555555555555
0 0.235546875 0.7888888888888889 0.0703125 0.1527777777777778
0 0.396875 0.03958333333333333 0.01953125 0.03333333333333333
0 0.484765625 0.009722222222222222 0.04609375 0.019444444444444445
0 0.463671875 0.02013888888888889 0.04296875 0.04027777777777778