0 0.8515625 0.36875 0.090625 0.19027777777777777
0 0.572265625 0.3 0.06640625 0.14027777777777778
0 0.626171875 0.6020833333333333 0.09375 0.1986111111111111
0 0.483984375 0.06111111111111111 0.05625 0.12083333333333333
0 0.477734375 0.12986111111111112 0.0515625 0.1111111111111111
0 0.442578125 0.3423611111111111 0.06640625 0.14444444444444443
0 0.682421875 0.8159722222222222 0.06640625 0.1375
0 0.701171875 0.5909722222222222 0.08203125 0.17222222222222222
0 0.303125 0.3263888888888889 0.0578125 0.12777777777777777
0 0.22734375 0.9458333333333333 0.096875 0.10833333333333334
0 0.3734375 0.45069444444444445 0.065625 0.14444444444444443
0 0.872265625 0.15069444444444444 0.090625 0.18611111111111112
0 0.79140625 0.24583333333333332 0.078125 0.16527777777777777
0 0.451953125 0.2388888888888889 0.071875 0.15416666666666667
0 0.380859375 0.5847222222222223 0.075 0.16527777777777777
0 0.109375 0.37569444444444444 0.04609375 0.08888888888888889
0 0.322265625 0.5895833333333333 0.0796875 0.16666666666666666
0 0.51484375 0.011805555555555555 0.04375 0.02361111111111111
0 0.02734375 0.6173611111111111 0.0546875 0.13194444444444445
0 0.49609375 0.052083333333333336 0.059375 0.10416666666666667
0 0.3765625 0.12916666666666668 0.05 0.1111111111111111
0 0.362890625 0.1486111111111111 0.053125 0.11944444444444445
0 0.323828125 0.23055555555555557 0.05390625 0.12083333333333333
0 0.141015625 0.33055555555555555 0.03203125 0.0625
0 0.351953125 0.2076388888888889 0.05703125 0.125
0 0.254296875 0.7236111111111111 0.03984375 0.075
0 0.283984375 0.5013888888888889 0.06171875 0.12222222222222222
0 0.240234375 0.7986111111111112 0.07265625 0.15555555555555556
0 0.059375 0.41388888888888886 0.034375 0.06111111111111111
0 0.27109375 0.7875 0.08359375 0.1736111111111111
0 0.27265625 0.1736111111111111 0.02421875 0.03888888888888889
0 0.294140625 0.7472222222222222 0.071875 0.15
0 0.050390625 0.4263888888888889 0.040625 0.07083333333333333
0 0.375 0.07083333333333333 0.02890625 0.05