0 0.948828125 0.3576388888888889 0.0453125 0.13194444444444445
0 0.50859375 0.34652777777777777 0.04609375 0.14027777777777778
0 0.591796875 0.8131944444444444 0.05546875 0.1597222222222222
0 0.831640625 0.8645833333333334 0.065625 0.1763888888888889
0 0.83203125 0.7125 0.0609375 0.18055555555555555
0 0.93046875 0.2520833333333333 0.04296875 0.12916666666666668
0 0.616015625 0.20972222222222223 0.034375 0.10833333333333334
0 0.95234375 0.45902777777777776 0.053125 0.14722222222222223
0 0.0984375 0.6159722222222223 0.0671875 0.19305555555555556
0 0.414453125 0.11527777777777778 0.040625 0.13055555555555556
0 0.90234375 0.6048611111111111 0.05859375 0.1736111111111111
0 0.56015625 0.6680555555555555 0.0578125 0.18333333333333332
0 0.076953125 0.7902777777777777 0.0734375 0.1986111111111111
0 0.5171875 0.8902777777777777 0.0484375 0.16944444444444445
0 0.65078125 0.12430555555555556 0.04140625 0.11805555555555555
0 0.640625 0.39305555555555555 0.0453125 0.13333333333333333
0 0.38046875 0.38333333333333336 0.05078125 0.1625
0 0.55703125 0.275 0.05078125 0.15138888888888888
0 0.7640625 0.16458333333333333 0.0359375 0.12916666666666668
0 0.41953125 0.2777777777777778 0.04296875 0.1375
0 0.745703125 0.11527777777777778 0.034375 0.10555555555555556
0 0.521484375 0.08333333333333333 0.034375 0.11944444444444445
0 0.98984375 0.4486111111111111 0.0203125 0.14444444444444443
0 0.59453125 0.03888888888888889 0.03046875 0.043055555555555555
0 0.464453125 0.08819444444444445 0.034375 0.12361111111111112
0 0.333203125 0.2763888888888889 0.04765625 0.10555555555555556
0 0.328125 0.38819444444444445 0.06796875 0.17916666666666667
0 0.9140625 0.19930555555555557 0.0328125 0.1111111111111111
0 0.49453125 0.10277777777777777 0.040625 0.12777777777777777
0 0.19453125 0.42777777777777776 0.04453125 0.15
0 0.594140625 0.9861111111111112 0.05859375 0.027777777777777776
0 0.98828125 0.14791666666666667 0.0234375 0.04027777777777778
0 0.5484375 0.06041666666666667 0.0328125 0.10972222222222222
0 0.71171875 0.09027777777777778 0.0296875 0.07777777777777778
0 0.232421875 0.3861111111111111 0.03046875 0.06388888888888888
0 0.2203125 0.45625 0.05546875 0.1625
0 0.253125 0.4527777777777778 0.05078125 0.14027777777777778
0 0.0953125 0.05486111111111111 0.04375 0.10972222222222222
0 0.012109375 0.40347222222222223 0.02421875 0.15138888888888888
0 0.66875 0.10347222222222222 0.0328125 0.10277777777777777
0 0.8953125 0.20277777777777778 0.03203125 0.10833333333333334
0 0.0921875 0.018055555555555554 0.0375 0.03611111111111111
0 0.7 0.12430555555555556 0.021875 0.05555555555555555
0 0.693359375 0.09583333333333334 0.025 0.05277777777777778