0 0.59921875 0.2743055555555556 0.02734375 0.10694444444444444
0 0.490625 0.46875 0.0359375 0.14027777777777778
0 0.85546875 0.3541666666666667 0.03671875 0.15
0 0.533203125 0.9625 0.05625 0.075
0 0.93203125 0.9034722222222222 0.06171875 0.1763888888888889
0 0.568359375 0.4652777777777778 0.0375 0.15
0 0.0640625 0.9604166666666667 0.06328125 0.07916666666666666
0 0.91015625 0.17152777777777778 0.04921875 0.20416666666666666
0 0.729296875 0.09166666666666666 0.0203125 0.12361111111111112
0 0.384375 0.18958333333333333 0.028125 0.11527777777777778
0 0.653125 0.7173611111111111 0.046875 0.18888888888888888
0 0.938671875 0.36736111111111114 0.0421875 0.1527777777777778
0 0.37734375 0.05694444444444444 0.025 0.10277777777777777
0 0.540234375 0.6416666666666667 0.028125 0.14583333333333334
0 0.3015625 0.5736111111111111 0.04296875 0.14444444444444443
0 0.38046875 0.79375 0.053125 0.2125
0 0.370703125 0.2708333333333333 0.0328125 0.1375
0 0.522265625 0.3625 0.03828125 0.1486111111111111
0 0.05390625 0.675 0.05 0.18611111111111112
0 0.490234375 0.15138888888888888 0.0234375 0.11944444444444445
0 0.598046875 0.034027777777777775 0.034375 0.06805555555555555
0 0.621484375 0.24930555555555556 0.028125 0.11527777777777778
0 0.428125 0.09444444444444444 0.02421875 0.11944444444444445
0 0.05390625 0.15694444444444444 0.0328125 0.11805555555555555
0 0.67421875 0.04722222222222222 0.02578125 0.09166666666666666
0 0.302734375 0.45069444444444445 0.034375 0.13472222222222222
0 0.45703125 0.10138888888888889 0.02890625 0.125
0 0.223046875 0.45555555555555555 0.025 0.05694444444444444
0 0.647265625 0.04375 0.021875 0.0875
0 0.989453125 0.28125 0.02109375 0.12638888888888888
0 0.18984375 0.5090277777777777 0.03359375 0.1375
0 0.12578125 0.04722222222222222 0.0296875 0.09444444444444444
0 0.537109375 0.022222222222222223 0.021875 0.044444444444444446
0 0.151953125 0.08194444444444444 0.02734375 0.09444444444444444
0 0.219140625 0.5298611111111111 0.0390625 0.14722222222222223
0 0.248828125 0.5166666666666667 0.03359375 0.12916666666666668
0 0.991796875 0.021527777777777778 0.01640625 0.041666666666666664
0 0.946484375 0.011111111111111112 0.02109375 0.020833333333333332
0 0.988671875 0.4826388888888889 0.02265625 0.14166666666666666
0 0.50078125 0.011805555555555555 0.0203125 0.02361111111111111
0 0.626953125 0.0375 0.02265625 0.06666666666666667