0 0.5875 0.17430555555555555 0.02734375 0.10138888888888889
0 0.49453125 0.33055555555555555 0.034375 0.13333333333333333
0 0.939453125 0.31319444444444444 0.03828125 0.1375
0 0.92890625 0.2263888888888889 0.03515625 0.13194444444444445
0 0.57734375 0.6659722222222222 0.04296875 0.16111111111111112
0 0.62890625 0.7673611111111112 0.0421875 0.14305555555555555
0 0.834375 0.5784722222222223 0.04453125 0.15
0 0.84765625 0.7472222222222222 0.0484375 0.18055555555555555
0 0.103125 0.9041666666666667 0.059375 0.17083333333333334
0 0.61640625 0.09930555555555555 0.0328125 0.11388888888888889
0 0.11796875 0.7027777777777777 0.04921875 0.18194444444444444
0 0.383984375 0.15625 0.0265625 0.11666666666666667
0 0.899609375 0.12430555555555556 0.0328125 0.11666666666666667
0 0.915234375 0.5027777777777778 0.04375 0.15416666666666667
0 0.212890625 0.029861111111111113 0.03046875 0.059722222222222225
0 0.4046875 0.32013888888888886 0.03125 0.13194444444444445
0 0.556640625 0.9173611111111111 0.03671875 0.1638888888888889
0 0.53515625 0.25069444444444444 0.03671875 0.14444444444444443
0 0.37109375 0.45069444444444445 0.03828125 0.16527777777777777
0 0.0359375 0.11041666666666666 0.025 0.09861111111111111
0 0.730859375 0.09791666666666667 0.025 0.11944444444444445
0 0.982421875 0.3076388888888889 0.034375 0.11666666666666667
0 0.622265625 0.37777777777777777 0.03359375 0.12916666666666668
0 0.321484375 0.42916666666666664 0.04296875 0.14722222222222223
0 0.6640625 0.06458333333333334 0.02265625 0.0763888888888889
0 0.991015625 0.18958333333333333 0.01796875 0.10833333333333334
0 0.955078125 0.017361111111111112 0.02109375 0.034722222222222224
0 0.4828125 0.07708333333333334 0.02109375 0.10833333333333334
0 0.50625 0.0625 0.02421875 0.10833333333333334
0 0.051953125 0.16458333333333333 0.03984375 0.1361111111111111
0 0.141015625 0.02847222222222222 0.03046875 0.05694444444444444
0 0.876953125 0.08958333333333333 0.025 0.11527777777777778
0 0.428125 0.10694444444444444 0.02265625 0.11666666666666667
0 0.5359375 0.01875 0.0359375 0.0375
0 0.459765625 0.1125 0.028125 0.11805555555555555
0 0.678125 0.04513888888888889 0.01953125 0.09027777777777778
0 0.315625 0.31666666666666665 0.0359375 0.09722222222222222
0 0.225 0.4618055555555556 0.02578125 0.06111111111111111
0 0.711328125 0.05 0.02578125 0.09722222222222222
0 0.248828125 0.020833333333333332 0.02265625 0.041666666666666664
0 0.19140625 0.5173611111111112 0.03359375 0.14444444444444443
0 0.2515625 0.5236111111111111 0.04140625 0.13055555555555556
0 0.8578125 0.09097222222222222 0.0203125 0.1111111111111111
0 0.2203125 0.5361111111111111 0.04453125 0.15416666666666667
0 0.63203125 0.05555555555555555 0.025 0.06388888888888888
0 0.628125 0.075 0.02578125 0.1
0 0.994140625 0.010416666666666666 0.01171875 0.019444444444444445
0 0.403125 0.005555555555555556 0.01953125 0.011111111111111112
0 0.911328125 0.5506944444444445 0.0375 0.07361111111111111