0 0.930859375 0.23472222222222222 0.03515625 0.12361111111111112
0 0.494921875 0.3458333333333333 0.03515625 0.13194444444444445
0 0.618359375 0.7840277777777778 0.04296875 0.15
0 0.859765625 0.7680555555555556 0.0515625 0.1638888888888889
0 0.846484375 0.6173611111111111 0.046875 0.16944444444444445
0 0.903515625 0.13541666666666666 0.0328125 0.12222222222222222
0 0.5890625 0.18125 0.02578125 0.10277777777777777
0 0.943359375 0.33402777777777776 0.04140625 0.1375
0 0.113671875 0.7263888888888889 0.0515625 0.18055555555555555
0 0.381640625 0.14375 0.03046875 0.12361111111111112
0 0.906640625 0.49166666666666664 0.04453125 0.1638888888888889
0 0.57421875 0.6493055555555556 0.04296875 0.1736111111111111
0 0.1078125 0.9041666666666667 0.0578125 0.18472222222222223
0 0.551171875 0.8805555555555555 0.034375 0.1625
0 0.616015625 0.08680555555555555 0.03203125 0.1111111111111111
0 0.6296875 0.35555555555555557 0.034375 0.125
0 0.371875 0.41805555555555557 0.0375 0.15416666666666667
0 0.53671875 0.26180555555555557 0.03828125 0.14305555555555555
0 0.73125 0.09513888888888888 0.025 0.12361111111111112
0 0.22109375 0.025694444444444443 0.028125 0.05138888888888889
0 0.40078125 0.30277777777777776 0.03203125 0.13055555555555556
0 0.139453125 0.02847222222222222 0.03203125 0.05694444444444444
0 0.708984375 0.05138888888888889 0.02578125 0.1
0 0.484375 0.08263888888888889 0.025 0.11388888888888889
0 0.9875 0.3111111111111111 0.025 0.1388888888888889
0 0.552734375 0.018055555555555554 0.02734375 0.03611111111111111
0 0.990234375 0.20347222222222222 0.01953125 0.11666666666666667
0 0.428515625 0.10347222222222222 0.02421875 0.11805555555555555
0 0.315625 0.32569444444444445 0.03984375 0.09583333333333334
0 0.3203125 0.4375 0.05390625 0.16666666666666666
0 0.882421875 0.08819444444444445 0.0234375 0.10555555555555556
0 0.459765625 0.10902777777777778 0.03046875 0.12083333333333333
0 0.191796875 0.5138888888888888 0.03203125 0.14305555555555555
0 0.6375 0.9736111111111111 0.0546875 0.05277777777777778
0 0.953515625 0.016666666666666666 0.025 0.03333333333333333
0 0.508984375 0.052083333333333336 0.02421875 0.10416666666666667
0 0.258984375 0.01597222222222222 0.0203125 0.03194444444444444
0 0.673046875 0.03611111111111111 0.0234375 0.07222222222222222
0 0.22578125 0.4618055555555556 0.02578125 0.05694444444444444
0 0.219921875 0.5347222222222222 0.0421875 0.1527777777777778
0 0.251953125 0.5222222222222223 0.03984375 0.13055555555555556
0 0.059375 0.1486111111111111 0.03046875 0.1527777777777778
0 0.0078125 0.5416666666666666 0.015625 0.1486111111111111
0 0.631640625 0.06180555555555556 0.02421875 0.09722222222222222
0 0.994921875 0.011111111111111112 0.01015625 0.020833333333333332
0 0.864453125 0.09652777777777778 0.0234375 0.10277777777777777
0 0.051953125 0.10555555555555556 0.0296875 0.09444444444444444
0 0.664453125 0.07361111111111111 0.0171875 0.05138888888888889
0 0.65546875 0.04722222222222222 0.02109375 0.04722222222222222
0 0.009375 0.006944444444444444 0.01796875 0.0125