0 0.615234375 0.2125 0.0640625 0.12916666666666668
0 0.5328125 0.9381944444444444 0.08125 0.12361111111111112
0 0.746875 0.3854166666666667 0.06328125 0.12916666666666668
0 0.678125 0.23819444444444443 0.0609375 0.12361111111111112
0 0.9515625 0.6145833333333334 0.071875 0.14027777777777778
0 0.992578125 0.6506944444444445 0.01484375 0.12916666666666668
0 0.85859375 0.9590277777777778 0.09375 0.08194444444444444
0 0.487109375 0.18472222222222223 0.07890625 0.15833333333333333
0 0.796875 0.29444444444444445 0.0390625 0.07361111111111111
0 0.494140625 0.5145833333333333 0.07734375 0.16111111111111112
0 0.824609375 0.39375 0.05703125 0.12222222222222222
0 0.986328125 0.7256944444444444 0.02734375 0.13194444444444445
0 0.85859375 0.3909722222222222 0.04921875 0.09861111111111111
0 0.391796875 0.47430555555555554 0.08359375 0.17083333333333334
0 0.509375 0.88125 0.0984375 0.20277777777777778
0 0.978125 0.6208333333333333 0.04375 0.13333333333333333
0 0.6390625 0.24722222222222223 0.05390625 0.10972222222222222
0 0.404296875 0.9020833333333333 0.09921875 0.18472222222222223
0 0.651953125 0.13819444444444445 0.05625 0.1111111111111111
0 0.769140625 0.2652777777777778 0.03828125 0.075
0 0.643359375 0.29375 0.0546875 0.11388888888888889
0 0.740234375 0.23194444444444445 0.0421875 0.08194444444444444
0 0.584765625 0.07430555555555556 0.0421875 0.09166666666666666
0 0.959375 0.8493055555555555 0.05703125 0.12222222222222222
0 0.722265625 0.2222222222222222 0.03671875 0.07361111111111111
0 0.291015625 0.25555555555555554 0.0703125 0.14027777777777778
0 0.26328125 0.22708333333333333 0.08671875 0.175
0 0.245703125 0.18263888888888888 0.07890625 0.1597222222222222
0 0.067578125 0.10347222222222222 0.07578125 0.15416666666666667
0 0.29296875 0.18263888888888888 0.03359375 0.06388888888888888
0 0.675390625 0.12291666666666666 0.021875 0.0375
0 0.652734375 0.09583333333333334 0.0203125 0.03611111111111111
0 0.7203125 0.21458333333333332 0.03515625 0.07222222222222222
0 0.58828125 0.059722222222222225 0.03125 0.06666666666666667
0 0.67890625 0.12777777777777777 0.021875 0.0375