0 0.7875 0.10416666666666667 0.03203125 0.125
0 0.649609375 0.6847222222222222 0.0484375 0.15
0 0.666796875 0.24166666666666667 0.03359375 0.13055555555555556
0 0.5765625 0.16319444444444445 0.0296875 0.11944444444444445
0 0.50703125 0.09722222222222222 0.03203125 0.1111111111111111
0 0.12109375 0.8986111111111111 0.06484375 0.15416666666666667
0 0.493359375 0.40347222222222223 0.03515625 0.14166666666666666
0 0.519921875 0.9458333333333333 0.05703125 0.10833333333333334
0 0.3984375 0.7173611111111111 0.04375 0.175
0 0.949609375 0.48194444444444445 0.0484375 0.15416666666666667
0 0.045703125 0.14097222222222222 0.0390625 0.11388888888888889
0 0.674609375 0.0625 0.028125 0.09861111111111111
0 0.5375 0.10277777777777777 0.025 0.09861111111111111
0 0.53984375 0.7805555555555556 0.05625 0.18888888888888888
0 0.724609375 0.9458333333333333 0.06328125 0.10833333333333334
0 0.73984375 0.09375 0.0265625 0.125
0 0.246484375 0.8847222222222222 0.05234375 0.18472222222222223
0 0.380078125 0.32569444444444445 0.0515625 0.17083333333333334
0 0.507421875 0.027083333333333334 0.02890625 0.05416666666666667
0 0.978125 0.20694444444444443 0.04375 0.14166666666666666
0 0.655859375 0.04097222222222222 0.02578125 0.06388888888888888
0 0.380859375 0.021527777777777778 0.02421875 0.043055555555555555
0 0.55234375 0.2569444444444444 0.02578125 0.12361111111111112
0 0.3828125 0.05555555555555555 0.03125 0.09861111111111111
0 0.12890625 0.15486111111111112 0.04375 0.14027777777777778
0 0.46796875 0.02013888888888889 0.0203125 0.04027777777777778
0 0.219921875 0.49930555555555556 0.046875 0.15138888888888888
0 0.445703125 0.016666666666666666 0.01796875 0.03333333333333333
0 0.976171875 0.041666666666666664 0.0421875 0.027777777777777776
0 0.40234375 0.014583333333333334 0.0171875 0.029166666666666667
0 0.238671875 0.43333333333333335 0.03203125 0.06666666666666667
0 0.62109375 0.04583333333333333 0.028125 0.07916666666666666
0 0.01171875 0.2534722222222222 0.01484375 0.09166666666666666
0 0.248828125 0.4840277777777778 0.03984375 0.13333333333333333
0 0.982421875 0.28680555555555554 0.03515625 0.12361111111111112
0 0.189453125 0.4826388888888889 0.03515625 0.1388888888888889
0 0.798046875 0.9916666666666667 0.05390625 0.016666666666666666
0 0.98359375 0.24513888888888888 0.0328125 0.20416666666666666
0 0.99375 0.2972222222222222 0.0125 0.125
0 0.605859375 0.04861111111111111 0.02421875 0.07916666666666666
0 0.6 0.04652777777777778 0.02421875 0.07916666666666666