0 0.84921875 0.35694444444444445 0.090625 0.1875
0 0.628125 0.5993055555555555 0.09375 0.19583333333333333
0 0.701171875 0.5854166666666667 0.0875 0.17777777777777778
0 0.441796875 0.3451388888888889 0.0671875 0.14305555555555555
0 0.4796875 0.06111111111111111 0.05625 0.11944444444444445
0 0.301953125 0.3333333333333333 0.059375 0.12777777777777777
0 0.787109375 0.23541666666666666 0.07734375 0.1625
0 0.869921875 0.1388888888888889 0.09296875 0.1875
0 0.686328125 0.8104166666666667 0.06640625 0.13472222222222222
0 0.47421875 0.13055555555555556 0.05234375 0.10972222222222222
0 0.23203125 0.9472222222222222 0.0984375 0.10555555555555556
0 0.571875 0.3034722222222222 0.06875 0.14444444444444443
0 0.3734375 0.45625 0.0671875 0.14583333333333334
0 0.44921875 0.24305555555555555 0.071875 0.15138888888888888
0 0.321875 0.5930555555555556 0.08515625 0.175
0 0.10546875 0.39375 0.046875 0.08888888888888889
0 0.38125 0.5958333333333333 0.08046875 0.1736111111111111
0 0.491796875 0.05138888888888889 0.05859375 0.10277777777777777
0 0.028125 0.6319444444444444 0.05625 0.13055555555555556
0 0.359375 0.15208333333333332 0.053125 0.11805555555555555
0 0.51015625 0.011111111111111112 0.040625 0.022222222222222223
0 0.322265625 0.23541666666666666 0.0546875 0.12083333333333333
0 0.34921875 0.2125 0.059375 0.12638888888888888
0 0.373046875 0.13333333333333333 0.05234375 0.11388888888888889
0 0.284375 0.5090277777777777 0.06328125 0.125
0 0.1390625 0.34444444444444444 0.0328125 0.06388888888888888
0 0.25625 0.7319444444444444 0.040625 0.075
0 0.243359375 0.8076388888888889 0.0734375 0.15555555555555556
0 0.05859375 0.4270833333333333 0.03515625 0.0625
0 0.273828125 0.7951388888888888 0.08359375 0.17222222222222222
0 0.26953125 0.18055555555555555 0.025 0.04027777777777778
0 0.296875 0.7541666666666667 0.0734375 0.15
0 0.36953125 0.0763888888888889 0.03359375 0.05555555555555555
0 0.050390625 0.4395833333333333 0.04140625 0.07222222222222222
0 0.38046875 0.12222222222222222 0.0609375 0.12638888888888888