0 0.7796875 0.08680555555555555 0.0296875 0.12361111111111112
0 0.653125 0.675 0.0453125 0.14722222222222223
0 0.66171875 0.23125 0.03125 0.12916666666666668
0 0.569921875 0.15833333333333333 0.02734375 0.11805555555555555
0 0.49921875 0.09722222222222222 0.0296875 0.10972222222222222
0 0.129296875 0.9215277777777777 0.06171875 0.15
0 0.49140625 0.4041666666666667 0.0328125 0.14027777777777778
0 0.52890625 0.9458333333333333 0.0546875 0.10833333333333334
0 0.402734375 0.7236111111111111 0.040625 0.17222222222222222
0 0.948828125 0.45416666666666666 0.0453125 0.15138888888888888
0 0.0390625 0.16944444444444445 0.03671875 0.1111111111111111
0 0.666015625 0.052083333333333336 0.0265625 0.09722222222222222
0 0.5296875 0.10069444444444445 0.0234375 0.09722222222222222
0 0.5453125 0.7777777777777778 0.05234375 0.18611111111111112
0 0.733203125 0.9402777777777778 0.0609375 0.11944444444444445
0 0.731640625 0.07916666666666666 0.02421875 0.12361111111111112
0 0.254296875 0.9 0.0484375 0.18194444444444444
0 0.3765625 0.3333333333333333 0.0484375 0.16805555555555557
0 0.4984375 0.027083333333333334 0.028125 0.05416666666666667
0 0.97578125 0.17708333333333334 0.0484375 0.1388888888888889
0 0.646875 0.03125 0.02421875 0.0625
0 0.371875 0.025 0.0234375 0.05
0 0.54765625 0.25416666666666665 0.0234375 0.12222222222222222
0 0.37421875 0.06319444444444444 0.0296875 0.09722222222222222
0 0.122265625 0.17777777777777778 0.04140625 0.1375
0 0.45859375 0.020833333333333332 0.01953125 0.041666666666666664
0 0.219921875 0.5166666666666667 0.04375 0.1486111111111111
0 0.436328125 0.018055555555555554 0.0171875 0.03611111111111111
0 0.966796875 0.0125 0.04140625 0.025
0 0.39296875 0.017361111111111112 0.01640625 0.034722222222222224
0 0.2375 0.44930555555555557 0.03046875 0.06527777777777778
0 0.612109375 0.03888888888888889 0.0265625 0.07777777777777778
0 0.00703125 0.28402777777777777 0.01328125 0.09027777777777778
0 0.248828125 0.49930555555555556 0.0375 0.13055555555555556
0 0.980078125 0.25763888888888886 0.0359375 0.12083333333333333
0 0.189453125 0.5020833333333333 0.0328125 0.1375
0 0.8078125 0.9833333333333333 0.053125 0.03333333333333333
0 0.090625 0.013194444444444444 0.0359375 0.02638888888888889
0 0.98203125 0.21597222222222223 0.0359375 0.2013888888888889
0 0.9921875 0.26666666666666666 0.015625 0.12361111111111112
0 0.596875 0.04236111111111111 0.02265625 0.07777777777777778
0 0.591015625 0.04027777777777778 0.02265625 0.07777777777777778