0 0.610546875 0.3368055555555556 0.03203125 0.11666666666666667
0 0.833203125 0.2861111111111111 0.03359375 0.1388888888888889
0 0.663671875 0.5909722222222222 0.04140625 0.1638888888888889
0 0.38359375 0.6666666666666666 0.05078125 0.16666666666666666
0 0.569140625 0.3909722222222222 0.03359375 0.1388888888888889
0 0.617578125 0.20069444444444445 0.0296875 0.10972222222222222
0 0.493359375 0.5409722222222222 0.0390625 0.14305555555555555
0 0.385546875 0.14166666666666666 0.0265625 0.1125
0 0.0921875 0.7666666666666667 0.053125 0.18055555555555555
0 0.29609375 0.6541666666666667 0.04375 0.15
0 0.37109375 0.2111111111111111 0.03046875 0.12777777777777777
0 0.491015625 0.18541666666666667 0.025 0.125
0 0.434375 0.08055555555555556 0.025 0.11666666666666667
0 0.953125 0.4388888888888889 0.04375 0.1597222222222222
0 0.507421875 0.42083333333333334 0.03984375 0.15416666666666667
0 0.73125 0.0875 0.021875 0.12361111111111112
0 0.377734375 0.03333333333333333 0.02421875 0.06666666666666667
0 0.29765625 0.5076388888888889 0.0375 0.14305555555555555
0 0.66328125 0.04027777777777778 0.028125 0.07777777777777778
0 0.91484375 0.23958333333333334 0.03828125 0.14305555555555555
0 0.549609375 0.5472222222222223 0.0265625 0.14166666666666666
0 0.051171875 0.15694444444444444 0.03125 0.12361111111111112
0 0.45546875 0.08125 0.028125 0.11527777777777778
0 0.125390625 0.06458333333333334 0.03828125 0.125
0 0.731640625 0.014583333333333334 0.03203125 0.029166666666666667
0 0.2234375 0.45416666666666666 0.0265625 0.06944444444444445
0 0.52109375 0.01597222222222222 0.0203125 0.03194444444444444
0 0.941796875 0.15 0.02890625 0.11805555555555555
0 0.5921875 0.018055555555555554 0.0203125 0.03611111111111111
0 0.2203125 0.5256944444444445 0.04140625 0.1486111111111111
0 0.247265625 0.5111111111111111 0.03203125 0.12916666666666668
0 0.5015625 0.02013888888888889 0.0203125 0.04027777777777778
0 0.201171875 0.07152777777777777 0.02734375 0.09583333333333334
0 0.18984375 0.5048611111111111 0.034375 0.14166666666666666
0 0.61484375 0.0375 0.025 0.07361111111111111
0 0.639453125 0.034722222222222224 0.02890625 0.06944444444444445
0 0.92265625 0.1486111111111111 0.02578125 0.1
0 0.546484375 0.009027777777777777 0.015625 0.018055555555555554
0 0.946484375 0.008333333333333333 0.01875 0.015277777777777777
0 0.61640625 0.013194444444444444 0.0203125 0.02638888888888889
0 0.99453125 0.2902777777777778 0.0109375 0.059722222222222225