0 0.843359375 0.61875 0.046875 0.17222222222222222
0 0.9328125 0.24722222222222223 0.0359375 0.12361111111111112
0 0.61796875 0.7777777777777778 0.046875 0.13333333333333333
0 0.495703125 0.3402777777777778 0.0359375 0.1361111111111111
0 0.573828125 0.6569444444444444 0.0453125 0.17222222222222222
0 0.944140625 0.3451388888888889 0.04296875 0.14305555555555555
0 0.5921875 0.17916666666666667 0.0265625 0.1
0 0.1125 0.7152777777777778 0.05390625 0.18472222222222223
0 0.854296875 0.775 0.053125 0.175
0 0.90703125 0.1486111111111111 0.034375 0.12638888888888888
0 0.10234375 0.9006944444444445 0.059375 0.1736111111111111
0 0.90859375 0.5125 0.04296875 0.1625
0 0.5484375 0.8854166666666666 0.03828125 0.1625
0 0.62265625 0.09166666666666666 0.0375 0.1111111111111111
0 0.224609375 0.022222222222222223 0.02890625 0.044444444444444446
0 0.3859375 0.14444444444444443 0.03125 0.12916666666666668
0 0.63125 0.3659722222222222 0.0375 0.12777777777777777
0 0.53828125 0.2590277777777778 0.0375 0.14722222222222223
0 0.73515625 0.10347222222222222 0.0265625 0.125
0 0.987109375 0.3173611111111111 0.02578125 0.1375
0 0.37265625 0.42083333333333334 0.04140625 0.1625
0 0.144140625 0.022916666666666665 0.03203125 0.04583333333333333
0 0.40859375 0.3104166666666667 0.0390625 0.1388888888888889
0 0.487890625 0.08263888888888889 0.02734375 0.11805555555555555
0 0.713671875 0.05763888888888889 0.02734375 0.10416666666666667
0 0.991796875 0.21736111111111112 0.01640625 0.11527777777777778
0 0.191796875 0.5048611111111111 0.034375 0.14305555555555555
0 0.43359375 0.10138888888888889 0.0265625 0.12222222222222222
0 0.321875 0.43125 0.053125 0.16666666666666666
0 0.262109375 0.013888888888888888 0.02265625 0.027777777777777776
0 0.060546875 0.13680555555555557 0.03671875 0.15138888888888888
0 0.46328125 0.10625 0.0328125 0.125
0 0.317578125 0.31875 0.04296875 0.09722222222222222
0 0.95859375 0.03125 0.02578125 0.03611111111111111
0 0.88359375 0.10486111111111111 0.028125 0.11527777777777778
0 0.5125 0.05416666666666667 0.02578125 0.10694444444444444
0 0.55234375 0.019444444444444445 0.02265625 0.0375
0 0.67890625 0.041666666666666664 0.0234375 0.07222222222222222
0 0.63359375 0.9854166666666667 0.04375 0.029166666666666667
0 0.22578125 0.4527777777777778 0.02578125 0.058333333333333334
0 0.251953125 0.5152777777777777 0.0421875 0.13333333333333333
0 0.21953125 0.5263888888888889 0.0453125 0.1527777777777778
0 0.007421875 0.5298611111111111 0.01484375 0.15138888888888888
0 0.86328125 0.12152777777777778 0.0203125 0.0763888888888889
0 0.66875 0.075 0.01875 0.0625
0 0.6359375 0.05555555555555555 0.0265625 0.07083333333333333
0 0.9953125 0.024305555555555556 0.009375 0.018055555555555554
0 0.66015625 0.052083333333333336 0.0203125 0.043055555555555555
0 0.05546875 0.07361111111111111 0.02421875 0.06666666666666667