0 0.781640625 0.4013888888888889 0.0609375 0.16527777777777777
0 0.75390625 0.26666666666666666 0.05546875 0.15416666666666667
0 0.783984375 0.6173611111111111 0.08203125 0.19444444444444445
0 0.61015625 0.4638888888888889 0.05703125 0.1486111111111111
0 0.6765625 0.85625 0.07109375 0.175
0 0.521484375 0.0763888888888889 0.034375 0.1
0 0.59296875 0.12222222222222222 0.04453125 0.13194444444444445
0 0.4625 0.24375 0.046875 0.13472222222222222
0 0.080859375 0.25763888888888886 0.0453125 0.12777777777777777
0 0.15703125 0.6458333333333334 0.0609375 0.16944444444444445
0 0.85 0.06111111111111111 0.05625 0.12222222222222222
0 0.625390625 0.016666666666666666 0.03515625 0.03333333333333333
0 0.411328125 0.5069444444444444 0.053125 0.15416666666666667
0 0.39609375 0.7048611111111112 0.0625 0.18055555555555555
0 0.330078125 0.10555555555555556 0.03828125 0.09722222222222222
0 0.484765625 0.16597222222222222 0.05390625 0.15138888888888888
0 0.10234375 0.9534722222222223 0.084375 0.09305555555555556
0 0.0296875 0.3736111111111111 0.0484375 0.13055555555555556
0 0.040625 0.20694444444444443 0.02578125 0.044444444444444446
0 0.897265625 0.04236111111111111 0.04921875 0.08472222222222223
0 0.3578125 0.33125 0.04765625 0.14166666666666666
0 0.15625 0.20694444444444443 0.04765625 0.11944444444444445
0 0.298046875 0.41041666666666665 0.05859375 0.14722222222222223
0 0.576953125 0.14444444444444443 0.03984375 0.12222222222222222
0 0.28125 0.3215277777777778 0.040625 0.0875
0 0.43125 0.15694444444444444 0.04296875 0.12638888888888888
0 0.983984375 0.48819444444444443 0.03203125 0.18472222222222223
0 0.38359375 0.1701388888888889 0.046875 0.12916666666666668
0 0.3515625 0.07430555555555556 0.0375 0.058333333333333334
0 0.4046875 0.15625 0.04375 0.13472222222222222
0 0.421875 0.058333333333333334 0.02734375 0.08055555555555556
0 0.67578125 0.043055555555555555 0.04375 0.08611111111111111
0 0.264453125 0.6395833333333333 0.05546875 0.14444444444444443
0 0.212109375 0.6527777777777778 0.059375 0.15694444444444444
0 0.13671875 0.1638888888888889 0.03671875 0.04722222222222222
0 0.230078125 0.5916666666666667 0.03203125 0.06666666666666667
0 0.23359375 0.6694444444444444 0.0609375 0.1625
0 0.105859375 0.1673611111111111 0.02578125 0.02361111111111111
0 0.677734375 0.04027777777777778 0.05390625 0.08055555555555556
0 0.6109375 0.027083333333333334 0.0296875 0.05416666666666667