0 0.662109375 0.22569444444444445 0.03125 0.13055555555555556
0 0.56953125 0.1486111111111111 0.02734375 0.11666666666666667
0 0.65546875 0.6826388888888889 0.04296875 0.14583333333333334
0 0.77890625 0.07569444444444444 0.028125 0.11666666666666667
0 0.403125 0.7104166666666667 0.040625 0.1638888888888889
0 0.50078125 0.10138888888888889 0.03125 0.1125
0 0.530078125 0.9541666666666667 0.0546875 0.09166666666666666
0 0.133984375 0.9236111111111112 0.059375 0.1527777777777778
0 0.95 0.4638888888888889 0.04453125 0.1527777777777778
0 0.493359375 0.4131944444444444 0.0328125 0.14305555555555555
0 0.53046875 0.10208333333333333 0.02265625 0.09583333333333334
0 0.253125 0.9055555555555556 0.05078125 0.1763888888888889
0 0.039453125 0.1673611111111111 0.0390625 0.11388888888888889
0 0.731640625 0.0763888888888889 0.0234375 0.12222222222222222
0 0.547265625 0.7951388888888888 0.05546875 0.20694444444444443
0 0.377734375 0.3263888888888889 0.04375 0.1638888888888889
0 0.499609375 0.027083333333333334 0.028125 0.05416666666666667
0 0.66796875 0.04861111111111111 0.0265625 0.09722222222222222
0 0.9734375 0.15694444444444444 0.053125 0.14722222222222223
0 0.98203125 0.2604166666666667 0.03515625 0.12361111111111112
0 0.647265625 0.03194444444444444 0.02421875 0.06388888888888888
0 0.547265625 0.24513888888888888 0.021875 0.11805555555555555
0 0.123046875 0.1840277777777778 0.04921875 0.14027777777777778
0 0.716796875 0.9368055555555556 0.06171875 0.12361111111111112
0 0.437109375 0.01597222222222222 0.01875 0.03194444444444444
0 0.96875 0.011805555555555555 0.04140625 0.02361111111111111
0 0.805859375 0.9736111111111111 0.06328125 0.05277777777777778
0 0.458984375 0.02013888888888889 0.01796875 0.04027777777777778
0 0.220703125 0.5159722222222223 0.0453125 0.15138888888888888
0 0.00859375 0.2881944444444444 0.01640625 0.09305555555555556
0 0.611328125 0.03680555555555556 0.0265625 0.07361111111111111
0 0.236328125 0.4465277777777778 0.025 0.0625
0 0.39375 0.013194444444444444 0.01796875 0.02638888888888889
0 0.3671875 0.030555555555555555 0.0265625 0.06111111111111111
0 0.09375 0.011805555555555555 0.03203125 0.02361111111111111
0 0.596875 0.041666666666666664 0.02109375 0.07083333333333333
0 0.251171875 0.5055555555555555 0.04375 0.1375
0 0.18984375 0.5020833333333333 0.034375 0.14166666666666666
0 0.376171875 0.06180555555555556 0.03046875 0.1
0 0.71484375 0.9875 0.0453125 0.025
0 0.591796875 0.03888888888888889 0.0203125 0.075