0 0.5875 0.16944444444444445 0.02734375 0.10416666666666667
0 0.6359375 0.7659722222222223 0.0390625 0.15833333333333333
0 0.928125 0.2222222222222222 0.03671875 0.13194444444444445
0 0.578515625 0.6888888888888889 0.04609375 0.1763888888888889
0 0.8453125 0.725 0.0484375 0.16111111111111112
0 0.4953125 0.3263888888888889 0.03359375 0.13194444444444445
0 0.383984375 0.16527777777777777 0.0265625 0.11805555555555555
0 0.83359375 0.5763888888888888 0.0453125 0.15694444444444444
0 0.9171875 0.5277777777777778 0.04609375 0.1625
0 0.40546875 0.32430555555555557 0.03046875 0.13055555555555556
0 0.03203125 0.1111111111111111 0.0265625 0.09861111111111111
0 0.561328125 0.9263888888888889 0.04140625 0.14722222222222223
0 0.12109375 0.6763888888888889 0.05390625 0.16944444444444445
0 0.62109375 0.3840277777777778 0.03125 0.12083333333333333
0 0.89765625 0.12430555555555556 0.03359375 0.11666666666666667
0 0.93125 0.3138888888888889 0.04140625 0.14305555555555555
0 0.534765625 0.24444444444444444 0.03828125 0.1486111111111111
0 0.098828125 0.9013888888888889 0.0609375 0.175
0 0.205859375 0.034027777777777775 0.03203125 0.06805555555555555
0 0.980859375 0.2923611111111111 0.03671875 0.13333333333333333
0 0.61875 0.10069444444444445 0.0375 0.11944444444444445
0 0.730859375 0.09861111111111111 0.025 0.12222222222222222
0 0.530859375 0.018055555555555554 0.034375 0.03611111111111111
0 0.662890625 0.06527777777777778 0.02421875 0.0763888888888889
0 0.370703125 0.45694444444444443 0.03984375 0.1638888888888889
0 0.24375 0.021527777777777778 0.02421875 0.043055555555555555
0 0.631640625 0.09166666666666666 0.02734375 0.11805555555555555
0 0.057421875 0.16458333333333333 0.03125 0.125
0 0.953515625 0.018055555555555554 0.01796875 0.03611111111111111
0 0.315234375 0.30833333333333335 0.03515625 0.09583333333333334
0 0.42734375 0.1076388888888889 0.0234375 0.11527777777777778
0 0.458984375 0.11319444444444444 0.02890625 0.12083333333333333
0 0.678515625 0.04513888888888889 0.02109375 0.09027777777777778
0 0.484375 0.07291666666666667 0.02421875 0.11388888888888889
0 0.224609375 0.4638888888888889 0.025 0.058333333333333334
0 0.32265625 0.41805555555555557 0.04609375 0.14444444444444443
0 0.503515625 0.06736111111111111 0.021875 0.10555555555555556
0 0.7125 0.052083333333333336 0.02734375 0.10277777777777777
0 0.19140625 0.5180555555555556 0.034375 0.14305555555555555
0 0.991796875 0.17777777777777778 0.01640625 0.09583333333333334
0 0.857421875 0.08680555555555555 0.0203125 0.10972222222222222
0 0.87578125 0.0875 0.02421875 0.11527777777777778
0 0.134765625 0.02361111111111111 0.01953125 0.04722222222222222
0 0.25234375 0.5229166666666667 0.03984375 0.13333333333333333
0 0.2203125 0.5381944444444444 0.04453125 0.15416666666666667
0 0.146484375 0.022916666666666665 0.021875 0.04583333333333333
0 0.401171875 0.009722222222222222 0.02265625 0.019444444444444445
0 0.99375 0.009722222222222222 0.01171875 0.019444444444444445
0 0.112109375 0.9611111111111111 0.04921875 0.07777777777777778