0 0.56796875 0.2423611111111111 0.03125 0.12361111111111112
0 0.630078125 0.5090277777777777 0.0375 0.12777777777777777
0 0.66484375 0.35694444444444445 0.03359375 0.1361111111111111
0 0.27734375 0.7055555555555556 0.0421875 0.14444444444444443
0 0.508203125 0.7694444444444445 0.04765625 0.17777777777777778
0 0.421484375 0.9180555555555555 0.04921875 0.15694444444444444
0 0.809765625 0.16527777777777777 0.03203125 0.12638888888888888
0 0.5015625 0.05555555555555555 0.028125 0.10555555555555556
0 0.933203125 0.35833333333333334 0.04375 0.14444444444444443
0 0.29921875 0.8965277777777778 0.05390625 0.1625
0 0.0546875 0.7326388888888888 0.0515625 0.15138888888888888
0 0.387109375 0.049305555555555554 0.02421875 0.09444444444444444
0 0.4859375 0.3055555555555556 0.028125 0.14166666666666666
0 0.370703125 0.09513888888888888 0.028125 0.12083333333333333
0 0.53203125 0.05416666666666667 0.021875 0.09583333333333334
0 0.951171875 0.21388888888888888 0.03203125 0.11666666666666667
0 0.978125 0.21388888888888888 0.03359375 0.12222222222222222
0 0.877734375 0.019444444444444445 0.03125 0.03888888888888889
0 0.529296875 0.6083333333333333 0.05234375 0.1875
0 0.039453125 0.16805555555555557 0.0328125 0.12222222222222222
0 0.633203125 0.1076388888888889 0.028125 0.10972222222222222
0 0.644140625 0.034027777777777775 0.02265625 0.06805555555555555
0 0.548828125 0.3611111111111111 0.0234375 0.12361111111111112
0 0.379296875 0.4534722222222222 0.0484375 0.18472222222222223
0 0.299609375 0.06458333333333334 0.02421875 0.09722222222222222
0 0.4609375 0.04375 0.028125 0.08472222222222223
0 0.98359375 0.65625 0.0328125 0.1597222222222222
0 0.730859375 0.08333333333333333 0.0234375 0.12638888888888888
0 0.123046875 0.12708333333333333 0.046875 0.1361111111111111
0 0.437890625 0.04583333333333333 0.02734375 0.08888888888888889
0 0.218359375 0.5215277777777778 0.0421875 0.15416666666666667
0 0.9921875 0.025694444444444443 0.015625 0.05138888888888889
0 0.227734375 0.44583333333333336 0.0234375 0.058333333333333334
0 0.187890625 0.49722222222222223 0.03125 0.1375
0 0.146484375 0.9868055555555556 0.0484375 0.02638888888888889
0 0.96484375 0.21388888888888888 0.04921875 0.11666666666666667
0 0.608984375 0.034722222222222224 0.0234375 0.06944444444444445
0 0.945703125 0.006944444444444444 0.02109375 0.013888888888888888
0 0.2515625 0.5090277777777777 0.03828125 0.1361111111111111
0 0.596484375 0.04861111111111111 0.01875 0.05694444444444444