0 0.664453125 0.21388888888888888 0.0546875 0.12083333333333333
0 0.736328125 0.35833333333333334 0.06015625 0.13333333333333333
0 0.961328125 0.5576388888888889 0.07421875 0.14722222222222223
0 0.601171875 0.19166666666666668 0.0578125 0.125
0 0.387890625 0.49930555555555556 0.07578125 0.1625
0 0.88046875 0.9263888888888889 0.0875 0.14722222222222223
0 0.425 0.9041666666666667 0.0984375 0.19166666666666668
0 0.853515625 0.34097222222222223 0.04921875 0.10416666666666667
0 0.55546875 0.9236111111111112 0.0828125 0.1527777777777778
0 0.466015625 0.1951388888888889 0.0796875 0.16944444444444445
0 0.817578125 0.34305555555555556 0.05390625 0.12777777777777777
0 0.628125 0.22013888888888888 0.05078125 0.1111111111111111
0 0.63203125 0.2743055555555556 0.05 0.1125
0 0.783984375 0.25277777777777777 0.04140625 0.08055555555555556
0 0.525390625 0.9041666666666667 0.08828125 0.19166666666666668
0 0.496875 0.5069444444444444 0.07421875 0.16666666666666666
0 0.75625 0.22430555555555556 0.03671875 0.0763888888888889
0 0.982421875 0.5520833333333334 0.03515625 0.12361111111111112
0 0.633984375 0.11388888888888889 0.0515625 0.10694444444444444
0 0.99140625 0.6423611111111112 0.0171875 0.15416666666666667
0 0.726171875 0.19652777777777777 0.03984375 0.08333333333333333
0 0.975390625 0.76875 0.04921875 0.11805555555555555
0 0.708203125 0.18958333333333333 0.0359375 0.0763888888888889
0 0.2828125 0.2875 0.06796875 0.14583333333333334
0 0.25 0.2652777777777778 0.08125 0.17222222222222222
0 0.2796875 0.21458333333333332 0.03125 0.0625
0 0.233203125 0.22152777777777777 0.07421875 0.16111111111111112
0 0.655078125 0.09652777777777778 0.02265625 0.0375
0 0.1375 0.6916666666666667 0.053125 0.06805555555555555
0 0.6328125 0.07291666666666667 0.01953125 0.03333333333333333
0 0.705859375 0.18194444444444444 0.034375 0.07361111111111111
0 0.04296875 0.15625 0.0515625 0.13333333333333333
0 0.5578125 0.05763888888888889 0.0390625 0.09583333333333334
0 0.658984375 0.10069444444444445 0.025 0.04027777777777778