0 0.508984375 0.1388888888888889 0.04765625 0.11388888888888889
0 0.609375 0.6048611111111111 0.0765625 0.18333333333333332
0 0.457421875 0.3472222222222222 0.0609375 0.14722222222222223
0 0.31796875 0.2659722222222222 0.05 0.12638888888888888
0 0.678125 0.6576388888888889 0.0703125 0.1638888888888889
0 0.828125 0.3347222222222222 0.075 0.16944444444444445
0 0.86171875 0.049305555555555554 0.0671875 0.09861111111111111
0 0.871875 0.48125 0.08359375 0.1986111111111111
0 0.19140625 0.9201388888888888 0.0875 0.1597222222222222
0 0.8859375 0.22291666666666668 0.07265625 0.16944444444444445
0 0.519921875 0.05694444444444444 0.05703125 0.11388888888888889
0 0.130078125 0.26805555555555555 0.0390625 0.075
0 0.3734375 0.40069444444444446 0.05703125 0.14305555555555555
0 0.643359375 0.8423611111111111 0.0671875 0.1638888888888889
0 0.9 0.027083333333333334 0.059375 0.05416666666666667
0 0.47734375 0.2465277777777778 0.065625 0.16111111111111112
0 0.58515625 0.3034722222222222 0.05859375 0.1388888888888889
0 0.370703125 0.5451388888888888 0.0734375 0.18194444444444444
0 0.6234375 0.016666666666666666 0.05 0.03333333333333333
0 0.4265625 0.03333333333333333 0.04140625 0.06111111111111111
0 0.0234375 0.5006944444444444 0.046875 0.15694444444444444
0 0.5546875 0.015277777777777777 0.0390625 0.030555555555555555
0 0.162109375 0.2361111111111111 0.034375 0.059722222222222225
0 0.31953125 0.5555555555555556 0.075 0.16944444444444445
0 0.391015625 0.12152777777777778 0.04296875 0.11388888888888889
0 0.408984375 0.09513888888888888 0.0453125 0.11666666666666667
0 0.289453125 0.4583333333333333 0.05390625 0.1125
0 0.34765625 0.1875 0.04609375 0.12222222222222222
0 0.066015625 0.3145833333333333 0.0390625 0.07083333333333333
0 0.219921875 0.7305555555555555 0.06328125 0.15555555555555556
0 0.2390625 0.6569444444444444 0.0359375 0.07222222222222222
0 0.377734375 0.17152777777777778 0.05 0.12638888888888888
0 0.250390625 0.7284722222222222 0.075 0.17222222222222222
0 0.276953125 0.6930555555555555 0.0671875 0.15
0 0.301953125 0.11388888888888889 0.02109375 0.02638888888888889
0 0.5234375 0.015277777777777777 0.0359375 0.030555555555555555
0 0.52578125 0.05 0.0546875 0.1