0 0.6296875 0.5145833333333333 0.03828125 0.12916666666666668
0 0.56796875 0.24027777777777778 0.03125 0.12361111111111112
0 0.501953125 0.05555555555555555 0.02890625 0.10555555555555556
0 0.422265625 0.9152777777777777 0.05078125 0.1625
0 0.66484375 0.3527777777777778 0.034375 0.13333333333333333
0 0.2765625 0.7152777777777778 0.04375 0.15
0 0.51171875 0.7791666666666667 0.04765625 0.18055555555555555
0 0.2984375 0.9055555555555556 0.0515625 0.17083333333333334
0 0.486328125 0.3104166666666667 0.028125 0.1375
0 0.387109375 0.04722222222222222 0.0234375 0.09027777777777778
0 0.809375 0.1625 0.0359375 0.12638888888888888
0 0.933203125 0.3638888888888889 0.0453125 0.14583333333333334
0 0.532421875 0.05486111111111111 0.021875 0.09305555555555556
0 0.88203125 0.02013888888888889 0.0375 0.04027777777777778
0 0.370703125 0.09444444444444444 0.028125 0.12222222222222222
0 0.53125 0.6125 0.0515625 0.18472222222222223
0 0.978515625 0.21666666666666667 0.03359375 0.125
0 0.5484375 0.3548611111111111 0.02421875 0.12222222222222222
0 0.459375 0.04236111111111111 0.0265625 0.08194444444444444
0 0.3015625 0.06388888888888888 0.02890625 0.09583333333333334
0 0.379296875 0.45 0.04921875 0.19166666666666668
0 0.644140625 0.034027777777777775 0.02265625 0.06805555555555555
0 0.4375 0.04513888888888889 0.02734375 0.08611111111111111
0 0.6375 0.10833333333333334 0.02734375 0.10972222222222222
0 0.951953125 0.21458333333333332 0.03046875 0.11527777777777778
0 0.985546875 0.6694444444444444 0.02890625 0.17777777777777778
0 0.039453125 0.1701388888888889 0.034375 0.12083333333333333
0 0.730859375 0.08333333333333333 0.02421875 0.12638888888888888
0 0.058984375 0.7451388888888889 0.05703125 0.16666666666666666
0 0.1234375 0.13125 0.04140625 0.13055555555555556
0 0.228515625 0.44513888888888886 0.021875 0.058333333333333334
0 0.218359375 0.5215277777777778 0.04296875 0.15416666666666667
0 0.991796875 0.025 0.01640625 0.05
0 0.609765625 0.034027777777777775 0.0265625 0.06805555555555555
0 0.47734375 0.02013888888888889 0.0203125 0.04027777777777778
0 0.18828125 0.49722222222222223 0.03125 0.1375
0 0.2515625 0.5090277777777777 0.0390625 0.1361111111111111
0 0.59609375 0.049305555555555554 0.0203125 0.05555555555555555