0 0.61796875 0.3819444444444444 0.03515625 0.12083333333333333
0 0.56953125 0.3368055555555556 0.0328125 0.13194444444444445
0 0.495703125 0.5965277777777778 0.040625 0.15555555555555556
0 0.369140625 0.17430555555555555 0.028125 0.12777777777777777
0 0.377734375 0.6069444444444444 0.0546875 0.19166666666666668
0 0.489453125 0.21944444444444444 0.02734375 0.12083333333333333
0 0.962109375 0.4909722222222222 0.046875 0.15694444444444444
0 0.4390625 0.06666666666666667 0.0234375 0.11527777777777778
0 0.287109375 0.5604166666666667 0.03671875 0.1361111111111111
0 0.298046875 0.7291666666666666 0.04453125 0.17777777777777778
0 0.113671875 0.8284722222222223 0.05390625 0.19166666666666668
0 0.500390625 0.02847222222222222 0.0265625 0.05694444444444444
0 0.383984375 0.11180555555555556 0.02578125 0.11388888888888889
0 0.621875 0.17222222222222222 0.028125 0.11527777777777778
0 0.827734375 0.24444444444444444 0.03359375 0.1375
0 0.384375 0.019444444444444445 0.01875 0.03888888888888889
0 0.505078125 0.4652777777777778 0.04140625 0.1486111111111111
0 0.954296875 0.17083333333333334 0.03203125 0.11944444444444445
0 0.780859375 0.016666666666666666 0.0296875 0.03333333333333333
0 0.919921875 0.2763888888888889 0.0421875 0.15555555555555556
0 0.67109375 0.50625 0.040625 0.15694444444444444
0 0.12421875 0.0798611111111111 0.0328125 0.11805555555555555
0 0.23125 0.07013888888888889 0.025 0.09444444444444444
0 0.459375 0.06458333333333334 0.02734375 0.11388888888888889
0 0.550390625 0.4798611111111111 0.02578125 0.13472222222222222
0 0.935546875 0.1673611111111111 0.0296875 0.10694444444444444
0 0.73203125 0.08263888888888889 0.02421875 0.12777777777777777
0 0.0515625 0.15763888888888888 0.03046875 0.11805555555555555
0 0.53359375 0.02638888888888889 0.0203125 0.05277777777777778
0 0.655078125 0.03611111111111111 0.0296875 0.07222222222222222
0 0.225 0.4465277777777778 0.02421875 0.0625
0 0.25 0.5104166666666666 0.0328125 0.13194444444444445
0 0.01328125 0.6006944444444444 0.0265625 0.14305555555555555
0 0.220703125 0.5229166666666667 0.04140625 0.15
0 0.191015625 0.5006944444444444 0.03359375 0.14583333333333334
0 0.628515625 0.03125 0.02734375 0.0625
0 0.611328125 0.03958333333333333 0.021875 0.06527777777777778