0 0.643359375 0.5680555555555555 0.0953125 0.1763888888888889
0 0.816015625 0.25277777777777777 0.10234375 0.18888888888888888
0 0.423828125 0.35694444444444445 0.07265625 0.13333333333333333
0 0.709375 0.5152777777777777 0.10078125 0.18333333333333332
0 0.8421875 0.05416666666666667 0.09375 0.10833333333333334
0 0.745703125 0.14444444444444443 0.08515625 0.15694444444444444
0 0.5546875 0.29097222222222224 0.075 0.1388888888888889
0 0.01640625 0.7847222222222222 0.0328125 0.11666666666666667
0 0.09765625 0.5236111111111111 0.05703125 0.10277777777777777
0 0.28984375 0.40694444444444444 0.0671875 0.12361111111111112
0 0.4421875 0.07777777777777778 0.06484375 0.12083333333333333
0 0.374609375 0.5048611111111111 0.07578125 0.14166666666666666
0 0.43359375 0.14583333333333334 0.05625 0.10416666666666667
0 0.28125 0.9791666666666666 0.10625 0.041666666666666664
0 0.72109375 0.7548611111111111 0.065625 0.11805555555555555
0 0.3296875 0.6423611111111112 0.0875 0.1597222222222222
0 0.423828125 0.2569444444444444 0.08125 0.15
0 0.398828125 0.6486111111111111 0.096875 0.18055555555555555
0 0.046875 0.7791666666666667 0.0703125 0.13055555555555556
0 0.44921875 0.05694444444444444 0.0671875 0.11388888888888889
0 0.32578125 0.19791666666666666 0.059375 0.1111111111111111
0 0.1265625 0.46805555555555556 0.04765625 0.08472222222222223
0 0.05703125 0.5652777777777778 0.03515625 0.0625
0 0.322265625 0.2673611111111111 0.065625 0.12083333333333333
0 0.323828125 0.13472222222222222 0.0359375 0.0625
0 0.286328125 0.5694444444444444 0.065625 0.11805555555555555
0 0.29921875 0.29375 0.0640625 0.11944444444444445
0 0.284765625 0.8055555555555556 0.04296875 0.07777777777777778
0 0.33984375 0.18472222222222223 0.05625 0.10555555555555556
0 0.243359375 0.2590277777777778 0.03125 0.05416666666666667
0 0.276171875 0.8819444444444444 0.0796875 0.14722222222222223
0 0.462109375 0.0125 0.03671875 0.025
0 0.305078125 0.8611111111111112 0.090625 0.16666666666666666
0 0.326171875 0.8118055555555556 0.08359375 0.1527777777777778
0 0.053125 0.5784722222222223 0.0421875 0.075