0 0.50390625 0.20347222222222222 0.0359375 0.13055555555555556
0 0.676171875 0.0798611111111111 0.028125 0.1125
0 0.83671875 0.08888888888888889 0.034375 0.1125
0 0.503515625 0.6541666666666667 0.040625 0.1527777777777778
0 0.048046875 0.7118055555555556 0.053125 0.18055555555555555
0 0.5515625 0.04236111111111111 0.0234375 0.08055555555555556
0 0.899609375 0.052083333333333336 0.0375 0.10416666666666667
0 0.758984375 0.9486111111111111 0.06171875 0.10277777777777777
0 0.768359375 0.825 0.046875 0.14305555555555555
0 0.537109375 0.20277777777777778 0.02734375 0.10555555555555556
0 0.835546875 0.6520833333333333 0.04140625 0.175
0 0.4140625 0.4597222222222222 0.03359375 0.14305555555555555
0 0.616796875 0.9583333333333334 0.04765625 0.08333333333333333
0 0.02109375 0.3972222222222222 0.04140625 0.14166666666666666
0 0.95546875 0.14583333333333334 0.03046875 0.11805555555555555
0 0.939453125 0.050694444444444445 0.03046875 0.09861111111111111
0 0.092578125 0.29097222222222224 0.04609375 0.14444444444444443
0 0.40078125 0.1736111111111111 0.03125 0.13333333333333333
0 0.025 0.17083333333333334 0.03125 0.11666666666666667
0 0.530078125 0.09791666666666667 0.0234375 0.10416666666666667
0 0.549609375 0.6430555555555556 0.04375 0.18611111111111112
0 0.611328125 0.03263888888888889 0.02265625 0.06527777777777778
0 0.8609375 0.07152777777777777 0.02734375 0.12083333333333333
0 0.64453125 0.03125 0.01953125 0.0625
0 0.55625 0.1125 0.01875 0.09861111111111111
0 0.732421875 0.07916666666666666 0.021875 0.12222222222222222
0 0.52109375 0.029861111111111113 0.0234375 0.059722222222222225
0 0.253125 0.5020833333333333 0.03203125 0.13333333333333333
0 0.960546875 0.07152777777777777 0.03515625 0.08333333333333333
0 0.98203125 0.6881944444444444 0.0359375 0.17777777777777778
0 0.5046875 0.05486111111111111 0.02109375 0.09305555555555556
0 0.2203125 0.5166666666666667 0.040625 0.1486111111111111
0 0.190234375 0.49236111111111114 0.0375 0.1527777777777778
0 0.7328125 0.011805555555555555 0.0234375 0.02361111111111111
0 0.486328125 0.05347222222222222 0.01953125 0.10416666666666667
0 0.338671875 0.022222222222222223 0.01875 0.044444444444444446
0 0.991015625 0.37222222222222223 0.01796875 0.10694444444444444
0 0.59453125 0.03333333333333333 0.01875 0.06666666666666667
0 0.232421875 0.4479166666666667 0.01796875 0.041666666666666664
0 0.48125 0.049305555555555554 0.01953125 0.09861111111111111
0 0.981640625 0.6472222222222223 0.03671875 0.08333333333333333