0 0.603515625 0.21319444444444444 0.065625 0.15555555555555556
0 0.399609375 0.10416666666666667 0.05078125 0.11666666666666667
0 0.4984375 0.18680555555555556 0.05546875 0.13472222222222222
0 0.590625 0.80625 0.08359375 0.19583333333333333
0 0.502734375 0.8840277777777777 0.08359375 0.1986111111111111
0 0.646875 0.4576388888888889 0.06171875 0.14305555555555555
0 0.451171875 0.3680555555555556 0.0625 0.15138888888888888
0 0.878125 0.08125 0.07109375 0.15416666666666667
0 0.571484375 0.6222222222222222 0.0859375 0.20277777777777778
0 0.353515625 0.9152777777777777 0.07578125 0.16944444444444445
0 0.3671875 0.5152777777777777 0.0859375 0.19305555555555556
0 0.43046875 0.08402777777777778 0.040625 0.10138888888888889
0 0.283984375 0.19930555555555557 0.05078125 0.12638888888888888
0 0.3359375 0.12013888888888889 0.0390625 0.08194444444444444
0 0.539453125 0.041666666666666664 0.05546875 0.08333333333333333
0 0.074609375 0.45555555555555555 0.06328125 0.14583333333333334
0 0.2921875 0.15555555555555556 0.04140625 0.08472222222222223
0 0.014453125 0.5361111111111111 0.02890625 0.125
0 0.50078125 0.2951388888888889 0.04765625 0.125
0 0.243359375 0.2298611111111111 0.04765625 0.10694444444444444
0 0.355078125 0.10555555555555556 0.0375 0.08055555555555556
0 0.37890625 0.07083333333333333 0.0296875 0.05277777777777778
0 0.248828125 0.7243055555555555 0.07421875 0.16944444444444445
0 0.48984375 0.021527777777777778 0.0390625 0.043055555555555555
0 0.243359375 0.6465277777777778 0.03515625 0.07222222222222222
0 0.275390625 0.6895833333333333 0.06796875 0.1527777777777778
0 0.21640625 0.7298611111111111 0.06171875 0.15
0 0.993359375 0.3902777777777778 0.01328125 0.1361111111111111
0 0.48125 0.027777777777777776 0.03125 0.05555555555555555