0 0.51328125 0.09027777777777778 0.04140625 0.10833333333333334
0 0.798828125 0.4131944444444444 0.0640625 0.16805555555555557
0 0.765625 0.28541666666666665 0.0625 0.16666666666666666
0 0.7640625 0.6159722222222223 0.06875 0.1736111111111111
0 0.97265625 0.4222222222222222 0.0546875 0.19722222222222222
0 0.320703125 0.10625 0.0421875 0.08055555555555556
0 0.088671875 0.25069444444444444 0.04609375 0.12083333333333333
0 0.606640625 0.4173611111111111 0.05546875 0.14583333333333334
0 0.58046875 0.09513888888888888 0.04765625 0.14027777777777778
0 0.459375 0.2625 0.0484375 0.1361111111111111
0 0.346484375 0.3090277777777778 0.0515625 0.14444444444444443
0 0.65859375 0.8083333333333333 0.0765625 0.21805555555555556
0 0.892578125 0.041666666666666664 0.04921875 0.08333333333333333
0 0.401171875 0.48125 0.0546875 0.15555555555555556
0 0.024609375 0.4 0.04921875 0.13333333333333333
0 0.8484375 0.06180555555555556 0.0625 0.12361111111111112
0 0.481640625 0.17916666666666667 0.05625 0.15138888888888888
0 0.365234375 0.06944444444444445 0.04375 0.058333333333333334
0 0.1265625 0.9708333333333333 0.090625 0.058333333333333334
0 0.28046875 0.3472222222222222 0.0453125 0.1
0 0.38828125 0.65625 0.06484375 0.18194444444444444
0 0.165625 0.7069444444444445 0.0671875 0.1763888888888889
0 0.56796875 0.12291666666666666 0.04765625 0.13055555555555556
0 0.1546875 0.2125 0.04609375 0.11666666666666667
0 0.660546875 0.034027777777777775 0.03828125 0.06805555555555555
0 0.394921875 0.15486111111111112 0.04453125 0.12777777777777777
0 0.415234375 0.059027777777777776 0.0328125 0.07777777777777778
0 0.6125 0.013194444444444444 0.0390625 0.02638888888888889
0 0.295703125 0.44027777777777777 0.0640625 0.15694444444444444
0 0.371875 0.17083333333333334 0.04609375 0.13472222222222222
0 0.209375 0.6722222222222223 0.06015625 0.15555555555555556
0 0.596875 0.02361111111111111 0.0296875 0.04722222222222222
0 0.23046875 0.6048611111111111 0.034375 0.06944444444444445
0 0.427734375 0.14166666666666666 0.05625 0.13194444444444445
0 0.0953125 0.19652777777777777 0.02578125 0.030555555555555555
0 0.265234375 0.6506944444444445 0.06171875 0.14583333333333334
0 0.235546875 0.68125 0.0609375 0.1638888888888889
0 0.040625 0.22430555555555556 0.021875 0.027777777777777776
0 0.144140625 0.17291666666666666 0.028125 0.03333333333333333