0 0.803125 0.9138888888888889 0.053125 0.16527777777777777
0 0.49921875 0.12777777777777777 0.03125 0.1125
0 0.6625 0.7604166666666666 0.046875 0.1486111111111111
0 0.950390625 0.5048611111111111 0.046875 0.15694444444444444
0 0.401171875 0.6368055555555555 0.04140625 0.15555555555555556
0 0.496875 0.4708333333333333 0.0328125 0.1486111111111111
0 0.566015625 0.12291666666666666 0.028125 0.11527777777777778
0 0.731640625 0.08125 0.021875 0.11944444444444445
0 0.550390625 0.8902777777777777 0.05703125 0.2152777777777778
0 0.666015625 0.8729166666666667 0.05234375 0.19444444444444445
0 0.0390625 0.1701388888888889 0.03515625 0.10833333333333334
0 0.661328125 0.18958333333333333 0.03125 0.13333333333333333
0 0.53046875 0.12569444444444444 0.025 0.09861111111111111
0 0.7671875 0.058333333333333334 0.02890625 0.11388888888888889
0 0.6734375 0.04236111111111111 0.0265625 0.08055555555555556
0 0.93515625 0.14930555555555555 0.05390625 0.12083333333333333
0 0.38203125 0.2798611111111111 0.0453125 0.1638888888888889
0 0.11484375 0.2125 0.05625 0.14444444444444443
0 0.242578125 0.9493055555555555 0.05546875 0.10138888888888889
0 0.645703125 0.03333333333333333 0.01953125 0.06666666666666667
0 0.404296875 0.06597222222222222 0.01953125 0.09722222222222222
0 0.9859375 0.11805555555555555 0.028125 0.12083333333333333
0 0.6109375 0.035416666666666666 0.0234375 0.07083333333333333
0 0.219140625 0.5194444444444445 0.04296875 0.15
0 0.550390625 0.21180555555555555 0.02109375 0.11805555555555555
0 0.503125 0.03888888888888889 0.028125 0.07777777777777778
0 0.370703125 0.025 0.0234375 0.05
0 0.9859375 0.0125 0.0265625 0.025
0 0.958984375 0.09861111111111111 0.02734375 0.0763888888888889
0 0.43828125 0.010416666666666666 0.01953125 0.020833333333333332
0 0.5921875 0.043055555555555555 0.01953125 0.06944444444444445
0 0.1296875 0.011805555555555555 0.0328125 0.022222222222222223
0 0.25078125 0.5076388888888889 0.0390625 0.13194444444444445
0 0.234765625 0.45 0.0265625 0.0625
0 0.0078125 0.3104166666666667 0.01484375 0.09861111111111111
0 0.987109375 0.29791666666666666 0.02578125 0.10555555555555556
0 0.9625 0.12986111111111112 0.028125 0.1361111111111111
0 0.4609375 0.014583333333333334 0.01640625 0.029166666666666667
0 0.188671875 0.5 0.0328125 0.14305555555555555
0 0.98671875 0.2604166666666667 0.0265625 0.19305555555555556
0 0.51953125 0.00625 0.021875 0.011111111111111112