0 0.891015625 0.3659722222222222 0.10234375 0.20277777777777778
0 0.285546875 0.32222222222222224 0.0609375 0.12361111111111112
0 0.47265625 0.15069444444444444 0.05234375 0.10694444444444444
0 0.827734375 0.24583333333333332 0.0859375 0.1736111111111111
0 0.448046875 0.38125 0.07109375 0.14305555555555555
0 0.6875 0.6333333333333333 0.0859375 0.175
0 0.76171875 0.7402777777777778 0.0703125 0.11805555555555555
0 0.60078125 0.5340277777777778 0.08515625 0.17222222222222222
0 0.824609375 0.08055555555555556 0.08359375 0.16111111111111112
0 0.463671875 0.03611111111111111 0.05703125 0.07222222222222222
0 0.555859375 0.24791666666666667 0.06796875 0.1375
0 0.457421875 0.052083333333333336 0.05703125 0.10416666666666667
0 0.35234375 0.4340277777777778 0.06875 0.14027777777777778
0 0.45546875 0.26805555555555555 0.08515625 0.17083333333333334
0 0.365625 0.5527777777777778 0.0859375 0.175
0 0.12265625 0.3875 0.0375 0.06527777777777778
0 0.66015625 0.7534722222222222 0.09140625 0.19166666666666668
0 0.053125 0.48333333333333334 0.04609375 0.08333333333333333
0 0.35234375 0.175 0.0578125 0.11944444444444445
0 0.39375 0.043055555555555555 0.04140625 0.06527777777777778
0 0.3640625 0.12361111111111112 0.0515625 0.10694444444444444
0 0.340625 0.22013888888888888 0.06484375 0.13194444444444445
0 0.294140625 0.5465277777777777 0.065625 0.125
0 0.31328125 0.24861111111111112 0.05625 0.11805555555555555
0 0.330078125 0.6354166666666666 0.10078125 0.19444444444444445
0 0.251953125 0.825 0.07421875 0.1527777777777778
0 0.11640625 0.98125 0.06875 0.0375
0 0.030859375 0.6590277777777778 0.06171875 0.1736111111111111
0 0.019921875 0.6229166666666667 0.03984375 0.1125
0 0.281640625 0.8145833333333333 0.084375 0.16805555555555557
0 0.26328125 0.7465277777777778 0.03671875 0.06944444444444445
0 0.304296875 0.7722222222222223 0.0765625 0.15
0 0.149609375 0.34305555555555556 0.02578125 0.043055555555555555