0 0.568359375 0.4263888888888889 0.03515625 0.14722222222222223
0 0.48984375 0.5104166666666666 0.0390625 0.14722222222222223
0 0.5890625 0.02638888888888889 0.025 0.05277777777777778
0 0.296484375 0.6194444444444445 0.0453125 0.15138888888888888
0 0.944921875 0.4048611111111111 0.04296875 0.15694444444444444
0 0.2953125 0.4798611111111111 0.03359375 0.12222222222222222
0 0.510546875 0.39375 0.04140625 0.1527777777777778
0 0.375 0.7298611111111111 0.05625 0.1986111111111111
0 0.491796875 0.17152777777777778 0.02578125 0.12638888888888888
0 0.841015625 0.3159722222222222 0.03828125 0.14305555555555555
0 0.385546875 0.16458333333333333 0.02578125 0.1125
0 0.428515625 0.09027777777777778 0.02578125 0.11666666666666667
0 0.604296875 0.30694444444444446 0.0265625 0.1111111111111111
0 0.0796875 0.7208333333333333 0.053125 0.17777777777777778
0 0.65859375 0.6451388888888889 0.0453125 0.1763888888888889
0 0.730078125 0.09027777777777778 0.01953125 0.125
0 0.45703125 0.09513888888888888 0.02890625 0.11944444444444445
0 0.36953125 0.24166666666666667 0.0296875 0.1375
0 0.050390625 0.15833333333333333 0.0296875 0.12222222222222222
0 0.67109375 0.044444444444444446 0.0234375 0.08611111111111111
0 0.544921875 0.5888888888888889 0.03125 0.14722222222222223
0 0.37734375 0.04583333333333333 0.02265625 0.0875
0 0.12578125 0.05625 0.0328125 0.1125
0 0.966796875 0.9659722222222222 0.05546875 0.06805555555555555
0 0.176953125 0.07708333333333334 0.02578125 0.09861111111111111
0 0.189453125 0.5097222222222222 0.03359375 0.14027777777777778
0 0.61640625 0.21180555555555555 0.03046875 0.0875
0 0.249609375 0.5159722222222223 0.03046875 0.13194444444444445
0 0.220703125 0.5284722222222222 0.040625 0.1486111111111111
0 0.99140625 0.30416666666666664 0.0171875 0.11805555555555555
0 0.708203125 0.016666666666666666 0.025 0.03333333333333333
0 0.222265625 0.45694444444444443 0.02578125 0.059722222222222225
0 0.542578125 0.015277777777777777 0.015625 0.030555555555555555
0 0.94609375 0.010416666666666666 0.01796875 0.019444444444444445
0 0.927734375 0.13402777777777777 0.025 0.10277777777777777
0 0.610546875 0.027083333333333334 0.0234375 0.05416666666666667
0 0.63671875 0.04375 0.028125 0.08611111111111111
0 0.5015625 0.017361111111111112 0.01953125 0.034722222222222224
0 0.994140625 0.022222222222222223 0.01171875 0.044444444444444446
0 0.5203125 0.014583333333333334 0.015625 0.029166666666666667
0 0.9109375 0.1951388888888889 0.034375 0.07777777777777778