0 0.554296875 0.1284722222222222 0.03359375 0.10277777777777777
0 0.937109375 0.46458333333333335 0.059375 0.18333333333333332
0 0.83203125 0.5784722222222223 0.05859375 0.16666666666666666
0 0.81015625 0.43819444444444444 0.053125 0.16666666666666666
0 0.48203125 0.30069444444444443 0.040625 0.13194444444444445
0 0.144921875 0.70625 0.06015625 0.1763888888888889
0 0.148828125 0.12638888888888888 0.03125 0.09027777777777778
0 0.951953125 0.15833333333333333 0.04453125 0.1361111111111111
0 0.61171875 0.3875 0.04140625 0.13472222222222222
0 0.19375 0.10486111111111111 0.040625 0.07361111111111111
0 0.35625 0.22569444444444445 0.040625 0.1388888888888889
0 0.605859375 0.7305555555555555 0.05859375 0.2013888888888889
0 0.68515625 0.7090277777777778 0.053125 0.16666666666666666
0 0.3953125 0.38819444444444445 0.0421875 0.14444444444444443
0 0.605859375 0.9465277777777777 0.04140625 0.07222222222222222
0 0.86015625 0.04097222222222222 0.0421875 0.08194444444444444
0 0.3734375 0.5298611111111111 0.0484375 0.16666666666666666
0 0.902734375 0.18125 0.05078125 0.1527777777777778
0 0.590234375 0.10138888888888889 0.04296875 0.12083333333333333
0 0.11875 0.93125 0.075 0.1375
0 0.6953125 0.05555555555555555 0.0328125 0.1111111111111111
0 0.42265625 0.13055555555555556 0.0359375 0.125
0 0.03671875 0.28194444444444444 0.0421875 0.12916666666666668
0 0.511328125 0.2125 0.04921875 0.15416666666666667
0 0.452734375 0.07083333333333333 0.034375 0.12222222222222222
0 0.646484375 0.027777777777777776 0.02890625 0.05555555555555555
0 0.30859375 0.4284722222222222 0.06640625 0.16666666666666666
0 0.112890625 0.10972222222222222 0.02578125 0.041666666666666664
0 0.893359375 0.09305555555555556 0.04609375 0.12916666666666668
0 0.299609375 0.33402777777777776 0.04296875 0.09861111111111111
0 0.679296875 0.024305555555555556 0.03359375 0.04861111111111111
0 0.466015625 0.09027777777777778 0.02890625 0.10833333333333334
0 0.62890625 0.035416666666666666 0.0265625 0.07083333333333333
0 0.812890625 0.027777777777777776 0.02734375 0.05555555555555555
0 0.362109375 0.04791666666666667 0.02890625 0.041666666666666664
0 0.4578125 0.022916666666666665 0.03125 0.041666666666666664
0 0.194921875 0.5958333333333333 0.04609375 0.15
0 0.224609375 0.5388888888888889 0.02890625 0.0625
0 0.601171875 0.08402777777777778 0.0359375 0.13472222222222222
0 0.828125 0.02361111111111111 0.0328125 0.04722222222222222
0 0.398046875 0.13055555555555556 0.0375 0.12777777777777777
0 0.225390625 0.6069444444444444 0.0546875 0.1625
0 0.961328125 0.050694444444444445 0.02421875 0.10138888888888889
0 0.255078125 0.5861111111111111 0.04921875 0.14305555555555555