0 0.503125 0.1986111111111111 0.03671875 0.12916666666666668
0 0.413671875 0.46875 0.0359375 0.14166666666666666
0 0.67578125 0.09027777777777778 0.02578125 0.11527777777777778
0 0.552734375 0.049305555555555554 0.025 0.09583333333333334
0 0.769921875 0.8604166666666667 0.04609375 0.15555555555555556
0 0.0421875 0.6944444444444444 0.05703125 0.17916666666666667
0 0.503125 0.6416666666666667 0.03984375 0.16944444444444445
0 0.842578125 0.09236111111111112 0.0390625 0.1111111111111111
0 0.8328125 0.6708333333333333 0.04453125 0.1597222222222222
0 0.73125 0.07916666666666666 0.02109375 0.125
0 0.905078125 0.05625 0.0359375 0.10833333333333334
0 0.76171875 0.96875 0.05703125 0.0625
0 0.56015625 0.6680555555555555 0.046875 0.175
0 0.94375 0.05555555555555555 0.0328125 0.1111111111111111
0 0.535546875 0.19791666666666666 0.02734375 0.1111111111111111
0 0.96015625 0.16111111111111112 0.0328125 0.11388888888888889
0 0.403515625 0.1909722222222222 0.034375 0.1388888888888889
0 0.027734375 0.175 0.03515625 0.11388888888888889
0 0.644140625 0.03263888888888889 0.01953125 0.06527777777777778
0 0.980859375 0.6631944444444444 0.03828125 0.17916666666666667
0 0.094140625 0.2833333333333333 0.0421875 0.14444444444444443
0 0.96484375 0.1326388888888889 0.0375 0.17777777777777778
0 0.6203125 0.9784722222222222 0.04609375 0.043055555555555555
0 0.6109375 0.034027777777777775 0.0234375 0.06805555555555555
0 0.556640625 0.12986111111111112 0.01875 0.09583333333333334
0 0.016796875 0.38125 0.03359375 0.1388888888888889
0 0.697265625 0.9861111111111112 0.04296875 0.027777777777777776
0 0.21953125 0.5180555555555556 0.040625 0.15138888888888888
0 0.503515625 0.05763888888888889 0.02890625 0.10555555555555556
0 0.19296875 0.49375 0.03671875 0.15138888888888888
0 0.869921875 0.08402777777777778 0.02578125 0.11805555555555555
0 0.252734375 0.50625 0.0328125 0.13194444444444445
0 0.33828125 0.017361111111111112 0.01640625 0.034722222222222224
0 0.230078125 0.44930555555555557 0.01875 0.05277777777777778
0 0.526953125 0.09305555555555556 0.02421875 0.10833333333333334
0 0.472265625 0.05625 0.02265625 0.09583333333333334
0 0.738671875 0.016666666666666666 0.0265625 0.03333333333333333
0 0.58984375 0.034027777777777775 0.01640625 0.06805555555555555
0 0.6734375 0.009722222222222222 0.01640625 0.019444444444444445
0 0.990234375 0.40555555555555556 0.01953125 0.09444444444444444
0 0.593359375 0.03680555555555556 0.01796875 0.06944444444444445
0 0.961328125 0.11041666666666666 0.03671875 0.125
0 0.490234375 0.008333333333333333 0.015625 0.016666666666666666