0 0.587890625 0.16597222222222222 0.02734375 0.10138888888888889
0 0.6390625 0.7618055555555555 0.03828125 0.1486111111111111
0 0.92734375 0.2222222222222222 0.03671875 0.13333333333333333
0 0.84296875 0.7125 0.05 0.16527777777777777
0 0.6203125 0.38680555555555557 0.03359375 0.12361111111111112
0 0.495703125 0.32222222222222224 0.0328125 0.12777777777777777
0 0.578125 0.6993055555555555 0.04765625 0.18333333333333332
0 0.5625 0.9319444444444445 0.03984375 0.1361111111111111
0 0.405859375 0.33125 0.03125 0.12916666666666668
0 0.9328125 0.30833333333333335 0.040625 0.14027777777777778
0 0.916796875 0.5347222222222222 0.04609375 0.1638888888888889
0 0.3828125 0.17083333333333334 0.02578125 0.11805555555555555
0 0.896484375 0.12430555555555556 0.034375 0.11805555555555555
0 0.02890625 0.11041666666666666 0.028125 0.09722222222222222
0 0.119921875 0.6743055555555556 0.05 0.175
0 0.9796875 0.2875 0.0359375 0.13194444444444445
0 0.82734375 0.55625 0.04453125 0.14027777777777778
0 0.096484375 0.9 0.059375 0.175
0 0.533984375 0.24097222222222223 0.03671875 0.1486111111111111
0 0.629296875 0.09166666666666666 0.028125 0.12083333333333333
0 0.201953125 0.034027777777777775 0.02734375 0.06805555555555555
0 0.730859375 0.09791666666666667 0.025 0.125
0 0.058203125 0.1673611111111111 0.03046875 0.12222222222222222
0 0.6140625 0.1076388888888889 0.0265625 0.1111111111111111
0 0.369921875 0.4576388888888889 0.0390625 0.16111111111111112
0 0.52265625 0.018055555555555554 0.02421875 0.03611111111111111
0 0.426953125 0.1076388888888889 0.02265625 0.11527777777777778
0 0.662890625 0.06180555555555556 0.025 0.08611111111111111
0 0.45859375 0.11180555555555556 0.0296875 0.12361111111111112
0 0.953125 0.018055555555555554 0.01796875 0.03611111111111111
0 0.3140625 0.3055555555555556 0.03203125 0.09722222222222222
0 0.32265625 0.4166666666666667 0.0453125 0.14166666666666666
0 0.242578125 0.024305555555555556 0.021875 0.04861111111111111
0 0.224609375 0.46458333333333335 0.02578125 0.05694444444444444
0 0.679296875 0.04513888888888889 0.021875 0.09027777777777778
0 0.484765625 0.07291666666666667 0.0234375 0.1125
0 0.50234375 0.06736111111111111 0.021875 0.10277777777777777
0 0.85546875 0.08680555555555555 0.01875 0.10277777777777777
0 0.8765625 0.0763888888888889 0.0203125 0.09305555555555556
0 0.99140625 0.17847222222222223 0.0171875 0.09583333333333334
0 0.191015625 0.5173611111111112 0.0359375 0.14166666666666666
0 0.712890625 0.043055555555555555 0.02421875 0.08611111111111111
0 0.251953125 0.5229166666666667 0.03828125 0.13194444444444445
0 0.220703125 0.5375 0.04453125 0.1527777777777778
0 0.133203125 0.02361111111111111 0.02265625 0.04722222222222222
0 0.1484375 0.021527777777777778 0.0203125 0.043055555555555555
0 0.401171875 0.011111111111111112 0.02265625 0.022222222222222223
0 0.99375 0.009722222222222222 0.01171875 0.018055555555555554
0 0.509375 0.06527777777777778 0.02265625 0.10416666666666667