0 0.8671875 0.8104166666666667 0.05390625 0.18611111111111112
0 0.5703125 0.6125 0.04140625 0.15555555555555556
0 0.49609375 0.35347222222222224 0.0359375 0.13333333333333333
0 0.9328125 0.25277777777777777 0.03828125 0.14166666666666666
0 0.591015625 0.18888888888888888 0.02578125 0.1
0 0.94921875 0.34305555555555556 0.0453125 0.14305555555555555
0 0.855859375 0.6381944444444444 0.0453125 0.15555555555555556
0 0.601953125 0.8076388888888889 0.03984375 0.15416666666666667
0 0.899609375 0.46458333333333335 0.0421875 0.1527777777777778
0 0.639453125 0.9548611111111112 0.05546875 0.09027777777777778
0 0.5375 0.27361111111111114 0.03828125 0.15
0 0.54609375 0.8472222222222222 0.03515625 0.16944444444444445
0 0.628515625 0.34791666666666665 0.034375 0.12638888888888888
0 0.112890625 0.9145833333333333 0.06171875 0.17083333333333334
0 0.10546875 0.75625 0.05 0.18611111111111112
0 0.372265625 0.975 0.0546875 0.05
0 0.38359375 0.12916666666666668 0.02734375 0.11527777777777778
0 0.904296875 0.14375 0.03515625 0.12361111111111112
0 0.5640625 0.016666666666666666 0.0375 0.03333333333333333
0 0.6109375 0.07916666666666666 0.0265625 0.10972222222222222
0 0.73125 0.09236111111111112 0.025 0.12777777777777777
0 0.373046875 0.4013888888888889 0.0390625 0.16805555555555557
0 0.510546875 0.049305555555555554 0.021875 0.09444444444444444
0 0.990234375 0.20347222222222222 0.01953125 0.10972222222222222
0 0.3203125 0.4423611111111111 0.06171875 0.17777777777777778
0 0.398828125 0.29097222222222224 0.0296875 0.13333333333333333
0 0.98984375 0.33819444444444446 0.0203125 0.13055555555555556
0 0.626953125 0.06041666666666667 0.02734375 0.11805555555555555
0 0.8859375 0.09375 0.0265625 0.10833333333333334
0 0.666015625 0.050694444444444445 0.0265625 0.1
0 0.703125 0.06805555555555555 0.028125 0.06111111111111111
0 0.459765625 0.1076388888888889 0.03046875 0.12222222222222222
0 0.48359375 0.09027777777777778 0.025 0.11805555555555555
0 0.13828125 0.03263888888888889 0.03828125 0.06527777777777778
0 0.31640625 0.34097222222222223 0.0375 0.09722222222222222
0 0.23515625 0.020833333333333332 0.0328125 0.041666666666666664
0 0.428125 0.10347222222222222 0.02421875 0.11666666666666667
0 0.871484375 0.09652777777777778 0.021875 0.10972222222222222
0 0.071875 0.10069444444444445 0.034375 0.09027777777777778
0 0.018359375 0.5506944444444445 0.03671875 0.1638888888888889
0 0.191796875 0.5131944444444444 0.0328125 0.14583333333333334
0 0.060546875 0.14444444444444443 0.040625 0.16111111111111112
0 0.9515625 0.015277777777777777 0.02109375 0.030555555555555555
0 0.21953125 0.5333333333333333 0.04296875 0.15138888888888888
0 0.2546875 0.5340277777777778 0.04921875 0.14583333333333334
0 0.226953125 0.46041666666666664 0.021875 0.058333333333333334
0 0.705859375 0.03263888888888889 0.02109375 0.06527777777777778
0 0.269140625 0.009722222222222222 0.0234375 0.019444444444444445
0 0.995703125 0.013888888888888888 0.00859375 0.027777777777777776
0 0.01015625 0.006944444444444444 0.0203125 0.0125
0 0.669140625 0.017361111111111112 0.0203125 0.034722222222222224