0 0.49453125 0.4888888888888889 0.0828125 0.1527777777777778
0 0.574609375 0.5319444444444444 0.08046875 0.1486111111111111
0 0.540234375 0.11944444444444445 0.0625 0.11527777777777778
0 0.743359375 0.2569444444444444 0.040625 0.07361111111111111
0 0.653125 0.46944444444444444 0.0609375 0.1125
0 0.361328125 0.2388888888888889 0.06875 0.12638888888888888
0 0.10625 0.1527777777777778 0.11484375 0.2111111111111111
0 0.556640625 0.4354166666666667 0.08828125 0.1625
0 0.822265625 0.7763888888888889 0.08125 0.1486111111111111
0 0.86953125 0.9291666666666667 0.090625 0.14166666666666666
0 0.3125 0.3451388888888889 0.09375 0.17222222222222222
0 0.61796875 0.24097222222222223 0.06484375 0.12222222222222222
0 0.555859375 0.8027777777777778 0.096875 0.17916666666666667
0 0.825 0.46944444444444444 0.0609375 0.11527777777777778
0 0.500390625 0.1638888888888889 0.071875 0.13333333333333333
0 0.49140625 0.6333333333333333 0.08046875 0.15
0 0.802734375 0.37569444444444444 0.06015625 0.10833333333333334
0 0.60078125 0.10902777777777778 0.06171875 0.11388888888888889
0 0.68828125 0.4375 0.06484375 0.11944444444444445
0 0.31875 0.5381944444444444 0.11171875 0.20694444444444443
0 0.579296875 0.03333333333333333 0.05078125 0.06666666666666667
0 0.6203125 0.14791666666666667 0.065625 0.12222222222222222
0 0.761328125 0.27569444444444446 0.0328125 0.059722222222222225
0 0.906640625 0.7819444444444444 0.075 0.1388888888888889
0 0.9421875 0.9305555555555556 0.0625 0.11805555555555555
0 0.266015625 0.13819444444444445 0.078125 0.14444444444444443
0 0.33125 0.8798611111111111 0.04765625 0.08055555555555556
0 0.28125 0.18819444444444444 0.08515625 0.15694444444444444
0 0.952734375 0.7368055555555556 0.0625 0.11527777777777778
0 0.309765625 0.1375 0.040625 0.07361111111111111
0 0.30703125 0.21458333333333332 0.07265625 0.13472222222222222
0 0.934765625 0.7138888888888889 0.05703125 0.10416666666666667
0 0.83046875 0.37777777777777777 0.034375 0.059722222222222225
0 0.71171875 0.18888888888888888 0.02421875 0.043055555555555555
0 0.6828125 0.14097222222222222 0.025 0.044444444444444446
0 0.78203125 0.3298611111111111 0.04375 0.08055555555555556
0 0.762109375 0.30277777777777776 0.03984375 0.07222222222222222