0 0.615625 0.8909722222222223 0.090625 0.18194444444444444
0 0.96875 0.6694444444444444 0.0625 0.14166666666666666
0 0.56640625 0.2881944444444444 0.0625 0.1361111111111111
0 0.769921875 0.7055555555555556 0.07734375 0.16527777777777777
0 0.73515625 0.8423611111111111 0.08671875 0.1875
0 0.92578125 0.6319444444444444 0.0734375 0.1527777777777778
0 0.4703125 0.1597222222222222 0.06171875 0.1361111111111111
0 0.49296875 0.8777777777777778 0.09296875 0.1986111111111111
0 0.962109375 0.5763888888888888 0.05625 0.11527777777777778
0 0.95234375 0.4861111111111111 0.06171875 0.13194444444444445
0 0.86875 0.9666666666666667 0.0921875 0.06666666666666667
0 0.67578125 0.2361111111111111 0.04765625 0.10416666666666667
0 0.615625 0.25833333333333336 0.06875 0.15
0 0.535546875 0.018055555555555554 0.04296875 0.03611111111111111
0 0.170703125 0.2326388888888889 0.084375 0.18611111111111112
0 0.037890625 0.3993055555555556 0.07578125 0.20416666666666666
0 0.60703125 0.5722222222222222 0.07265625 0.15555555555555556
0 0.705078125 0.3145833333333333 0.06328125 0.13333333333333333
0 0.381640625 0.20347222222222222 0.0828125 0.16805555555555557
0 0.361328125 0.45902777777777776 0.0875 0.19166666666666668
0 0.721484375 0.3138888888888889 0.059375 0.1361111111111111
0 0.620703125 0.08402777777777778 0.03828125 0.07777777777777778
0 0.588671875 0.034722222222222224 0.03515625 0.05694444444444444
0 0.790625 0.27708333333333335 0.04609375 0.10138888888888889
0 0.931640625 0.44583333333333336 0.04609375 0.10972222222222222
0 0.83125 0.3020833333333333 0.0375 0.075
0 0.408203125 0.11597222222222223 0.05234375 0.10277777777777777
0 0.56640625 0.12430555555555556 0.05859375 0.13055555555555556
0 0.44609375 0.35 0.0734375 0.1625
0 0.812109375 0.3597222222222222 0.05234375 0.12361111111111112
0 0.544921875 0.1 0.0578125 0.13055555555555556
0 0.59375 0.15 0.05546875 0.11666666666666667
0 0.765234375 0.2791666666666667 0.03671875 0.07777777777777778
0 0.241796875 0.2826388888888889 0.078125 0.16944444444444445
0 0.2734375 0.2263888888888889 0.0328125 0.06388888888888888
0 0.2265625 0.24444444444444444 0.07421875 0.16111111111111112
0 0.914453125 0.4263888888888889 0.04453125 0.10138888888888889
0 0.273046875 0.2972222222222222 0.07890625 0.1597222222222222