0 0.58046875 0.7125 0.0453125 0.16805555555555557
0 0.837109375 0.7041666666666667 0.046875 0.175
0 0.497265625 0.3076388888888889 0.03203125 0.12916666666666668
0 0.644921875 0.7611111111111111 0.0546875 0.15416666666666667
0 0.619140625 0.40625 0.03515625 0.1361111111111111
0 0.928125 0.21319444444444444 0.03515625 0.12777777777777777
0 0.928515625 0.29375 0.04140625 0.1375
0 0.40546875 0.35 0.03125 0.1388888888888889
0 0.566796875 0.9423611111111111 0.03515625 0.1111111111111111
0 0.20078125 0.03680555555555556 0.03203125 0.07361111111111111
0 0.926171875 0.5416666666666666 0.0484375 0.15694444444444444
0 0.1265625 0.6659722222222222 0.04921875 0.19166666666666668
0 0.0234375 0.11666666666666667 0.03203125 0.09305555555555556
0 0.58515625 0.16041666666666668 0.025 0.1
0 0.81875 0.5423611111111111 0.040625 0.14722222222222223
0 0.38046875 0.1763888888888889 0.02578125 0.125
0 0.89375 0.11319444444444444 0.0328125 0.10416666666666667
0 0.97734375 0.27708333333333335 0.034375 0.1361111111111111
0 0.6140625 0.11041666666666666 0.02734375 0.1125
0 0.53515625 0.23125 0.0375 0.14166666666666666
0 0.32109375 0.4097222222222222 0.04375 0.15
0 0.728515625 0.10069444444444445 0.0234375 0.11666666666666667
0 0.093359375 0.8944444444444445 0.065625 0.17222222222222222
0 0.058203125 0.16666666666666666 0.03046875 0.11944444444444445
0 0.85078125 0.09027777777777778 0.025 0.10416666666666667
0 0.369921875 0.48194444444444445 0.040625 0.1736111111111111
0 0.953125 0.019444444444444445 0.01953125 0.03888888888888889
0 0.314453125 0.29930555555555555 0.03671875 0.09305555555555556
0 0.715234375 0.04513888888888889 0.02265625 0.09027777777777778
0 0.50078125 0.06944444444444445 0.02265625 0.1111111111111111
0 0.428125 0.10833333333333334 0.02421875 0.11805555555555555
0 0.45703125 0.11458333333333333 0.028125 0.11805555555555555
0 0.484765625 0.07013888888888889 0.02421875 0.11527777777777778
0 0.871875 0.08263888888888889 0.025 0.10694444444444444
0 0.681640625 0.044444444444444446 0.021875 0.08888888888888889
0 0.633984375 0.10625 0.025 0.12222222222222222
0 0.23828125 0.029861111111111113 0.0234375 0.059722222222222225
0 0.400390625 0.0125 0.0265625 0.025
0 0.6640625 0.07291666666666667 0.0203125 0.06388888888888888
0 0.225390625 0.46944444444444444 0.025 0.0625
0 0.99140625 0.17569444444444443 0.0171875 0.10972222222222222
0 0.190234375 0.5180555555555556 0.0359375 0.14166666666666666
0 0.21875 0.5361111111111111 0.0453125 0.1527777777777778
0 0.510546875 0.01875 0.028125 0.0375
0 0.138671875 0.024305555555555556 0.03046875 0.04861111111111111
0 0.25234375 0.5243055555555556 0.03984375 0.13472222222222222
0 0.9875 0.00625 0.01796875 0.0125