0 0.6015625 0.45416666666666666 0.07265625 0.14722222222222223
0 0.84765625 0.6451388888888889 0.071875 0.14444444444444443
0 0.31875 0.3138888888888889 0.07421875 0.1486111111111111
0 0.69765625 0.36180555555555555 0.06015625 0.11944444444444445
0 0.528125 0.07569444444444444 0.05625 0.11527777777777778
0 0.887109375 0.9222222222222223 0.09140625 0.15555555555555556
0 0.61875 0.7138888888888889 0.0859375 0.175
0 0.084375 0.34444444444444444 0.11640625 0.225
0 0.587109375 0.08472222222222223 0.05625 0.11666666666666667
0 0.47578125 0.5493055555555556 0.0828125 0.16805555555555557
0 0.640625 0.49444444444444446 0.06015625 0.12222222222222222
0 0.2765625 0.45208333333333334 0.09140625 0.18055555555555555
0 0.5234375 0.45902777777777776 0.08125 0.16527777777777777
0 0.586328125 0.24791666666666667 0.0609375 0.12777777777777777
0 0.49609375 0.11527777777777778 0.06640625 0.13472222222222222
0 0.3578125 0.4965277777777778 0.10546875 0.2152777777777778
0 0.824609375 0.3951388888888889 0.0609375 0.12777777777777777
0 0.60390625 0.10416666666666667 0.05703125 0.11805555555555555
0 0.555859375 0.011805555555555555 0.03515625 0.02361111111111111
0 0.924609375 0.7270833333333333 0.075 0.1486111111111111
0 0.8671875 0.36527777777777776 0.0453125 0.06944444444444445
0 0.53828125 0.5590277777777778 0.0671875 0.14027777777777778
0 0.97421875 0.675 0.0515625 0.125
0 0.65546875 0.11180555555555556 0.03125 0.058333333333333334
0 0.96171875 0.6541666666666667 0.0546875 0.1111111111111111
0 0.290625 0.1763888888888889 0.0421875 0.07916666666666666
0 0.293359375 0.24930555555555556 0.06953125 0.14166666666666666
0 0.24609375 0.1875 0.0734375 0.1527777777777778
0 0.734765625 0.19930555555555557 0.02265625 0.04027777777777778
0 0.780078125 0.28402777777777777 0.04453125 0.0875
0 0.2640625 0.23402777777777778 0.08203125 0.16527777777777777
0 0.67734375 0.1375 0.03203125 0.058333333333333334
0 0.75859375 0.25763888888888886 0.04609375 0.08888888888888889
0 0.74140625 0.24027777777777778 0.04140625 0.07916666666666666
0 0.696875 0.1423611111111111 0.01484375 0.02361111111111111