0 0.77265625 0.0798611111111111 0.04296875 0.14027777777777778
0 0.54140625 0.23958333333333334 0.04375 0.1361111111111111
0 0.625 0.44305555555555554 0.0453125 0.13472222222222222
0 0.46328125 0.29791666666666666 0.04296875 0.1375
0 0.4515625 0.05763888888888889 0.0359375 0.10138888888888889
0 0.330859375 0.16319444444444445 0.040625 0.13055555555555556
0 0.532421875 0.7229166666666667 0.0640625 0.18055555555555555
0 0.341015625 0.10069444444444445 0.03671875 0.10555555555555556
0 0.648828125 0.33402777777777776 0.05234375 0.1625
0 0.469921875 0.9465277777777777 0.06015625 0.10694444444444444
0 0.341796875 0.9215277777777777 0.07421875 0.15694444444444444
0 0.905859375 0.2 0.0546875 0.14444444444444443
0 0.53125 0.5680555555555555 0.059375 0.1763888888888889
0 0.415234375 0.06597222222222222 0.0359375 0.09583333333333334
0 0.585546875 0.08263888888888889 0.04296875 0.12361111111111112
0 0.38125 0.5159722222222223 0.06015625 0.17777777777777778
0 0.48359375 0.04583333333333333 0.0296875 0.09166666666666666
0 0.077734375 0.8763888888888889 0.06640625 0.17777777777777778
0 0.39140625 0.07847222222222222 0.03515625 0.10277777777777777
0 0.305859375 0.7513888888888889 0.06015625 0.175
0 0.93359375 0.05763888888888889 0.0421875 0.11527777777777778
0 0.9796875 0.47291666666666665 0.040625 0.19305555555555556
0 0.680859375 0.03819444444444445 0.03671875 0.0763888888888889
0 0.9109375 0.059722222222222225 0.040625 0.11805555555555555
0 0.59140625 0.014583333333333334 0.028125 0.029166666666666667
0 0.535546875 0.3597222222222222 0.0375 0.12777777777777777
0 0.01796875 0.33194444444444443 0.0359375 0.13055555555555556
0 0.246875 0.14444444444444443 0.040625 0.10694444444444444
0 0.087890625 0.25416666666666665 0.04921875 0.13472222222222222
0 0.223046875 0.5430555555555555 0.0328125 0.06805555555555555
0 0.2265625 0.6166666666666667 0.05859375 0.1625
0 0.559765625 0.02013888888888889 0.03203125 0.04027777777777778
0 0.55078125 0.027777777777777776 0.0296875 0.05555555555555555
0 0.19453125 0.6055555555555555 0.04765625 0.1486111111111111
0 0.25703125 0.5916666666666667 0.05234375 0.14722222222222223