0 0.562109375 0.4201388888888889 0.04765625 0.15
0 0.3625 0.20555555555555555 0.0359375 0.1125
0 0.49140625 0.4930555555555556 0.04921875 0.15138888888888888
0 0.584765625 0.26944444444444443 0.03984375 0.11944444444444445
0 0.828515625 0.24166666666666667 0.046875 0.14444444444444443
0 0.6671875 0.6222222222222222 0.05546875 0.15833333333333333
0 0.92734375 0.27291666666666664 0.05546875 0.1597222222222222
0 0.976953125 0.8194444444444444 0.04609375 0.1388888888888889
0 0.29921875 0.5166666666666667 0.04296875 0.12777777777777777
0 0.55234375 0.022916666666666665 0.028125 0.04583333333333333
0 0.35625 0.2847222222222222 0.040625 0.1388888888888889
0 0.463671875 0.16944444444444445 0.0328125 0.13055555555555556
0 0.695703125 0.050694444444444445 0.02890625 0.10138888888888889
0 0.5515625 0.5986111111111111 0.03984375 0.1527777777777778
0 0.3125 0.6534722222222222 0.0609375 0.16944444444444445
0 0.508984375 0.38055555555555554 0.05 0.16527777777777777
0 0.09609375 0.8041666666666667 0.0765625 0.2
0 0.39609375 0.1125 0.03203125 0.12222222222222222
0 0.5953125 0.20833333333333334 0.03984375 0.12083333333333333
0 0.42578125 0.10972222222222222 0.03515625 0.12361111111111112
0 0.399609375 0.7777777777777778 0.06640625 0.21805555555555556
0 0.64140625 0.027777777777777776 0.0375 0.05555555555555555
0 0.344921875 0.08472222222222223 0.02890625 0.1
0 0.139453125 0.16875 0.0421875 0.10277777777777777
0 0.093359375 0.15347222222222223 0.0375 0.11527777777777778
0 0.029296875 0.27291666666666664 0.040625 0.12916666666666668
0 0.557421875 0.9680555555555556 0.05234375 0.05555555555555555
0 0.570703125 0.014583333333333334 0.02578125 0.029166666666666667
0 0.19375 0.5861111111111111 0.0453125 0.14583333333333334
0 0.96953125 0.16666666666666666 0.02734375 0.12083333333333333
0 0.225 0.5965277777777778 0.05078125 0.15694444444444444
0 0.6078125 0.022222222222222223 0.0296875 0.044444444444444446
0 0.253125 0.5791666666666667 0.04140625 0.14166666666666666
0 0.89375 0.030555555555555555 0.03125 0.06111111111111111
0 0.88203125 0.12361111111111112 0.0484375 0.14305555555555555
0 0.221484375 0.5263888888888889 0.0296875 0.0625
0 0.50234375 0.017361111111111112 0.01875 0.034722222222222224
0 0.46328125 0.02013888888888889 0.01953125 0.03611111111111111
0 0.583984375 0.024305555555555556 0.02890625 0.04861111111111111
0 0.6484375 0.011111111111111112 0.0484375 0.022222222222222223