0 0.566796875 0.29791666666666666 0.0328125 0.12916666666666668
0 0.283984375 0.6145833333333334 0.04140625 0.14583333333333334
0 0.6703125 0.4534722222222222 0.0375 0.15416666666666667
0 0.969140625 0.1840277777777778 0.03125 0.11805555555555555
0 0.97421875 0.5534722222222223 0.0515625 0.16805555555555557
0 0.386328125 0.08194444444444444 0.02734375 0.10833333333333334
0 0.503125 0.6569444444444444 0.04296875 0.16666666666666666
0 0.930078125 0.30625 0.0390625 0.14444444444444443
0 0.623046875 0.4215277777777778 0.02890625 0.11527777777777778
0 0.3703125 0.14444444444444443 0.0296875 0.12083333333333333
0 0.818359375 0.018055555555555554 0.0375 0.03611111111111111
0 0.486328125 0.25 0.0296875 0.12777777777777777
0 0.02109375 0.65 0.0421875 0.15416666666666667
0 0.302734375 0.7833333333333333 0.05234375 0.1625
0 0.823046875 0.21180555555555555 0.03125 0.12916666666666668
0 0.62265625 0.14722222222222223 0.02890625 0.10833333333333334
0 0.5015625 0.0375 0.0296875 0.075
0 0.38046875 0.55625 0.0484375 0.19305555555555556
0 0.5515625 0.43819444444444444 0.025 0.13055555555555556
0 0.133203125 0.9027777777777778 0.06875 0.18888888888888888
0 0.513671875 0.5201388888888889 0.04453125 0.16666666666666666
0 0.458984375 0.05694444444444444 0.0265625 0.10972222222222222
0 0.730859375 0.08333333333333333 0.0203125 0.12222222222222222
0 0.43828125 0.059027777777777776 0.02421875 0.11388888888888889
0 0.941015625 0.18055555555555555 0.0265625 0.1125
0 0.049609375 0.16319444444444445 0.02734375 0.11388888888888889
0 0.262109375 0.06597222222222222 0.025 0.09166666666666666
0 0.53515625 0.035416666666666666 0.025 0.07083333333333333
0 0.648046875 0.035416666666666666 0.0234375 0.07083333333333333
0 0.12265625 0.09722222222222222 0.040625 0.13333333333333333
0 0.21953125 0.5208333333333334 0.040625 0.15416666666666667
0 0.225390625 0.4479166666666667 0.02421875 0.06527777777777778
0 0.6234375 0.03194444444444444 0.02578125 0.06388888888888888
0 0.18984375 0.5013888888888889 0.03515625 0.14583333333333334
0 0.251171875 0.5104166666666666 0.0375 0.1375