0 0.8796875 0.3298611111111111 0.096875 0.1875
0 0.44453125 0.38333333333333336 0.071875 0.14027777777777778
0 0.692578125 0.6097222222222223 0.0890625 0.1763888888888889
0 0.819140625 0.22569444444444445 0.09296875 0.18194444444444444
0 0.283984375 0.3416666666666667 0.06640625 0.13194444444444445
0 0.81953125 0.07361111111111111 0.0890625 0.14722222222222223
0 0.463671875 0.15138888888888888 0.0546875 0.10833333333333334
0 0.607421875 0.5375 0.0921875 0.18472222222222223
0 0.451171875 0.05277777777777778 0.06015625 0.10555555555555556
0 0.369140625 0.56875 0.08203125 0.1625
0 0.352734375 0.44583333333333336 0.06796875 0.1361111111111111
0 0.554296875 0.24513888888888888 0.06796875 0.13333333333333333
0 0.4484375 0.27152777777777776 0.078125 0.1527777777777778
0 0.66875 0.7472222222222222 0.08515625 0.17222222222222222
0 0.1171875 0.4173611111111111 0.03828125 0.06805555555555555
0 0.769140625 0.7298611111111111 0.06328125 0.10416666666666667
0 0.3796875 0.05694444444444444 0.03359375 0.05694444444444444
0 0.053515625 0.5104166666666666 0.0453125 0.08194444444444444
0 0.346875 0.18472222222222223 0.0609375 0.12222222222222222
0 0.334765625 0.6430555555555556 0.09921875 0.19027777777777777
0 0.294140625 0.5583333333333333 0.0640625 0.12222222222222222
0 0.30859375 0.2590277777777778 0.06015625 0.12083333333333333
0 0.3359375 0.23125 0.065625 0.13055555555555556
0 0.35625 0.13194444444444445 0.05390625 0.10833333333333334
0 0.25859375 0.8409722222222222 0.07421875 0.1486111111111111
0 0.144140625 0.36736111111111114 0.02734375 0.04583333333333333
0 0.26796875 0.7618055555555555 0.0390625 0.07083333333333333
0 0.45078125 0.01875 0.0421875 0.0375
0 0.287890625 0.8277777777777777 0.0859375 0.16805555555555557
0 0.309375 0.7840277777777778 0.0765625 0.14722222222222223
0 0.016796875 0.6548611111111111 0.03359375 0.09583333333333334
0 0.03359375 0.6902777777777778 0.0671875 0.14722222222222223
0 0.45625 0.04236111111111111 0.0609375 0.08472222222222223