0 0.56953125 0.1375 0.028125 0.11388888888888889
0 0.65859375 0.6951388888888889 0.040625 0.1388888888888889
0 0.2546875 0.9173611111111111 0.04921875 0.15138888888888888
0 0.403515625 0.6833333333333333 0.040625 0.1638888888888889
0 0.50234375 0.10972222222222222 0.0296875 0.11527777777777778
0 0.6609375 0.21736111111111112 0.0296875 0.12777777777777777
0 0.383984375 0.30694444444444446 0.03671875 0.14444444444444443
0 0.040234375 0.16666666666666666 0.0375 0.1125
0 0.9515625 0.46944444444444444 0.04609375 0.15138888888888888
0 0.705859375 0.9180555555555555 0.05390625 0.1638888888888889
0 0.776953125 0.06805555555555555 0.03203125 0.11805555555555555
0 0.73203125 0.07361111111111111 0.02421875 0.12638888888888888
0 0.530859375 0.10625 0.0234375 0.10138888888888889
0 0.496484375 0.4263888888888889 0.03203125 0.1388888888888889
0 0.14609375 0.9388888888888889 0.06328125 0.11805555555555555
0 0.80625 0.9569444444444445 0.05 0.08611111111111111
0 0.4984375 0.029166666666666667 0.02890625 0.058333333333333334
0 0.5265625 0.9659722222222222 0.05625 0.06805555555555555
0 0.54921875 0.8208333333333333 0.0578125 0.2152777777777778
0 0.97578125 0.10347222222222222 0.0296875 0.06666666666666667
0 0.670703125 0.04652777777777778 0.02734375 0.09166666666666666
0 0.960546875 0.16319444444444445 0.05234375 0.12361111111111112
0 0.54921875 0.23125 0.021875 0.11388888888888889
0 0.64609375 0.03125 0.02109375 0.0625
0 0.982421875 0.2743055555555556 0.03515625 0.12361111111111112
0 0.1203125 0.1798611111111111 0.0390625 0.13472222222222222
0 0.009375 0.2923611111111111 0.01875 0.08333333333333333
0 0.978515625 0.1625 0.03828125 0.125
0 0.219921875 0.5152777777777777 0.04609375 0.15416666666666667
0 0.459765625 0.018055555555555554 0.01640625 0.03611111111111111
0 0.236328125 0.44583333333333336 0.02421875 0.059722222222222225
0 0.3703125 0.029166666666666667 0.02421875 0.058333333333333334
0 0.437890625 0.013888888888888888 0.0171875 0.027777777777777776
0 0.612109375 0.034027777777777775 0.02265625 0.06805555555555555
0 0.189453125 0.49930555555555556 0.0328125 0.14444444444444443
0 0.594921875 0.04375 0.01796875 0.06527777777777778
0 0.394140625 0.011111111111111112 0.015625 0.020833333333333332
0 0.2515625 0.5020833333333333 0.04140625 0.13333333333333333
0 0.3859375 0.06111111111111111 0.01796875 0.10138888888888889
0 0.97734375 0.011805555555555555 0.0359375 0.02361111111111111