0 0.159375 0.9569444444444445 0.059375 0.08611111111111111
0 0.041796875 0.7493055555555556 0.06015625 0.16527777777777777
0 0.558203125 0.27361111111111114 0.03828125 0.13194444444444445
0 0.619921875 0.4354166666666667 0.04375 0.1361111111111111
0 0.31484375 0.8555555555555555 0.059375 0.19027777777777777
0 0.4796875 0.04513888888888889 0.0328125 0.08888888888888889
0 0.976171875 0.5125 0.04765625 0.17777777777777778
0 0.9546875 0.11875 0.03828125 0.11527777777777778
0 0.351953125 0.15486111111111112 0.0359375 0.13055555555555556
0 0.80234375 0.15069444444444444 0.0375 0.13472222222222222
0 0.475 0.2638888888888889 0.0359375 0.12916666666666668
0 0.5109375 0.6833333333333333 0.05 0.15694444444444444
0 0.9203125 0.25069444444444444 0.04765625 0.1486111111111111
0 0.664453125 0.39791666666666664 0.04296875 0.1486111111111111
0 0.28828125 0.6722222222222223 0.046875 0.14722222222222223
0 0.5203125 0.5381944444444444 0.05390625 0.17916666666666667
0 0.378125 0.5333333333333333 0.05390625 0.175
0 0.607421875 0.12152777777777778 0.034375 0.11527777777777778
0 0.51171875 0.03819444444444445 0.025 0.0763888888888889
0 0.36484375 0.09444444444444444 0.03046875 0.10972222222222222
0 0.4390625 0.06319444444444444 0.03125 0.1125
0 0.927734375 0.12569444444444444 0.0390625 0.1125
0 0.41796875 0.06805555555555555 0.03046875 0.11388888888888889
0 0.54609375 0.4027777777777778 0.03125 0.13333333333333333
0 0.709765625 0.05694444444444444 0.02890625 0.11388888888888889
0 0.447265625 0.9777777777777777 0.05546875 0.044444444444444446
0 0.10546875 0.17222222222222222 0.04921875 0.13472222222222222
0 0.03125 0.23819444444444443 0.03828125 0.11944444444444445
0 0.621875 0.025 0.0265625 0.05
0 0.253125 0.10208333333333333 0.028125 0.09861111111111111
0 0.223046875 0.49166666666666664 0.02890625 0.06666666666666667
0 0.220703125 0.5631944444444444 0.04765625 0.15833333333333333
0 0.191015625 0.5493055555555556 0.04140625 0.15138888888888888
0 0.58046875 0.03125 0.025 0.0625
0 0.597265625 0.025 0.02421875 0.05
0 0.25234375 0.5486111111111112 0.04296875 0.1388888888888889