0 0.4796875 0.2652777777777778 0.071875 0.1375
0 0.612890625 0.26666666666666666 0.08046875 0.15555555555555556
0 0.892578125 0.05694444444444444 0.10078125 0.11388888888888889
0 0.521484375 0.5048611111111111 0.09453125 0.18194444444444444
0 0.4484375 0.9263888888888889 0.096875 0.14722222222222223
0 0.560546875 0.6243055555555556 0.09140625 0.175
0 0.569140625 0.3013888888888889 0.06328125 0.12083333333333333
0 0.374609375 0.8368055555555556 0.084375 0.16111111111111112
0 0.4015625 0.3236111111111111 0.0671875 0.13055555555555556
0 0.270703125 0.3659722222222222 0.06640625 0.12916666666666668
0 0.469921875 0.08819444444444445 0.06015625 0.11527777777777778
0 0.42265625 0.6694444444444444 0.10078125 0.19583333333333333
0 0.337890625 0.13819444444444445 0.0484375 0.09027777777777778
0 0.2625 0.3 0.0578125 0.1125
0 0.163671875 0.42569444444444443 0.05390625 0.10138888888888889
0 0.29609375 0.22569444444444445 0.05859375 0.11388888888888889
0 0.31015625 0.19930555555555557 0.05859375 0.1125
0 0.030859375 0.7423611111111111 0.06171875 0.11944444444444445
0 0.515625 0.3888888888888889 0.065625 0.12916666666666668
0 0.363671875 0.10277777777777777 0.04375 0.08194444444444444
0 0.064453125 0.6090277777777777 0.078125 0.1486111111111111
0 0.267578125 0.7673611111111112 0.0421875 0.07777777777777778
0 0.289453125 0.8298611111111112 0.08671875 0.16666666666666666
0 0.308984375 0.7840277777777778 0.07734375 0.14722222222222223
0 0.4296875 0.01875 0.0421875 0.0375
0 0.259375 0.8472222222222222 0.07890625 0.1527777777777778