0 0.609375 0.3347222222222222 0.03359375 0.11666666666666667
0 0.833203125 0.28680555555555554 0.03359375 0.1375
0 0.383203125 0.6770833333333334 0.05234375 0.17222222222222222
0 0.663671875 0.5993055555555555 0.0421875 0.1638888888888889
0 0.569140625 0.39375 0.034375 0.14027777777777778
0 0.6171875 0.2013888888888889 0.02890625 0.10833333333333334
0 0.49296875 0.5381944444444444 0.03828125 0.15138888888888888
0 0.376953125 0.034027777777777775 0.0265625 0.06805555555555555
0 0.38515625 0.14375 0.0265625 0.11527777777777778
0 0.0921875 0.7611111111111111 0.053125 0.18055555555555555
0 0.95234375 0.42916666666666664 0.04140625 0.15694444444444444
0 0.371484375 0.2125 0.03125 0.12916666666666668
0 0.490234375 0.18541666666666667 0.025 0.12638888888888888
0 0.512109375 0.41597222222222224 0.0390625 0.15833333333333333
0 0.43359375 0.08125 0.025 0.11527777777777778
0 0.298046875 0.5041666666666667 0.0375 0.14583333333333334
0 0.29609375 0.6527777777777778 0.04296875 0.1527777777777778
0 0.4546875 0.08125 0.02734375 0.11527777777777778
0 0.73125 0.0875 0.0234375 0.125
0 0.54921875 0.55 0.02578125 0.14166666666666666
0 0.125390625 0.06458333333333334 0.03828125 0.125
0 0.662890625 0.04097222222222222 0.028125 0.07916666666666666
0 0.0515625 0.15694444444444444 0.03203125 0.12361111111111112
0 0.9171875 0.2361111111111111 0.03671875 0.14305555555555555
0 0.941796875 0.15 0.028125 0.11805555555555555
0 0.59140625 0.018055555555555554 0.02109375 0.03611111111111111
0 0.223046875 0.45416666666666666 0.0265625 0.07083333333333333
0 0.2 0.07222222222222222 0.03046875 0.09722222222222222
0 0.2203125 0.5256944444444445 0.04140625 0.1486111111111111
0 0.7265625 0.013194444444444444 0.0328125 0.02638888888888889
0 0.246875 0.5118055555555555 0.03125 0.13055555555555556
0 0.520703125 0.01597222222222222 0.0203125 0.03194444444444444
0 0.921875 0.15 0.02734375 0.10277777777777777
0 0.5015625 0.019444444444444445 0.0203125 0.03888888888888889
0 0.189453125 0.5041666666666667 0.03359375 0.14027777777777778
0 0.6390625 0.035416666666666666 0.028125 0.07083333333333333
0 0.61484375 0.03958333333333333 0.02421875 0.075
0 0.54609375 0.009722222222222222 0.01484375 0.018055555555555554
0 0.616015625 0.013194444444444444 0.021875 0.02638888888888889
0 0.994140625 0.2881944444444444 0.01171875 0.05694444444444444
0 0.94609375 0.008333333333333333 0.01875 0.016666666666666666