0 0.577734375 0.9479166666666666 0.07734375 0.10416666666666667
0 0.399609375 0.4861111111111111 0.06640625 0.1625
0 0.729296875 0.9395833333333333 0.08203125 0.12083333333333333
0 0.5703125 0.18958333333333333 0.05859375 0.1361111111111111
0 0.490625 0.5506944444444445 0.06875 0.17083333333333334
0 0.7328125 0.27847222222222223 0.05234375 0.13055555555555556
0 0.94296875 0.41180555555555554 0.0734375 0.14583333333333334
0 0.908984375 0.8840277777777777 0.08125 0.1875
0 0.59921875 0.21180555555555555 0.04921875 0.11944444444444445
0 0.644140625 0.15694444444444444 0.04921875 0.125
0 0.537890625 0.8090277777777778 0.08125 0.2
0 0.9796875 0.4076388888888889 0.040625 0.13194444444444445
0 0.187109375 0.041666666666666664 0.07109375 0.08333333333333333
0 0.7625 0.17777777777777778 0.034375 0.06527777777777778
0 0.80234375 0.26458333333333334 0.04453125 0.12638888888888888
0 0.992578125 0.49583333333333335 0.01484375 0.1388888888888889
0 0.45078125 0.1840277777777778 0.06328125 0.1625
0 0.731640625 0.1638888888888889 0.0328125 0.0763888888888889
0 0.700390625 0.14375 0.0375 0.08333333333333333
0 0.031640625 0.28958333333333336 0.06328125 0.1875
0 0.4515625 0.9548611111111112 0.0703125 0.09027777777777778
0 0.833984375 0.24166666666666667 0.0453125 0.09166666666666666
0 0.682421875 0.1361111111111111 0.03125 0.07361111111111111
0 0.61796875 0.22777777777777777 0.0421875 0.11388888888888889
0 0.994140625 0.5541666666666667 0.01171875 0.12777777777777777
0 0.60390625 0.09791666666666667 0.059375 0.13194444444444445
0 0.539453125 0.05416666666666667 0.03125 0.09027777777777778
0 0.98828125 0.6819444444444445 0.0234375 0.08888888888888889
0 0.234375 0.3298611111111111 0.071875 0.17083333333333334
0 0.265625 0.3472222222222222 0.05703125 0.1375
0 0.212890625 0.2916666666666667 0.06640625 0.1638888888888889
0 0.619921875 0.06944444444444445 0.0265625 0.05138888888888889
0 0.079296875 0.04791666666666667 0.04609375 0.09583333333333334