0 0.575 0.4930555555555556 0.06328125 0.15416666666666667
0 0.49765625 0.475 0.06484375 0.15555555555555556
0 0.60546875 0.76875 0.07578125 0.18055555555555555
0 0.462890625 0.125 0.04921875 0.11666666666666667
0 0.323828125 0.33055555555555555 0.0578125 0.1361111111111111
0 0.63671875 0.3729166666666667 0.0515625 0.12361111111111112
0 0.858203125 0.5777777777777777 0.06328125 0.15555555555555556
0 0.68984375 0.13125 0.05078125 0.08611111111111111
0 0.516796875 0.6354166666666666 0.0546875 0.1486111111111111
0 0.938671875 0.6777777777777778 0.07109375 0.1625
0 0.434765625 0.19444444444444445 0.059375 0.15
0 0.665625 0.3402777777777778 0.053125 0.13055555555555556
0 0.799609375 0.27152777777777776 0.0453125 0.12916666666666668
0 0.294921875 0.4618055555555556 0.07734375 0.17777777777777778
0 0.562890625 0.1763888888888889 0.05 0.13055555555555556
0 0.01015625 0.6458333333333334 0.0203125 0.08333333333333333
0 0.5453125 0.40069444444444446 0.06796875 0.16944444444444445
0 0.424609375 0.95625 0.06015625 0.08472222222222223
0 0.519140625 0.07291666666666667 0.04609375 0.125
0 0.0625 0.38958333333333334 0.09609375 0.2111111111111111
0 0.333203125 0.6763888888888889 0.0984375 0.24583333333333332
0 0.5453125 0.09722222222222222 0.0515625 0.12916666666666668
0 0.481640625 0.02847222222222222 0.04140625 0.05694444444444444
0 0.93828125 0.5131944444444444 0.06171875 0.14305555555555555
0 0.761328125 0.19791666666666666 0.05 0.10555555555555556
0 0.975390625 0.43333333333333335 0.04140625 0.10138888888888889
0 0.210546875 0.3013888888888889 0.0609375 0.15138888888888888
0 0.264453125 0.3458333333333333 0.05703125 0.14444444444444443
0 0.990234375 0.6256944444444444 0.01953125 0.12083333333333333
0 0.9484375 0.4270833333333333 0.0453125 0.10972222222222222
0 0.734765625 0.16666666666666666 0.03671875 0.08055555555555556
0 0.234765625 0.33819444444444446 0.06875 0.16805555555555557
0 0.2515625 0.2743055555555556 0.0359375 0.06805555555555555
0 0.6046875 0.052083333333333336 0.0234375 0.03888888888888889
0 0.6375 0.08194444444444444 0.02734375 0.05277777777777778
0 0.95390625 0.8354166666666667 0.0359375 0.1
0 0.71171875 0.1527777777777778 0.04140625 0.08194444444444444