0 0.748046875 0.044444444444444446 0.03671875 0.08888888888888889
0 0.544140625 0.15208333333333332 0.0375 0.12083333333333333
0 0.46796875 0.10138888888888889 0.03828125 0.11944444444444445
0 0.0203125 0.2902777777777778 0.040625 0.11666666666666667
0 0.48359375 0.40347222222222223 0.04609375 0.14722222222222223
0 0.6640625 0.6152777777777778 0.0515625 0.14305555555555555
0 0.55859375 0.9243055555555556 0.0609375 0.13472222222222222
0 0.16015625 0.95625 0.0703125 0.0875
0 0.9390625 0.33541666666666664 0.05703125 0.1625
0 0.637109375 0.21041666666666667 0.04375 0.14305555555555555
0 0.2875 0.9229166666666667 0.0609375 0.15416666666666667
0 0.567578125 0.7569444444444444 0.06875 0.21666666666666667
0 0.498046875 0.09444444444444444 0.03125 0.10277777777777777
0 0.426171875 0.7625 0.05625 0.18055555555555555
0 0.694921875 0.044444444444444446 0.02890625 0.08888888888888889
0 0.777734375 0.89375 0.0625 0.09583333333333334
0 0.365234375 0.37222222222222223 0.053125 0.16666666666666666
0 0.09765625 0.27291666666666664 0.05078125 0.14305555555555555
0 0.628125 0.04027777777777778 0.0359375 0.08055555555555556
0 0.459765625 0.03263888888888889 0.02890625 0.059722222222222225
0 0.529296875 0.24861111111111112 0.03203125 0.12222222222222222
0 0.6078125 0.016666666666666666 0.028125 0.03333333333333333
0 0.398828125 0.043055555555555555 0.02265625 0.04861111111111111
0 0.046484375 0.125 0.03515625 0.041666666666666664
0 0.421875 0.03680555555555556 0.02265625 0.04861111111111111
0 0.949609375 0.09791666666666667 0.06015625 0.19583333333333333
0 0.223828125 0.5902777777777778 0.0546875 0.16111111111111112
0 0.355859375 0.050694444444444445 0.0203125 0.043055555555555555
0 0.57421875 0.027083333333333334 0.0328125 0.05416666666666667
0 0.33515625 0.07152777777777777 0.03125 0.075
0 0.23359375 0.5152777777777777 0.03125 0.07222222222222222
0 0.967578125 0.1486111111111111 0.028125 0.125
0 0.25390625 0.5756944444444444 0.04609375 0.1361111111111111
0 0.33359375 0.10902777777777778 0.03125 0.09444444444444444
0 0.190234375 0.5736111111111111 0.053125 0.15
0 0.552734375 0.030555555555555555 0.02265625 0.06111111111111111
0 0.557421875 0.03125 0.02421875 0.0625