0 0.56953125 0.1909722222222222 0.03046875 0.11944444444444445
0 0.5 0.08125 0.028125 0.1111111111111111
0 0.644140625 0.6048611111111111 0.04140625 0.1375
0 0.266015625 0.8041666666666667 0.04609375 0.15138888888888888
0 0.408203125 0.8006944444444445 0.0453125 0.1597222222222222
0 0.6609375 0.2861111111111111 0.03203125 0.13333333333333333
0 0.5171875 0.8972222222222223 0.0515625 0.19305555555555556
0 0.78984375 0.11736111111111111 0.03203125 0.11666666666666667
0 0.106640625 0.8486111111111111 0.0625 0.19305555555555556
0 0.288671875 0.9708333333333333 0.0578125 0.058333333333333334
0 0.037109375 0.175 0.0328125 0.10555555555555556
0 0.48828125 0.3645833333333333 0.03046875 0.13472222222222222
0 0.371875 0.059722222222222225 0.0265625 0.11527777777777778
0 0.121484375 0.15902777777777777 0.0359375 0.12638888888888888
0 0.941015625 0.41458333333333336 0.04609375 0.1486111111111111
0 0.53125 0.08263888888888889 0.021875 0.10138888888888889
0 0.435546875 0.029861111111111113 0.0234375 0.059722222222222225
0 0.542578125 0.7097222222222223 0.04921875 0.18055555555555555
0 0.380078125 0.38472222222222224 0.04140625 0.15694444444444444
0 0.459375 0.029166666666666667 0.021875 0.058333333333333334
0 0.730078125 0.08263888888888889 0.01953125 0.11805555555555555
0 0.54609375 0.2923611111111111 0.0234375 0.11388888888888889
0 0.651953125 0.06805555555555555 0.028125 0.1125
0 0.39140625 0.02847222222222222 0.0203125 0.05694444444444444
0 0.4875 0.022222222222222223 0.02421875 0.044444444444444446
0 0.050390625 0.01875 0.0203125 0.0375
0 0.609765625 0.034027777777777775 0.0234375 0.06805555555555555
0 0.96796875 0.24444444444444444 0.03203125 0.11805555555555555
0 0.3390625 0.06527777777777778 0.01875 0.10138888888888889
0 0.21796875 0.5229166666666667 0.04453125 0.1527777777777778
0 0.2328125 0.4479166666666667 0.02421875 0.06388888888888888
0 0.937109375 0.019444444444444445 0.034375 0.03888888888888889
0 0.644140625 0.030555555555555555 0.0234375 0.06111111111111111
0 0.986328125 0.24513888888888888 0.02734375 0.13055555555555556
0 0.249609375 0.5145833333333333 0.04140625 0.1375
0 0.187890625 0.4979166666666667 0.0421875 0.14444444444444443
0 0.60390625 0.03611111111111111 0.02421875 0.07222222222222222
0 0.9890625 0.18055555555555555 0.021875 0.1375
0 0.590625 0.05138888888888889 0.02265625 0.04583333333333333