0 0.691796875 0.8847222222222222 0.05078125 0.1527777777777778
0 0.65546875 0.11180555555555556 0.03203125 0.11944444444444445
0 0.503125 0.5583333333333333 0.04375 0.15416666666666667
0 0.4859375 0.16875 0.03984375 0.12083333333333333
0 0.96796875 0.5347222222222222 0.05859375 0.1736111111111111
0 0.40625 0.5604166666666667 0.04296875 0.15138888888888888
0 0.825390625 0.7368055555555556 0.053125 0.18333333333333332
0 0.962890625 0.0875 0.0453125 0.11666666666666667
0 0.601171875 0.7472222222222222 0.0546875 0.18888888888888888
0 0.542578125 0.07708333333333334 0.02890625 0.1111111111111111
0 0.79453125 0.9138888888888889 0.0546875 0.10694444444444444
0 0.867578125 0.0763888888888889 0.040625 0.11666666666666667
0 0.71640625 0.058333333333333334 0.0328125 0.11666666666666667
0 0.518359375 0.16527777777777777 0.0328125 0.10972222222222222
0 0.9453125 0.04097222222222222 0.0359375 0.08194444444444444
0 0.09609375 0.3034722222222222 0.0515625 0.14722222222222223
0 0.027734375 0.6875 0.05 0.19027777777777777
0 0.6546875 0.013194444444444444 0.025 0.02638888888888889
0 0.911328125 0.04652777777777778 0.04140625 0.09305555555555556
0 0.0265625 0.22916666666666666 0.040625 0.11666666666666667
0 0.97421875 0.15069444444444444 0.03125 0.11944444444444445
0 0.624609375 0.02638888888888889 0.02265625 0.05277777777777778
0 0.59140625 0.030555555555555555 0.0265625 0.06111111111111111
0 0.428515625 0.07013888888888889 0.021875 0.09444444444444444
0 0.3796875 0.2465277777777778 0.03828125 0.14305555555555555
0 0.493359375 0.06180555555555556 0.0328125 0.12083333333333333
0 0.73203125 0.020833333333333332 0.0296875 0.041666666666666664
0 0.573828125 0.03263888888888889 0.02109375 0.06527777777777778
0 0.56875 0.9604166666666667 0.0625 0.07083333333333333
0 0.5390625 0.16319444444444445 0.02421875 0.10833333333333334
0 0.250390625 0.5388888888888889 0.03515625 0.12777777777777777
0 0.219140625 0.5555555555555556 0.046875 0.15555555555555556
0 0.190234375 0.53125 0.04140625 0.15
0 0.501171875 0.019444444444444445 0.01953125 0.03888888888888889
0 0.01171875 0.41805555555555557 0.0234375 0.125
0 0.884375 0.06736111111111111 0.02890625 0.11527777777777778
0 0.16328125 0.05138888888888889 0.0375 0.025
0 0.987890625 0.28194444444444444 0.01328125 0.09444444444444444
0 0.225 0.49166666666666664 0.02265625 0.058333333333333334
0 0.88984375 0.024305555555555556 0.0140625 0.034722222222222224
0 0.50625 0.02013888888888889 0.025 0.04027777777777778