0 0.61796875 0.3888888888888889 0.03671875 0.12083333333333333
0 0.961328125 0.5020833333333333 0.0484375 0.16111111111111112
0 0.56953125 0.33055555555555555 0.0328125 0.13055555555555556
0 0.4390625 0.06666666666666667 0.02421875 0.11805555555555555
0 0.377734375 0.5993055555555555 0.05625 0.1986111111111111
0 0.96015625 0.1701388888888889 0.0296875 0.11805555555555555
0 0.499609375 0.029861111111111113 0.02734375 0.059722222222222225
0 0.825 0.23819444444444443 0.03203125 0.13194444444444445
0 0.621875 0.1673611111111111 0.028125 0.10972222222222222
0 0.36875 0.1673611111111111 0.02890625 0.12361111111111112
0 0.29765625 0.7347222222222223 0.0453125 0.17083333333333334
0 0.50078125 0.6111111111111112 0.04140625 0.16666666666666666
0 0.117578125 0.8611111111111112 0.05546875 0.20694444444444443
0 0.38359375 0.10555555555555556 0.02734375 0.10972222222222222
0 0.4890625 0.22708333333333333 0.03046875 0.13055555555555556
0 0.50546875 0.4777777777777778 0.04140625 0.15138888888888888
0 0.669140625 0.5041666666666667 0.0390625 0.15833333333333333
0 0.936328125 0.17291666666666666 0.0265625 0.1111111111111111
0 0.533203125 0.02847222222222222 0.0203125 0.05694444444444444
0 0.459765625 0.06388888888888888 0.02734375 0.11666666666666667
0 0.787109375 0.017361111111111112 0.04140625 0.034722222222222224
0 0.28671875 0.5666666666666667 0.0359375 0.14166666666666666
0 0.91875 0.2791666666666667 0.04453125 0.16527777777777777
0 0.55078125 0.475 0.02734375 0.14583333333333334
0 0.73203125 0.08402777777777778 0.02421875 0.12777777777777777
0 0.237109375 0.06666666666666667 0.02890625 0.09027777777777778
0 0.0515625 0.15902777777777777 0.0296875 0.11666666666666667
0 0.01484375 0.6048611111111111 0.0296875 0.15
0 0.653125 0.03611111111111111 0.028125 0.07222222222222222
0 0.12421875 0.08194444444444444 0.03359375 0.11944444444444445
0 0.384375 0.017361111111111112 0.01640625 0.034722222222222224
0 0.224609375 0.4479166666666667 0.025 0.06388888888888888
0 0.250390625 0.5111111111111111 0.0328125 0.13055555555555556
0 0.219921875 0.5201388888888889 0.04296875 0.15138888888888888
0 0.626953125 0.03680555555555556 0.028125 0.07361111111111111
0 0.191015625 0.5020833333333333 0.03203125 0.14583333333333334
0 0.458203125 0.0125 0.0171875 0.025
0 0.946875 0.006944444444444444 0.0203125 0.013888888888888888
0 0.609765625 0.03819444444444445 0.0203125 0.06944444444444445