0 0.502734375 0.1111111111111111 0.03046875 0.11805555555555555
0 0.66171875 0.20277777777777778 0.03125 0.12222222222222222
0 0.56953125 0.13472222222222222 0.028125 0.1125
0 0.25390625 0.9291666666666667 0.04921875 0.14166666666666666
0 0.805859375 0.9416666666666667 0.05 0.11388888888888889
0 0.040625 0.16666666666666666 0.03671875 0.1111111111111111
0 0.698828125 0.9055555555555556 0.05078125 0.18333333333333332
0 0.531640625 0.1111111111111111 0.0234375 0.10277777777777777
0 0.659765625 0.7173611111111111 0.03984375 0.14722222222222223
0 0.73203125 0.07291666666666667 0.025 0.12777777777777777
0 0.953125 0.4777777777777778 0.046875 0.1527777777777778
0 0.408203125 0.6798611111111111 0.0421875 0.16666666666666666
0 0.7734375 0.06527777777777778 0.028125 0.11388888888888889
0 0.5515625 0.8284722222222223 0.05546875 0.20833333333333334
0 0.673828125 0.04375 0.025 0.08333333333333333
0 0.497265625 0.4354166666666667 0.03125 0.14166666666666666
0 0.383203125 0.3 0.0375 0.1486111111111111
0 0.498828125 0.029166666666666667 0.03046875 0.058333333333333334
0 0.149609375 0.9513888888888888 0.065625 0.09722222222222222
0 0.391796875 0.059722222222222225 0.028125 0.09861111111111111
0 0.64609375 0.030555555555555555 0.0203125 0.06111111111111111
0 0.54921875 0.225 0.021875 0.11388888888888889
0 0.5296875 0.9743055555555555 0.05546875 0.05138888888888889
0 0.61171875 0.03333333333333333 0.02265625 0.06666666666666667
0 0.98515625 0.27569444444444446 0.0296875 0.125
0 0.122265625 0.18819444444444444 0.04609375 0.1388888888888889
0 0.9703125 0.13819444444444445 0.03515625 0.1375
0 0.95859375 0.1486111111111111 0.05 0.14166666666666666
0 0.220703125 0.5152777777777777 0.04609375 0.15416666666666667
0 0.365625 0.02638888888888889 0.02265625 0.05277777777777778
0 0.2359375 0.4444444444444444 0.0234375 0.059722222222222225
0 0.438671875 0.013194444444444444 0.01875 0.02638888888888889
0 0.4609375 0.015277777777777777 0.0171875 0.030555555555555555
0 0.18984375 0.5 0.0328125 0.14583333333333334
0 0.3703125 0.024305555555555556 0.02109375 0.04861111111111111
0 0.59453125 0.043055555555555555 0.01875 0.06527777777777778
0 0.249609375 0.5006944444444444 0.0359375 0.1361111111111111
0 0.9953125 0.1375 0.009375 0.10416666666666667
0 0.1109375 0.010416666666666666 0.0359375 0.020833333333333332
0 0.992578125 0.12916666666666668 0.01484375 0.11666666666666667
0 0.01015625 0.2881944444444444 0.01953125 0.11527777777777778
0 0.9828125 0.011805555555555555 0.03125 0.022222222222222223
0 0.3953125 0.010416666666666666 0.01640625 0.019444444444444445