0 0.5296875 0.08402777777777778 0.034375 0.10138888888888889
0 0.791796875 0.4444444444444444 0.06015625 0.16944444444444445
0 0.655078125 0.8472222222222222 0.071875 0.20694444444444443
0 0.764453125 0.2986111111111111 0.0546875 0.15416666666666667
0 0.467578125 0.24791666666666667 0.04453125 0.13333333333333333
0 0.337890625 0.09305555555555556 0.03515625 0.0875
0 0.908203125 0.05625 0.04609375 0.1125
0 0.1 0.2152777777777778 0.04296875 0.11805555555555555
0 0.769921875 0.6381944444444444 0.06328125 0.1763888888888889
0 0.360546875 0.3055555555555556 0.04375 0.1388888888888889
0 0.09921875 0.9423611111111111 0.084375 0.11527777777777778
0 0.980078125 0.4979166666666667 0.03984375 0.19027777777777777
0 0.5828125 0.1375 0.04140625 0.125
0 0.493359375 0.1701388888888889 0.0515625 0.14583333333333334
0 0.03125 0.33819444444444446 0.0421875 0.12916666666666668
0 0.63359375 0.020833333333333332 0.034375 0.041666666666666664
0 0.158203125 0.6541666666666667 0.0640625 0.17916666666666667
0 0.390625 0.6784722222222223 0.06875 0.20555555555555555
0 0.226953125 0.5743055555555555 0.0328125 0.06805555555555555
0 0.412109375 0.4930555555555556 0.059375 0.16944444444444445
0 0.598046875 0.11458333333333333 0.040625 0.13055555555555556
0 0.3859375 0.15833333333333333 0.03671875 0.125
0 0.409765625 0.1451388888888889 0.03828125 0.12361111111111112
0 0.286328125 0.3111111111111111 0.04453125 0.10833333333333334
0 0.686328125 0.044444444444444446 0.05078125 0.08888888888888889
0 0.60625 0.45625 0.065625 0.1763888888888889
0 0.29921875 0.4048611111111111 0.06171875 0.16111111111111112
0 0.16484375 0.1763888888888889 0.04296875 0.11944444444444445
0 0.432421875 0.04791666666666667 0.03203125 0.07361111111111111
0 0.862109375 0.08194444444444444 0.05234375 0.13472222222222222
0 0.371875 0.059027777777777776 0.02421875 0.05
0 0.201171875 0.6319444444444444 0.04765625 0.15
0 0.2296875 0.6479166666666667 0.05546875 0.16527777777777777
0 0.261328125 0.6222222222222222 0.04921875 0.1361111111111111
0 0.440234375 0.1361111111111111 0.04140625 0.125
0 0.592578125 0.0875 0.03203125 0.0763888888888889
0 0.053125 0.175 0.0203125 0.03888888888888889
0 0.615234375 0.030555555555555555 0.02421875 0.06111111111111111
0 0.1453125 0.13472222222222222 0.03359375 0.034722222222222224
0 0.11015625 0.1423611111111111 0.02421875 0.020833333333333332
0 0.866015625 0.027083333333333334 0.05078125 0.05416666666666667
0 0.680859375 0.04583333333333333 0.03828125 0.09166666666666666