0 0.56953125 0.4756944444444444 0.0375 0.14305555555555555
0 0.854296875 0.3576388888888889 0.03671875 0.14444444444444443
0 0.91953125 0.8736111111111111 0.05703125 0.175
0 0.488671875 0.45416666666666666 0.03515625 0.14305555555555555
0 0.062109375 0.9416666666666667 0.0609375 0.11666666666666667
0 0.5390625 0.6618055555555555 0.03046875 0.14166666666666666
0 0.534375 0.9395833333333333 0.05234375 0.11388888888888889
0 0.941796875 0.34305555555555556 0.04140625 0.14027777777777778
0 0.729296875 0.09236111111111112 0.02109375 0.12361111111111112
0 0.05 0.6520833333333333 0.0546875 0.19583333333333333
0 0.59765625 0.2659722222222222 0.028125 0.10555555555555556
0 0.599609375 0.04097222222222222 0.03359375 0.08194444444444444
0 0.37734375 0.06458333333333334 0.025 0.10972222222222222
0 0.651171875 0.7375 0.04609375 0.1736111111111111
0 0.52265625 0.35347222222222224 0.03671875 0.15416666666666667
0 0.375390625 0.8229166666666666 0.06015625 0.2125
0 0.37109375 0.29305555555555557 0.03203125 0.14305555555555555
0 0.48984375 0.14444444444444443 0.0234375 0.12083333333333333
0 0.3859375 0.20625 0.02890625 0.12361111111111112
0 0.622265625 0.2659722222222222 0.02890625 0.12222222222222222
0 0.428125 0.1 0.025 0.11805555555555555
0 0.304296875 0.5659722222222222 0.04296875 0.15555555555555556
0 0.3046875 0.43333333333333335 0.034375 0.11666666666666667
0 0.98671875 0.4618055555555556 0.0265625 0.15416666666666667
0 0.532421875 0.027083333333333334 0.02421875 0.05416666666666667
0 0.223046875 0.4548611111111111 0.02578125 0.06111111111111111
0 0.0546875 0.15694444444444444 0.03203125 0.11944444444444445
0 0.924609375 0.9743055555555555 0.065625 0.05138888888888889
0 0.98984375 0.2652777777777778 0.0203125 0.10972222222222222
0 0.114453125 0.9819444444444444 0.0375 0.03611111111111111
0 0.18984375 0.5111111111111111 0.03515625 0.14027777777777778
0 0.45703125 0.1 0.02890625 0.12638888888888888
0 0.137109375 0.07083333333333333 0.05078125 0.1361111111111111
0 0.906640625 0.23472222222222222 0.03203125 0.06944444444444445
0 0.67890625 0.05 0.02421875 0.09583333333333334
0 0.218359375 0.5284722222222222 0.040625 0.14722222222222223
0 0.8921875 0.12708333333333333 0.03203125 0.10833333333333334
0 0.946484375 0.011111111111111112 0.02109375 0.022222222222222223
0 0.98984375 0.01597222222222222 0.0203125 0.03194444444444444
0 0.906640625 0.12916666666666668 0.0421875 0.1361111111111111
0 0.24921875 0.5194444444444445 0.03203125 0.13194444444444445
0 0.648046875 0.02013888888888889 0.02421875 0.04027777777777778
0 0.005078125 0.8979166666666667 0.01015625 0.1
0 0.6265625 0.03819444444444445 0.0234375 0.0625
0 0.50078125 0.009722222222222222 0.0203125 0.019444444444444445