0 0.46015625 0.08680555555555555 0.046875 0.10416666666666667
0 0.769921875 0.2951388888888889 0.08046875 0.1736111111111111
0 0.70546875 0.7520833333333333 0.096875 0.2125
0 0.719921875 0.16944444444444445 0.0734375 0.15833333333333333
0 0.42734375 0.2763888888888889 0.0609375 0.1361111111111111
0 0.278125 0.1951388888888889 0.04453125 0.09166666666666666
0 0.070703125 0.4354166666666667 0.05625 0.12222222222222222
0 0.780859375 0.49166666666666664 0.084375 0.18194444444444444
0 0.334765625 0.38680555555555557 0.0609375 0.1388888888888889
0 0.96328125 0.24305555555555555 0.0734375 0.19166666666666668
0 0.51953125 0.11041666666666666 0.05625 0.12638888888888888
0 0.439453125 0.18819444444444444 0.06875 0.15
0 0.02734375 0.5888888888888889 0.0546875 0.13055555555555556
0 0.1984375 0.825 0.08515625 0.18472222222222223
0 0.425 0.7270833333333333 0.09375 0.20833333333333334
0 0.251171875 0.7125 0.03984375 0.075
0 0.41484375 0.5388888888888889 0.0796875 0.1736111111111111
0 0.53046875 0.08055555555555556 0.05703125 0.13055555555555556
0 0.334765625 0.2326388888888889 0.053125 0.125
0 0.355078125 0.2076388888888889 0.05390625 0.12361111111111112
0 0.26484375 0.42986111111111114 0.05625 0.11527777777777778
0 0.59453125 0.4027777777777778 0.0859375 0.18333333333333332
0 0.292578125 0.5131944444444444 0.0796875 0.16805555555555557
0 0.1265625 0.3645833333333333 0.05703125 0.12361111111111112
0 0.3609375 0.10277777777777777 0.03984375 0.07916666666666666
0 0.305078125 0.1451388888888889 0.02890625 0.05416666666666667
0 0.2359375 0.7819444444444444 0.06640625 0.15138888888888888
0 0.265625 0.7819444444444444 0.07578125 0.16805555555555557
0 0.291796875 0.7409722222222223 0.06484375 0.14027777777777778
0 0.3828125 0.18333333333333332 0.05625 0.12638888888888888
0 0.520703125 0.05763888888888889 0.040625 0.08055555555555556
0 0.019140625 0.4215277777777778 0.0234375 0.043055555555555555
0 0.5328125 0.011805555555555555 0.03125 0.02361111111111111
0 0.10078125 0.33541666666666664 0.03359375 0.04722222222222222
0 0.068359375 0.36041666666666666 0.02421875 0.030555555555555555