0 0.4109375 0.1840277777777778 0.0578125 0.12916666666666668
0 0.74140625 0.6645833333333333 0.07734375 0.16805555555555557
0 0.45390625 0.09861111111111111 0.05390625 0.125
0 0.55859375 0.06180555555555556 0.05625 0.12361111111111112
0 0.861328125 0.5569444444444445 0.0875 0.19722222222222222
0 0.92109375 0.1763888888888889 0.08515625 0.18333333333333332
0 0.084765625 0.5791666666666667 0.07890625 0.16527777777777777
0 0.336328125 0.37430555555555556 0.0703125 0.15694444444444444
0 0.50390625 0.5145833333333333 0.0703125 0.16666666666666666
0 0.697265625 0.6694444444444444 0.0796875 0.1875
0 0.016796875 0.5784722222222223 0.03359375 0.12916666666666668
0 0.438671875 0.16111111111111112 0.04765625 0.10972222222222222
0 0.440234375 0.6555555555555556 0.0765625 0.17222222222222222
0 0.653515625 0.8347222222222223 0.0984375 0.19166666666666668
0 0.391796875 0.09027777777777778 0.05 0.10694444444444444
0 0.46484375 0.1798611111111111 0.04921875 0.11666666666666667
0 0.32734375 0.16875 0.03828125 0.09722222222222222
0 0.4796875 0.019444444444444445 0.0390625 0.03888888888888889
0 0.262890625 0.16805555555555557 0.0265625 0.04027777777777778
0 0.46640625 0.02847222222222222 0.0328125 0.05694444444444444
0 0.871484375 0.7055555555555556 0.05546875 0.07222222222222222
0 0.020703125 0.7347222222222223 0.04140625 0.1361111111111111
0 0.281640625 0.7090277777777778 0.06484375 0.14444444444444443
0 0.251953125 0.7423611111111111 0.078125 0.175
0 0.2234375 0.7458333333333333 0.07109375 0.1625
0 0.2453125 0.6763888888888889 0.03125 0.06527777777777778
0 0.07109375 0.3388888888888889 0.0359375 0.04583333333333333
0 0.094140625 0.9423611111111111 0.07421875 0.11527777777777778
0 0.3953125 0.04861111111111111 0.02109375 0.03611111111111111
0 0.37109375 0.07152777777777777 0.0203125 0.03611111111111111
0 0.462109375 0.02847222222222222 0.03203125 0.05694444444444444