0 0.503125 0.19305555555555556 0.03671875 0.13055555555555556
0 0.41328125 0.48680555555555555 0.03671875 0.14722222222222223
0 0.91171875 0.059027777777777776 0.0328125 0.10833333333333334
0 0.553515625 0.05 0.025 0.09305555555555556
0 0.944921875 0.05555555555555555 0.0328125 0.10694444444444444
0 0.691015625 0.9777777777777777 0.04921875 0.044444444444444446
0 0.825390625 0.6958333333333333 0.040625 0.17222222222222222
0 0.733203125 0.0798611111111111 0.0234375 0.125
0 0.50703125 0.6229166666666667 0.03828125 0.16111111111111112
0 0.967578125 0.1361111111111111 0.0390625 0.17777777777777778
0 0.673828125 0.10208333333333333 0.028125 0.11805555555555555
0 0.038671875 0.6895833333333333 0.0625 0.18194444444444444
0 0.76953125 0.8798611111111111 0.04453125 0.15694444444444444
0 0.980078125 0.6506944444444445 0.03984375 0.17222222222222222
0 0.397265625 0.19027777777777777 0.034375 0.13333333333333333
0 0.534765625 0.19236111111111112 0.02734375 0.1111111111111111
0 0.029296875 0.175 0.03515625 0.1125
0 0.8515625 0.09652777777777778 0.0328125 0.11666666666666667
0 0.64375 0.03263888888888889 0.01875 0.06527777777777778
0 0.56484375 0.6833333333333333 0.04453125 0.16666666666666666
0 0.555859375 0.13333333333333333 0.01875 0.09027777777777778
0 0.094140625 0.2798611111111111 0.040625 0.14583333333333334
0 0.0125 0.37916666666666665 0.025 0.14583333333333334
0 0.872265625 0.09166666666666666 0.03046875 0.11805555555555555
0 0.610546875 0.034722222222222224 0.0234375 0.06944444444444445
0 0.469140625 0.05763888888888889 0.025 0.09305555555555556
0 0.219140625 0.5194444444444445 0.040625 0.15
0 0.522265625 0.09027777777777778 0.0265625 0.10694444444444444
0 0.737890625 0.019444444444444445 0.0203125 0.03888888888888889
0 0.190234375 0.49166666666666664 0.0359375 0.15138888888888888
0 0.767578125 0.975 0.0578125 0.05138888888888889
0 0.589453125 0.034027777777777775 0.01796875 0.06805555555555555
0 0.252734375 0.5069444444444444 0.0328125 0.125
0 0.502734375 0.05347222222222222 0.02578125 0.1
0 0.229296875 0.4513888888888889 0.01875 0.05555555555555555
0 0.519140625 0.02638888888888889 0.02421875 0.05277777777777778
0 0.338671875 0.016666666666666666 0.01875 0.03333333333333333
0 0.67421875 0.011805555555555555 0.0171875 0.02361111111111111
0 0.62578125 0.9875 0.0390625 0.025