0 0.816015625 0.1909722222222222 0.03203125 0.13055555555555556
0 0.56953125 0.2743055555555556 0.03125 0.12777777777777777
0 0.03515625 0.6833333333333333 0.04765625 0.14722222222222223
0 0.623046875 0.45694444444444443 0.03359375 0.12361111111111112
0 0.66640625 0.4111111111111111 0.03515625 0.14305555555555555
0 0.368359375 0.12222222222222222 0.02734375 0.12361111111111112
0 0.139453125 0.9402777777777778 0.05546875 0.11944444444444445
0 0.29609375 0.8402777777777778 0.05 0.1763888888888889
0 0.5015625 0.04513888888888889 0.0296875 0.0875
0 0.48671875 0.2763888888888889 0.02890625 0.13194444444444445
0 0.420703125 0.9631944444444445 0.0515625 0.07361111111111111
0 0.9265625 0.32916666666666666 0.0421875 0.14444444444444443
0 0.9796875 0.5965277777777778 0.040625 0.15833333333333333
0 0.283984375 0.65 0.04140625 0.14583333333333334
0 0.374609375 0.5069444444444444 0.046875 0.1763888888888889
0 0.461328125 0.052083333333333336 0.02578125 0.10416666666666667
0 0.5203125 0.5631944444444444 0.04453125 0.175
0 0.6265625 0.1284722222222222 0.0265625 0.10555555555555556
0 0.385546875 0.06527777777777778 0.0265625 0.10833333333333334
0 0.973046875 0.1986111111111111 0.03203125 0.11805555555555555
0 0.533984375 0.043055555555555555 0.01953125 0.08333333333333333
0 0.277734375 0.06527777777777778 0.025 0.09583333333333334
0 0.946875 0.19375 0.0328125 0.10972222222222222
0 0.43984375 0.052083333333333336 0.0234375 0.10138888888888889
0 0.503125 0.7020833333333333 0.04296875 0.16805555555555557
0 0.73125 0.08263888888888889 0.02265625 0.12777777777777777
0 0.84375 0.019444444444444445 0.02734375 0.03888888888888889
0 0.123046875 0.11666666666666667 0.03984375 0.13194444444444445
0 0.5515625 0.40347222222222223 0.02265625 0.13194444444444445
0 0.043359375 0.16666666666666666 0.03515625 0.11527777777777778
0 0.645703125 0.034722222222222224 0.0234375 0.06944444444444445
0 0.219140625 0.51875 0.0421875 0.15416666666666667
0 0.22421875 0.45 0.0265625 0.0625
0 0.6203125 0.029861111111111113 0.02265625 0.059722222222222225
0 0.189453125 0.5006944444444444 0.03515625 0.14722222222222223
0 0.250390625 0.5111111111111111 0.0375 0.13333333333333333
0 0.603125 0.043055555555555555 0.021875 0.06805555555555555
0 0.99375 0.027777777777777776 0.0125 0.05555555555555555
0 0.946875 0.006944444444444444 0.02265625 0.013888888888888888