0 0.665234375 0.4013888888888889 0.03671875 0.14305555555555555
0 0.037109375 0.6881944444444444 0.05078125 0.1527777777777778
0 0.569921875 0.2722222222222222 0.03203125 0.12916666666666668
0 0.625390625 0.46111111111111114 0.03203125 0.12222222222222222
0 0.81640625 0.18819444444444444 0.03203125 0.13194444444444445
0 0.29609375 0.8465277777777778 0.05078125 0.16666666666666666
0 0.5 0.04583333333333333 0.02890625 0.08888888888888889
0 0.373828125 0.5048611111111111 0.05078125 0.18333333333333332
0 0.368359375 0.11875 0.028125 0.12083333333333333
0 0.92734375 0.3333333333333333 0.0421875 0.1375
0 0.626953125 0.12777777777777777 0.02734375 0.10555555555555556
0 0.98125 0.60625 0.0375 0.17222222222222222
0 0.386328125 0.06388888888888888 0.02578125 0.10833333333333334
0 0.4203125 0.9569444444444445 0.05078125 0.08611111111111111
0 0.140625 0.9472222222222222 0.05546875 0.10555555555555556
0 0.53359375 0.04583333333333333 0.021875 0.08888888888888889
0 0.48671875 0.28055555555555556 0.028125 0.1388888888888889
0 0.973046875 0.20347222222222222 0.03203125 0.11805555555555555
0 0.503515625 0.71875 0.04375 0.17777777777777778
0 0.522265625 0.5715277777777777 0.0453125 0.1736111111111111
0 0.279296875 0.6583333333333333 0.0390625 0.14444444444444443
0 0.43984375 0.050694444444444445 0.0234375 0.09722222222222222
0 0.4625 0.05 0.02421875 0.09861111111111111
0 0.849609375 0.019444444444444445 0.03984375 0.03888888888888889
0 0.73125 0.08194444444444444 0.0234375 0.12916666666666668
0 0.644921875 0.034027777777777775 0.02265625 0.06805555555555555
0 0.948828125 0.19583333333333333 0.02890625 0.10555555555555556
0 0.5515625 0.3958333333333333 0.02265625 0.13333333333333333
0 0.1234375 0.11458333333333333 0.040625 0.13194444444444445
0 0.042578125 0.16666666666666666 0.03515625 0.11527777777777778
0 0.287890625 0.06805555555555555 0.02890625 0.09166666666666666
0 0.61875 0.029861111111111113 0.0234375 0.059722222222222225
0 0.2234375 0.4486111111111111 0.02734375 0.0625
0 0.602734375 0.044444444444444446 0.021875 0.06527777777777778
0 0.21875 0.51875 0.0421875 0.15555555555555556
0 0.1890625 0.5 0.03515625 0.14722222222222223
0 0.25078125 0.5076388888888889 0.0390625 0.1361111111111111
0 0.99296875 0.029861111111111113 0.0140625 0.059722222222222225
0 0.946484375 0.006944444444444444 0.021875 0.013888888888888888