0 0.949609375 0.41180555555555554 0.0515625 0.15138888888888888
0 0.50625 0.37222222222222223 0.0484375 0.14444444444444443
0 0.616015625 0.24166666666666667 0.0390625 0.1125
0 0.596484375 0.9375 0.06640625 0.125
0 0.559375 0.6118055555555556 0.05625 0.17916666666666667
0 0.8359375 0.9340277777777778 0.071875 0.13194444444444445
0 0.844921875 0.79375 0.06328125 0.17222222222222222
0 0.965625 0.5138888888888888 0.05546875 0.1527777777777778
0 0.5484375 0.8638888888888889 0.06171875 0.175
0 0.425 0.0875 0.0375 0.11944444444444445
0 0.884765625 0.5680555555555555 0.059375 0.16805555555555557
0 0.072265625 0.6645833333333333 0.07265625 0.1986111111111111
0 0.640234375 0.36319444444444443 0.04296875 0.13194444444444445
0 0.326953125 0.9 0.07109375 0.12361111111111112
0 0.421875 0.24097222222222223 0.03984375 0.12916666666666668
0 0.55546875 0.30277777777777776 0.05390625 0.16111111111111112
0 0.0234375 0.4076388888888889 0.046875 0.1875
0 0.767578125 0.16805555555555557 0.03671875 0.13472222222222222
0 0.741796875 0.11875 0.0375 0.10555555555555556
0 0.08203125 0.7868055555555555 0.0828125 0.18888888888888888
0 0.511328125 0.8236111111111111 0.053125 0.18333333333333332
0 0.65 0.10277777777777777 0.03828125 0.11805555555555555
0 0.55703125 0.05555555555555555 0.03046875 0.08888888888888889
0 0.389453125 0.33541666666666664 0.05390625 0.1638888888888889
0 0.630078125 0.049305555555555554 0.02890625 0.04027777777777778
0 0.09921875 0.044444444444444446 0.0390625 0.08888888888888889
0 0.32421875 0.40902777777777777 0.06875 0.1763888888888889
0 0.126953125 0.011805555555555555 0.03515625 0.02361111111111111
0 0.66484375 0.10416666666666667 0.0359375 0.12083333333333333
0 0.9328125 0.2861111111111111 0.04453125 0.13333333333333333
0 0.923828125 0.2222222222222222 0.03828125 0.10555555555555556
0 0.46796875 0.08611111111111111 0.0359375 0.12361111111111112
0 0.331640625 0.29930555555555555 0.04765625 0.12083333333333333
0 0.9390625 0.2638888888888889 0.0390625 0.08194444444444444
0 0.525390625 0.10625 0.03828125 0.125
0 0.498046875 0.10208333333333333 0.03828125 0.125
0 0.9921875 0.5048611111111111 0.015625 0.1125
0 0.234375 0.37430555555555556 0.028125 0.06111111111111111
0 0.90703125 0.22569444444444445 0.034375 0.11527777777777778
0 0.1953125 0.41805555555555557 0.04765625 0.15555555555555556
0 0.21953125 0.4423611111111111 0.059375 0.1625
0 0.70234375 0.10833333333333334 0.034375 0.1
0 0.25390625 0.45625 0.0625 0.15694444444444444
0 0.692578125 0.09722222222222222 0.02578125 0.07916666666666666
0 0.70703125 0.07847222222222222 0.025 0.04722222222222222