0 0.7375 0.9319444444444445 0.0921875 0.1361111111111111
0 0.50390625 0.8520833333333333 0.08203125 0.15833333333333333
0 0.93359375 0.7472222222222222 0.06953125 0.1361111111111111
0 0.549609375 0.3645833333333333 0.071875 0.14305555555555555
0 0.5078125 0.7055555555555556 0.0921875 0.18055555555555555
0 0.910546875 0.8361111111111111 0.08125 0.15833333333333333
0 0.116796875 0.26875 0.1046875 0.20416666666666666
0 0.68125 0.33541666666666664 0.05390625 0.10694444444444444
0 0.049609375 0.40555555555555556 0.09921875 0.2
0 0.4109375 0.8673611111111111 0.08125 0.1625
0 0.945703125 0.6368055555555555 0.06953125 0.1361111111111111
0 0.826953125 0.9270833333333334 0.08515625 0.14583333333333334
0 0.734375 0.2986111111111111 0.06796875 0.12916666666666668
0 0.52578125 0.09305555555555556 0.0640625 0.12777777777777777
0 0.64921875 0.53125 0.07265625 0.14305555555555555
0 0.6109375 0.34444444444444444 0.07890625 0.15555555555555556
0 0.954296875 0.8652777777777778 0.06796875 0.1375
0 0.820703125 0.4263888888888889 0.0609375 0.12361111111111112
0 0.42109375 0.30833333333333335 0.08828125 0.175
0 0.48828125 0.2548611111111111 0.07890625 0.15416666666666667
0 0.628515625 0.15069444444444444 0.06171875 0.12222222222222222
0 0.378125 0.2569444444444444 0.09453125 0.18194444444444444
0 0.98359375 0.7854166666666667 0.0328125 0.10694444444444444
0 0.248828125 0.18263888888888888 0.075 0.15
0 0.657421875 0.1527777777777778 0.0546875 0.10833333333333334
0 0.577734375 0.10833333333333334 0.06015625 0.12222222222222222
0 0.6 0.14375 0.06640625 0.13055555555555556
0 0.413671875 0.16180555555555556 0.06484375 0.11944444444444445
0 0.940234375 0.5805555555555556 0.05625 0.11388888888888889
0 0.81953125 0.36736111111111114 0.0546875 0.10694444444444444
0 0.79453125 0.32013888888888886 0.04453125 0.0875
0 0.778515625 0.32708333333333334 0.04375 0.08472222222222223
0 0.923046875 0.5638888888888889 0.0484375 0.09861111111111111
0 0.6984375 0.1625 0.03203125 0.05555555555555555
0 0.264453125 0.22777777777777777 0.08671875 0.16944444444444445
0 0.29375 0.25277777777777777 0.0765625 0.14722222222222223
0 0.29296875 0.17708333333333334 0.03984375 0.07361111111111111
0 0.08984375 0.034722222222222224 0.0578125 0.06944444444444445
0 0.746484375 0.29930555555555555 0.065625 0.12916666666666668
0 0.778125 0.30833333333333335 0.03125 0.058333333333333334