0 0.525390625 0.21875 0.04921875 0.13472222222222222
0 0.6265625 0.44513888888888886 0.05546875 0.14166666666666666
0 0.636328125 0.28194444444444444 0.053125 0.14722222222222223
0 0.31796875 0.8069444444444445 0.06328125 0.1597222222222222
0 0.549609375 0.7548611111111111 0.0734375 0.19444444444444445
0 0.4890625 0.9263888888888889 0.071875 0.14722222222222223
0 0.7453125 0.04722222222222222 0.05 0.09444444444444444
0 0.432421875 0.07222222222222222 0.04375 0.11527777777777778
0 0.89453125 0.15138888888888888 0.0640625 0.1597222222222222
0 0.368359375 0.9444444444444444 0.07734375 0.1111111111111111
0 0.108203125 0.9277777777777778 0.07265625 0.14444444444444443
0 0.321484375 0.12222222222222222 0.03828125 0.10277777777777777
0 0.45625 0.32013888888888886 0.04921875 0.15
0 0.312890625 0.17430555555555555 0.04609375 0.13055555555555556
0 0.46171875 0.05555555555555555 0.0359375 0.10277777777777777
0 0.889453125 0.034027777777777775 0.04921875 0.06805555555555555
0 0.91484375 0.02847222222222222 0.0515625 0.05694444444444444
0 0.544921875 0.5895833333333333 0.0796875 0.20555555555555555
0 0.015625 0.40555555555555556 0.03125 0.13333333333333333
0 0.5671875 0.058333333333333334 0.04375 0.11666666666666667
0 0.566015625 0.009722222222222222 0.03203125 0.019444444444444445
0 0.525390625 0.3423611111111111 0.04140625 0.13055555555555556
0 0.376953125 0.5145833333333333 0.075 0.2013888888888889
0 0.23984375 0.1798611111111111 0.03828125 0.10555555555555556
0 0.391796875 0.08055555555555556 0.03984375 0.09583333333333334
0 0.98046875 0.4125 0.0390625 0.16944444444444445
0 0.65703125 0.02638888888888889 0.0421875 0.05277777777777778
0 0.0796875 0.3263888888888889 0.06640625 0.15416666666666667
0 0.369921875 0.09375 0.03984375 0.09861111111111111
0 0.232421875 0.6590277777777778 0.06484375 0.16944444444444445
0 0.230078125 0.58125 0.03125 0.06805555555555555
0 0.199609375 0.65 0.0515625 0.14722222222222223
0 0.90234375 0.03263888888888889 0.065625 0.06527777777777778
0 0.532421875 0.01875 0.03359375 0.0375
0 0.2625 0.6305555555555555 0.0578125 0.15
0 0.52265625 0.025 0.0265625 0.05