0 0.703515625 0.30625 0.05078125 0.13194444444444445
0 0.570703125 0.12986111111111112 0.04921875 0.12361111111111112
0 0.6296875 0.18958333333333333 0.046875 0.12361111111111112
0 0.596875 0.14930555555555555 0.040625 0.10833333333333334
0 0.934765625 0.7298611111111111 0.07109375 0.175
0 0.7953125 0.22152777777777777 0.0453125 0.13472222222222222
0 0.381640625 0.6180555555555556 0.06875 0.18194444444444444
0 0.613671875 0.8006944444444445 0.06484375 0.1638888888888889
0 0.474609375 0.03888888888888889 0.04453125 0.07777777777777778
0 0.18671875 0.7680555555555556 0.07421875 0.16111111111111112
0 0.744921875 0.16111111111111112 0.0390625 0.09166666666666666
0 0.490625 0.8451388888888889 0.08671875 0.21666666666666667
0 0.614453125 0.9444444444444444 0.08359375 0.1111111111111111
0 0.83515625 0.2375 0.046875 0.125
0 0.5078125 0.43819444444444444 0.05546875 0.15694444444444444
0 0.58125 0.052083333333333336 0.0390625 0.07222222222222222
0 0.424609375 0.24583333333333332 0.0640625 0.16666666666666666
0 0.194140625 0.03819444444444445 0.06796875 0.0763888888888889
0 0.08515625 0.73125 0.08046875 0.12916666666666668
0 0.98828125 0.5555555555555556 0.0234375 0.12222222222222222
0 0.982421875 0.42430555555555555 0.03515625 0.14583333333333334
0 0.720703125 0.13472222222222222 0.03046875 0.07083333333333333
0 0.594921875 0.2673611111111111 0.04140625 0.12083333333333333
0 0.687109375 0.11736111111111111 0.03359375 0.0763888888888889
0 0.231640625 0.3611111111111111 0.06953125 0.17083333333333334
0 0.4453125 0.9680555555555556 0.059375 0.06388888888888888
0 0.525390625 0.010416666666666666 0.02265625 0.020833333333333332
0 0.25859375 0.30277777777777776 0.0328125 0.06944444444444445
0 0.547265625 0.017361111111111112 0.02109375 0.034722222222222224
0 0.205078125 0.32916666666666666 0.05625 0.15555555555555556
0 0.261328125 0.3638888888888889 0.05625 0.14444444444444443
0 0.669140625 0.11736111111111111 0.028125 0.07083333333333333
0 0.070703125 0.04652777777777778 0.03984375 0.09305555555555556