0 0.66171875 0.20625 0.03125 0.125
0 0.56953125 0.13541666666666666 0.02890625 0.1125
0 0.50234375 0.10902777777777778 0.0296875 0.11527777777777778
0 0.25390625 0.9270833333333334 0.05 0.14444444444444443
0 0.953125 0.4756944444444444 0.046875 0.15138888888888888
0 0.040234375 0.16597222222222222 0.0359375 0.1111111111111111
0 0.701953125 0.9069444444444444 0.04921875 0.18055555555555555
0 0.80625 0.9479166666666666 0.04921875 0.10416666666666667
0 0.531640625 0.11041666666666666 0.02265625 0.10277777777777777
0 0.659375 0.7125 0.040625 0.14722222222222223
0 0.73203125 0.07291666666666667 0.025 0.12777777777777777
0 0.773828125 0.06597222222222222 0.02890625 0.1125
0 0.383984375 0.3034722222222222 0.0359375 0.14722222222222223
0 0.55234375 0.8298611111111112 0.05703125 0.2111111111111111
0 0.408203125 0.68125 0.04296875 0.16805555555555557
0 0.673046875 0.044444444444444446 0.025 0.08472222222222223
0 0.497265625 0.43333333333333335 0.03125 0.1375
0 0.49921875 0.027777777777777776 0.03125 0.05555555555555555
0 0.14296875 0.9472222222222222 0.06484375 0.09861111111111111
0 0.528515625 0.9729166666666667 0.05546875 0.05416666666666667
0 0.64609375 0.030555555555555555 0.0203125 0.06111111111111111
0 0.12109375 0.19166666666666668 0.046875 0.14166666666666666
0 0.549609375 0.22777777777777777 0.02265625 0.1125
0 0.984765625 0.27361111111111114 0.03046875 0.125
0 0.9609375 0.15347222222222223 0.053125 0.14444444444444443
0 0.390234375 0.06111111111111111 0.0234375 0.10138888888888889
0 0.61171875 0.03333333333333333 0.0234375 0.06666666666666667
0 0.9703125 0.14097222222222222 0.0390625 0.14305555555555555
0 0.2203125 0.5152777777777777 0.046875 0.15555555555555556
0 0.365234375 0.027083333333333334 0.021875 0.05416666666666667
0 0.43828125 0.013194444444444444 0.01953125 0.02638888888888889
0 0.009765625 0.29375 0.01953125 0.10277777777777777
0 0.235546875 0.4444444444444444 0.02265625 0.059722222222222225
0 0.11015625 0.010416666666666666 0.03671875 0.020833333333333332
0 0.4609375 0.01597222222222222 0.0171875 0.03194444444444444
0 0.18984375 0.5 0.03359375 0.14722222222222223
0 0.369921875 0.025 0.02109375 0.05
0 0.251171875 0.5090277777777777 0.040625 0.14305555555555555
0 0.59453125 0.04236111111111111 0.01953125 0.06666666666666667
0 0.9953125 0.13958333333333334 0.009375 0.10416666666666667
0 0.394921875 0.009722222222222222 0.0171875 0.019444444444444445
0 0.992578125 0.13194444444444445 0.01484375 0.11388888888888889
0 0.98125 0.011111111111111112 0.02890625 0.022222222222222223