0 0.56953125 0.4722222222222222 0.0375 0.14305555555555555
0 0.062890625 0.94375 0.06171875 0.1125
0 0.921875 0.8763888888888889 0.05703125 0.1763888888888889
0 0.489453125 0.45555555555555555 0.0359375 0.14583333333333334
0 0.853515625 0.35625 0.0375 0.14444444444444443
0 0.539453125 0.6597222222222222 0.02890625 0.1388888888888889
0 0.93828125 0.34930555555555554 0.04140625 0.14305555555555555
0 0.051171875 0.6541666666666667 0.053125 0.19444444444444445
0 0.729296875 0.09236111111111112 0.02109375 0.12361111111111112
0 0.534765625 0.9444444444444444 0.0578125 0.10694444444444444
0 0.651171875 0.73125 0.04609375 0.16805555555555557
0 0.376171875 0.8208333333333333 0.0609375 0.20277777777777778
0 0.599609375 0.04097222222222222 0.0328125 0.08194444444444444
0 0.37734375 0.06388888888888888 0.02578125 0.10972222222222222
0 0.59765625 0.2652777777777778 0.028125 0.10833333333333334
0 0.522265625 0.35208333333333336 0.03671875 0.15694444444444444
0 0.6234375 0.2652777777777778 0.0296875 0.11944444444444445
0 0.3859375 0.20416666666666666 0.02734375 0.12222222222222222
0 0.37109375 0.28888888888888886 0.03125 0.1388888888888889
0 0.303515625 0.5708333333333333 0.04296875 0.15416666666666667
0 0.48984375 0.14444444444444443 0.0234375 0.125
0 0.926953125 0.9756944444444444 0.06796875 0.04861111111111111
0 0.428125 0.09930555555555555 0.02421875 0.11805555555555555
0 0.0546875 0.15625 0.0328125 0.11944444444444445
0 0.989453125 0.2652777777777778 0.02109375 0.1111111111111111
0 0.678515625 0.04861111111111111 0.02265625 0.09583333333333334
0 0.223046875 0.45555555555555555 0.02578125 0.06111111111111111
0 0.45703125 0.09930555555555555 0.0296875 0.12638888888888888
0 0.114453125 0.9833333333333333 0.03828125 0.03333333333333333
0 0.307421875 0.43125 0.0359375 0.11388888888888889
0 0.53359375 0.02638888888888889 0.0234375 0.05277777777777778
0 0.893359375 0.12708333333333333 0.02890625 0.10555555555555556
0 0.98671875 0.46597222222222223 0.0265625 0.1527777777777778
0 0.18984375 0.5111111111111111 0.03515625 0.14166666666666666
0 0.218359375 0.5284722222222222 0.04140625 0.14722222222222223
0 0.907421875 0.23472222222222222 0.03359375 0.06944444444444445
0 0.14609375 0.09652777777777778 0.040625 0.08055555555555556
0 0.991015625 0.016666666666666666 0.0171875 0.03333333333333333
0 0.946484375 0.011111111111111112 0.02109375 0.022222222222222223
0 0.00546875 0.89375 0.01015625 0.10138888888888889
0 0.1265625 0.04027777777777778 0.0296875 0.08055555555555556
0 0.648828125 0.02013888888888889 0.025 0.04027777777777778
0 0.249609375 0.5145833333333333 0.0359375 0.12916666666666668
0 0.909765625 0.16875 0.03828125 0.06388888888888888
0 0.91640625 0.12430555555555556 0.03046875 0.10972222222222222
0 0.62734375 0.03958333333333333 0.02265625 0.059722222222222225
0 0.906640625 0.13125 0.04296875 0.13194444444444445
0 0.50078125 0.010416666666666666 0.0203125 0.020833333333333332
0 0.139453125 0.07222222222222222 0.04921875 0.12222222222222222