0 0.631640625 0.3972222222222222 0.04921875 0.12777777777777777
0 0.853515625 0.4576388888888889 0.05390625 0.15
0 0.643359375 0.6673611111111111 0.06484375 0.17777777777777778
0 0.362109375 0.6034722222222222 0.075 0.18472222222222223
0 0.583203125 0.42916666666666664 0.05390625 0.15
0 0.659375 0.2701388888888889 0.0453125 0.11944444444444445
0 0.487109375 0.5361111111111111 0.059375 0.15694444444444444
0 0.445703125 0.09930555555555555 0.04296875 0.12083333333333333
0 0.066796875 0.55625 0.07890625 0.2
0 0.280078125 0.5486111111111112 0.065625 0.16527777777777777
0 0.420703125 0.15902777777777777 0.04921875 0.1375
0 0.540234375 0.19305555555555556 0.04375 0.13194444444444445
0 0.501953125 0.06458333333333334 0.0421875 0.125
0 0.944921875 0.6631944444444444 0.0671875 0.175
0 0.51953125 0.42777777777777776 0.0625 0.16805555555555557
0 0.786328125 0.21666666666666667 0.03984375 0.12916666666666668
0 0.454296875 0.014583333333333334 0.03359375 0.029166666666666667
0 0.304296875 0.4083333333333333 0.05859375 0.15555555555555556
0 0.728125 0.13819444444444445 0.0390625 0.08888888888888889
0 0.9390625 0.4527777777777778 0.05859375 0.15694444444444444
0 0.540234375 0.5694444444444444 0.04765625 0.1486111111111111
0 0.522265625 0.07569444444444444 0.04453125 0.125
0 0.798046875 0.14722222222222223 0.03515625 0.043055555555555555
0 0.24140625 0.32013888888888886 0.0359375 0.07916666666666666
0 0.5953125 0.04513888888888889 0.02421875 0.04027777777777778
0 0.977734375 0.37916666666666665 0.04453125 0.12777777777777777
0 0.66328125 0.08194444444444444 0.025 0.044444444444444446
0 0.22734375 0.3875 0.0625 0.1625
0 0.25546875 0.38680555555555557 0.05078125 0.14027777777777778
0 0.57578125 0.03958333333333333 0.02578125 0.04861111111111111
0 0.201171875 0.3527777777777778 0.0546875 0.1527777777777778
0 0.68203125 0.11180555555555556 0.03515625 0.08333333333333333
0 0.70625 0.12083333333333333 0.03828125 0.08055555555555556
0 0.9609375 0.36944444444444446 0.040625 0.10833333333333334
0 0.620703125 0.050694444444444445 0.01796875 0.025
0 0.99765625 0.24513888888888888 0.0046875 0.02361111111111111
0 0.6875 0.08888888888888889 0.0234375 0.034722222222222224