0 0.66015625 0.3125 0.03515625 0.1375
0 0.498828125 0.06458333333333334 0.02890625 0.10416666666666667
0 0.292578125 0.9458333333333333 0.05703125 0.10833333333333334
0 0.516796875 0.8458333333333333 0.04921875 0.18194444444444444
0 0.79609375 0.14027777777777778 0.03125 0.12638888888888888
0 0.936328125 0.38333333333333336 0.0421875 0.13333333333333333
0 0.414453125 0.8555555555555555 0.046875 0.17777777777777778
0 0.570703125 0.21388888888888888 0.03046875 0.12222222222222222
0 0.537109375 0.6618055555555555 0.0484375 0.18194444444444444
0 0.089453125 0.8118055555555556 0.05390625 0.18333333333333332
0 0.485546875 0.34375 0.0328125 0.14166666666666666
0 0.643359375 0.5659722222222222 0.034375 0.12916666666666668
0 0.371875 0.07083333333333333 0.0265625 0.11666666666666667
0 0.26640625 0.775 0.04296875 0.16527777777777777
0 0.531640625 0.06875 0.02109375 0.09444444444444444
0 0.373828125 0.41875 0.04921875 0.17222222222222222
0 0.646875 0.08888888888888889 0.03046875 0.12222222222222222
0 0.029296875 0.020833333333333332 0.03671875 0.041666666666666664
0 0.437109375 0.035416666666666666 0.02734375 0.07083333333333333
0 0.730859375 0.08402777777777778 0.021875 0.12361111111111112
0 0.326953125 0.06736111111111111 0.028125 0.09583333333333334
0 0.548828125 0.3159722222222222 0.0234375 0.11805555555555555
0 0.984375 0.23125 0.03125 0.12777777777777777
0 0.388671875 0.035416666666666666 0.0265625 0.07083333333333333
0 0.121875 0.15208333333333332 0.0375 0.13055555555555556
0 0.959765625 0.23055555555555557 0.0328125 0.11388888888888889
0 0.4578125 0.034722222222222224 0.025 0.06944444444444445
0 0.037109375 0.1736111111111111 0.03125 0.1125
0 0.644140625 0.027083333333333334 0.02265625 0.05416666666666667
0 0.915625 0.01875 0.03828125 0.0375
0 0.4875 0.02013888888888889 0.0234375 0.04027777777777778
0 0.21875 0.5236111111111111 0.04375 0.15
0 0.60625 0.03611111111111111 0.0234375 0.07222222222222222
0 0.23203125 0.4465277777777778 0.0234375 0.059722222222222225
0 0.18828125 0.5041666666666667 0.03203125 0.1361111111111111
0 0.2515625 0.5111111111111111 0.03984375 0.1361111111111111
0 0.991796875 0.7611111111111111 0.01640625 0.1375
0 0.592578125 0.05138888888888889 0.01953125 0.05416666666666667