0 0.66640625 0.34791666666666665 0.0671875 0.125
0 0.6546875 0.1840277777777778 0.0625 0.11666666666666667
0 0.569921875 0.7472222222222222 0.08203125 0.15138888888888888
0 0.211328125 0.45694444444444443 0.090625 0.16805555555555557
0 0.319921875 0.6201388888888889 0.09296875 0.1736111111111111
0 0.700390625 0.5263888888888889 0.0734375 0.1375
0 0.36640625 0.8201388888888889 0.11015625 0.20555555555555555
0 0.859765625 0.5493055555555556 0.0671875 0.125
0 0.074609375 0.30416666666666664 0.11875 0.21805555555555556
0 0.166796875 0.6090277777777777 0.06484375 0.1111111111111111
0 0.541015625 0.3840277777777778 0.07265625 0.1375
0 0.565625 0.03819444444444445 0.0625 0.0763888888888889
0 0.864453125 0.9333333333333333 0.08984375 0.13333333333333333
0 0.677734375 0.22152777777777777 0.05390625 0.10138888888888889
0 0.625 0.07013888888888889 0.03984375 0.07222222222222222
0 0.4546875 0.7076388888888889 0.10390625 0.19305555555555556
0 0.451953125 0.27291666666666664 0.0890625 0.16666666666666666
0 0.64296875 0.09722222222222222 0.03828125 0.06944444444444445
0 0.827734375 0.4534722222222222 0.05859375 0.1125
0 0.611328125 0.3972222222222222 0.059375 0.11388888888888889
0 0.77421875 0.35138888888888886 0.0625 0.11805555555555555
0 0.591796875 0.025 0.03671875 0.05
0 0.666796875 0.125 0.034375 0.06111111111111111
0 0.7546875 0.2763888888888889 0.04296875 0.07916666666666666
0 0.94765625 0.8527777777777777 0.06796875 0.12638888888888888
0 0.5390625 0.016666666666666666 0.0515625 0.03333333333333333
0 0.278515625 0.18819444444444444 0.08984375 0.16666666666666666
0 0.317578125 0.14930555555555555 0.0421875 0.0763888888888889
0 0.993359375 0.6472222222222223 0.01328125 0.06944444444444445
0 0.78203125 0.3138888888888889 0.040625 0.07361111111111111
0 0.9609375 0.875 0.06875 0.13055555555555556
0 0.30546875 0.21875 0.08203125 0.15138888888888888
0 0.265234375 0.13472222222222222 0.08515625 0.15833333333333333
0 0.749609375 0.2708333333333333 0.0453125 0.08333333333333333
0 0.9765625 0.8284722222222223 0.046875 0.12916666666666668
0 0.733984375 0.2673611111111111 0.034375 0.06111111111111111