0 0.811328125 0.7916666666666666 0.05078125 0.17222222222222222
0 0.403515625 0.5569444444444445 0.03828125 0.14722222222222223
0 0.499609375 0.1638888888888889 0.03515625 0.12222222222222222
0 0.669140625 0.14305555555555555 0.028125 0.12083333333333333
0 0.959375 0.5784722222222223 0.05 0.1597222222222222
0 0.96875 0.08611111111111111 0.0296875 0.11805555555555555
0 0.506640625 0.5534722222222223 0.0375 0.15694444444444444
0 0.675390625 0.8951388888888889 0.04765625 0.1625
0 0.60234375 0.7652777777777777 0.0484375 0.19166666666666668
0 0.561328125 0.08680555555555555 0.0265625 0.11527777777777778
0 0.9796875 0.15069444444444444 0.040625 0.12083333333333333
0 0.531640625 0.1638888888888889 0.02734375 0.10833333333333334
0 0.10625 0.24861111111111112 0.0453125 0.14027777777777778
0 0.933984375 0.09236111111111112 0.03125 0.11805555555555555
0 0.731640625 0.08125 0.0234375 0.125
0 0.89453125 0.12222222222222222 0.05 0.11666666666666667
0 0.03828125 0.1701388888888889 0.03515625 0.11527777777777778
0 0.67578125 0.02638888888888889 0.025 0.05277777777777778
0 0.554296875 0.9555555555555556 0.05703125 0.08888888888888889
0 0.388671875 0.24027777777777778 0.03828125 0.15416666666666667
0 0.644140625 0.03333333333333333 0.02109375 0.06666666666666667
0 0.610546875 0.03611111111111111 0.02421875 0.07222222222222222
0 0.7546875 0.03888888888888889 0.0328125 0.07777777777777778
0 0.01875 0.6173611111111111 0.0375 0.17777777777777778
0 0.77890625 0.9604166666666667 0.0484375 0.07916666666666666
0 0.510546875 0.05763888888888889 0.028125 0.11527777777777778
0 0.5515625 0.16944444444444445 0.02109375 0.10833333333333334
0 0.5921875 0.04097222222222222 0.01796875 0.06805555555555555
0 0.987890625 0.22291666666666668 0.02421875 0.09166666666666666
0 0.25 0.5076388888888889 0.03125 0.12361111111111112
0 0.2171875 0.5152777777777777 0.04140625 0.15694444444444444
0 0.18984375 0.4979166666666667 0.0375 0.15
0 0.4421875 0.06111111111111111 0.01328125 0.09166666666666666
0 0.99375 0.3402777777777778 0.01171875 0.0875
0 0.496484375 0.019444444444444445 0.01640625 0.03888888888888889
0 0.01171875 0.34305555555555556 0.02265625 0.125
0 0.58828125 0.03958333333333333 0.01796875 0.06805555555555555
0 0.520703125 0.022222222222222223 0.01875 0.044444444444444446