0 0.599609375 0.13125 0.0375 0.11805555555555555
0 0.694921875 0.22361111111111112 0.040625 0.13055555555555556
0 0.94453125 0.27361111111111114 0.05703125 0.1361111111111111
0 0.535546875 0.1486111111111111 0.040625 0.12083333333333333
0 0.39453125 0.5680555555555555 0.05390625 0.15694444444444444
0 0.76640625 0.9263888888888889 0.0640625 0.14722222222222223
0 0.14140625 0.11458333333333333 0.059375 0.1527777777777778
0 0.943359375 0.6861111111111111 0.06328125 0.1736111111111111
0 0.507421875 0.91875 0.07578125 0.1625
0 0.8015625 0.13541666666666666 0.03515625 0.1
0 0.636328125 0.8763888888888889 0.0578125 0.17222222222222222
0 0.409375 0.23402777777777778 0.05703125 0.1625
0 0.076953125 0.04652777777777778 0.04296875 0.09305555555555556
0 0.768359375 0.1597222222222222 0.03359375 0.12916666666666668
0 0.56640625 0.15902777777777777 0.034375 0.10833333333333334
0 0.58046875 0.2076388888888889 0.03359375 0.1111111111111111
0 0.719140625 0.09513888888888888 0.03203125 0.07361111111111111
0 0.60234375 0.8666666666666667 0.06015625 0.19166666666666668
0 0.4984375 0.5083333333333333 0.05 0.16527777777777777
0 0.687890625 0.08472222222222223 0.0265625 0.07222222222222222
0 0.973828125 0.24930555555555556 0.03984375 0.11944444444444445
0 0.5515625 0.05555555555555555 0.03828125 0.10138888888888889
0 0.995703125 0.32013888888888886 0.00859375 0.15694444444444444
0 0.654296875 0.07708333333333334 0.0296875 0.07777777777777778
0 0.99296875 0.25555555555555554 0.0140625 0.125
0 0.991015625 0.46319444444444446 0.01796875 0.11805555555555555
0 0.6359375 0.08125 0.02578125 0.07361111111111111
0 0.2546875 0.4326388888888889 0.0484375 0.14166666666666666
0 0.219921875 0.43125 0.0578125 0.16666666666666666
0 0.237890625 0.3659722222222222 0.02421875 0.05694444444444444
0 0.195703125 0.40069444444444446 0.0515625 0.15694444444444444
0 0.033203125 0.16666666666666666 0.02734375 0.12361111111111112
0 0.56796875 0.02638888888888889 0.0203125 0.030555555555555555
0 0.19609375 0.9006944444444445 0.05546875 0.04027777777777778
0 0.542578125 0.017361111111111112 0.0171875 0.027777777777777776
0 0.632421875 0.0763888888888889 0.0234375 0.07222222222222222
0 0.008984375 0.45416666666666666 0.01796875 0.14166666666666666
0 0.469140625 0.049305555555555554 0.02265625 0.09861111111111111
0 0.57265625 0.027777777777777776 0.0234375 0.030555555555555555