0 0.58671875 0.29305555555555557 0.0421875 0.1361111111111111
0 0.02890625 0.56875 0.0578125 0.1625
0 0.671484375 0.44583333333333336 0.046875 0.1527777777777778
0 0.837890625 0.2701388888888889 0.04296875 0.1375
0 0.270703125 0.7902777777777777 0.0625 0.18194444444444444
0 0.626953125 0.4895833333333333 0.0421875 0.12916666666666668
0 0.5359375 0.05 0.03515625 0.09444444444444444
0 0.399609375 0.09027777777777778 0.0375 0.12638888888888888
0 0.375 0.47430555555555554 0.0640625 0.19583333333333333
0 0.1078125 0.8513888888888889 0.06484375 0.12222222222222222
0 0.96875 0.7194444444444444 0.05 0.175
0 0.655078125 0.16319444444444445 0.03515625 0.1111111111111111
0 0.41953125 0.04791666666666667 0.0359375 0.09583333333333334
0 0.9359375 0.4395833333333333 0.05390625 0.15
0 0.475390625 0.04513888888888889 0.03046875 0.09027777777777778
0 0.504296875 0.27847222222222223 0.0390625 0.14027777777777778
0 0.497265625 0.049305555555555554 0.03203125 0.09861111111111111
0 0.56875 0.05763888888888889 0.028125 0.09166666666666666
0 0.27265625 0.6 0.05078125 0.15694444444444444
0 0.48515625 0.7083333333333334 0.0546875 0.1736111111111111
0 0.881640625 0.10972222222222222 0.0390625 0.04722222222222222
0 0.515625 0.575 0.05859375 0.18611111111111112
0 0.985546875 0.32222222222222224 0.02890625 0.12777777777777777
0 0.386328125 0.9354166666666667 0.059375 0.09444444444444444
0 0.3171875 0.03194444444444444 0.0359375 0.06388888888888888
0 0.76171875 0.14375 0.0328125 0.13194444444444445
0 0.968359375 0.3090277777777778 0.0375 0.1125
0 0.5578125 0.4125 0.03359375 0.1375
0 0.68046875 0.07430555555555556 0.02890625 0.07361111111111111
0 0.15703125 0.04791666666666667 0.05 0.09583333333333334
0 0.073046875 0.059722222222222225 0.04453125 0.11944444444444445
0 0.23046875 0.38055555555555554 0.03203125 0.06805555555555555
0 0.655078125 0.06388888888888888 0.02734375 0.06527777777777778
0 0.219921875 0.44930555555555557 0.05390625 0.1638888888888889
0 0.637890625 0.075 0.028125 0.07361111111111111
0 0.1921875 0.42291666666666666 0.04609375 0.15416666666666667
0 0.252734375 0.44583333333333336 0.0484375 0.14305555555555555
0 0.980859375 0.12222222222222222 0.0234375 0.019444444444444445
0 0.648046875 0.06388888888888888 0.02421875 0.06666666666666667