0 0.4953125 0.19027777777777777 0.03828125 0.13055555555555556
0 0.89921875 0.03958333333333333 0.0359375 0.07916666666666666
0 0.540234375 0.05 0.02734375 0.09722222222222222
0 0.41328125 0.5041666666666667 0.0421875 0.1527777777777778
0 0.661328125 0.08888888888888889 0.03125 0.11944444444444445
0 0.702734375 0.9541666666666667 0.05546875 0.06111111111111111
0 0.72109375 0.06111111111111111 0.0296875 0.12222222222222222
0 0.828515625 0.675 0.05 0.18611111111111112
0 0.93203125 0.03611111111111111 0.0375 0.07222222222222222
0 0.525390625 0.18611111111111112 0.03125 0.1125
0 0.388671875 0.20277777777777778 0.0375 0.13472222222222222
0 0.50625 0.6131944444444445 0.04296875 0.15694444444444444
0 0.78125 0.8638888888888889 0.05234375 0.1625
0 0.842578125 0.06736111111111111 0.03515625 0.11805555555555555
0 0.021484375 0.21944444444444444 0.0375 0.11527777777777778
0 0.0421875 0.7270833333333333 0.07421875 0.18472222222222223
0 0.573828125 0.6826388888888889 0.05078125 0.20416666666666666
0 0.5453125 0.13472222222222222 0.02109375 0.08333333333333333
0 0.979296875 0.5986111111111111 0.04140625 0.17222222222222222
0 0.959765625 0.10208333333333333 0.04375 0.18333333333333332
0 0.629296875 0.027083333333333334 0.02109375 0.05416666666666667
0 0.8609375 0.059027777777777776 0.0359375 0.11805555555555555
0 0.01171875 0.42291666666666666 0.0234375 0.1486111111111111
0 0.596484375 0.030555555555555555 0.02578125 0.06111111111111111
0 0.089453125 0.31805555555555554 0.04609375 0.15138888888888888
0 0.725 0.011111111111111112 0.0234375 0.022222222222222223
0 0.2203125 0.5465277777777777 0.0453125 0.1527777777777778
0 0.190234375 0.5263888888888889 0.040625 0.15
0 0.50859375 0.09305555555555556 0.03203125 0.09861111111111111
0 0.25234375 0.53125 0.0359375 0.13055555555555556
0 0.96015625 0.13194444444444445 0.0375 0.11388888888888889
0 0.489453125 0.05277777777777778 0.02890625 0.10416666666666667
0 0.505078125 0.024305555555555556 0.02265625 0.04861111111111111
0 0.325 0.03263888888888889 0.021875 0.034722222222222224
0 0.579296875 0.03263888888888889 0.02109375 0.06527777777777778
0 0.453515625 0.0625 0.0203125 0.09027777777777778
0 0.226953125 0.4756944444444444 0.02109375 0.05277777777777778
0 0.659375 0.004861111111111111 0.01875 0.009722222222222222
0 0.95390625 0.0763888888888889 0.04296875 0.1361111111111111
0 0.780859375 0.9569444444444445 0.04296875 0.03888888888888889
0 0.576171875 0.029861111111111113 0.01953125 0.059722222222222225
0 0.206640625 0.03263888888888889 0.01796875 0.013888888888888888