0 0.58984375 0.5125 0.08046875 0.14444444444444443
0 0.648046875 0.5083333333333333 0.065625 0.11805555555555555
0 0.82265625 0.7631944444444444 0.078125 0.14027777777777778
0 0.337890625 0.49236111111111114 0.11328125 0.20277777777777778
0 0.482421875 0.5097222222222222 0.08125 0.14583333333333334
0 0.5734375 0.7784722222222222 0.09921875 0.17916666666666667
0 0.1046875 0.17708333333333334 0.11328125 0.20416666666666666
0 0.855859375 0.9583333333333334 0.09140625 0.08333333333333333
0 0.349609375 0.2465277777777778 0.0765625 0.1375
0 0.614453125 0.11527777777777778 0.0625 0.1125
0 0.7 0.43333333333333335 0.065625 0.11805555555555555
0 0.296484375 0.35625 0.09140625 0.16527777777777777
0 0.517578125 0.13680555555555557 0.06953125 0.125
0 0.541015625 0.4548611111111111 0.090625 0.1625
0 0.5546875 0.10555555555555556 0.06328125 0.11527777777777778
0 0.849609375 0.425 0.0390625 0.06805555555555555
0 0.616796875 0.26180555555555557 0.065625 0.11944444444444445
0 0.62890625 0.14583333333333334 0.0640625 0.11527777777777778
0 0.82734375 0.4875 0.0671875 0.12222222222222222
0 0.5921875 0.025694444444444443 0.04375 0.05138888888888889
0 0.511328125 0.6034722222222222 0.0765625 0.1388888888888889
0 0.74921875 0.2625 0.03203125 0.05694444444444444
0 0.9015625 0.8138888888888889 0.07734375 0.1388888888888889
0 0.795703125 0.3736111111111111 0.05078125 0.09166666666666666
0 0.31875 0.125 0.04765625 0.08611111111111111
0 0.9515625 0.7888888888888889 0.06328125 0.11527777777777778
0 0.6890625 0.15555555555555556 0.02890625 0.05138888888888889
0 0.288671875 0.17430555555555555 0.0875 0.15833333333333333
0 0.704296875 0.17777777777777778 0.02421875 0.043055555555555555
0 0.315234375 0.2 0.07265625 0.13194444444444445
0 0.273828125 0.12083333333333333 0.08046875 0.14583333333333334
0 0.723046875 0.20416666666666666 0.01953125 0.034722222222222224
0 0.937890625 0.7631944444444444 0.0609375 0.10972222222222222
0 0.762109375 0.31180555555555556 0.04921875 0.08888888888888889
0 0.78125 0.3388888888888889 0.0484375 0.08611111111111111
0 0.93828125 0.9569444444444445 0.03203125 0.058333333333333334
0 0.773828125 0.2972222222222222 0.02734375 0.04861111111111111