0 0.58125 0.14166666666666666 0.028125 0.1
0 0.13671875 0.60625 0.0484375 0.1763888888888889
0 0.17578125 0.04791666666666667 0.028125 0.09583333333333334
0 0.496875 0.28680555555555554 0.03125 0.13055555555555556
0 0.590234375 0.7680555555555556 0.04375 0.17083333333333334
0 0.816796875 0.6430555555555556 0.0453125 0.16805555555555557
0 0.806640625 0.48541666666666666 0.040625 0.14444444444444443
0 0.9421875 0.5854166666666667 0.04453125 0.16666666666666666
0 0.969140625 0.25555555555555554 0.03671875 0.125
0 0.91875 0.2638888888888889 0.040625 0.13472222222222222
0 0.923828125 0.17430555555555555 0.03359375 0.10138888888888889
0 0.058984375 0.1701388888888889 0.03125 0.11944444444444445
0 0.680859375 0.7423611111111111 0.03828125 0.14305555555555555
0 0.380859375 0.20069444444444445 0.028125 0.125
0 0.531640625 0.20694444444444443 0.03359375 0.1388888888888889
0 0.89296875 0.10416666666666667 0.03203125 0.12083333333333333
0 0.625390625 0.13402777777777777 0.03828125 0.11388888888888889
0 0.45078125 0.11597222222222223 0.02578125 0.12083333333333333
0 0.082421875 0.8631944444444445 0.0671875 0.2111111111111111
0 0.395703125 0.020833333333333332 0.02265625 0.041666666666666664
0 0.859375 0.07291666666666667 0.0265625 0.10555555555555556
0 0.6125 0.4375 0.03671875 0.1361111111111111
0 0.317578125 0.375 0.0453125 0.14583333333333334
0 0.4109375 0.38333333333333336 0.03203125 0.14583333333333334
0 0.373046875 0.5256944444444445 0.0375 0.16666666666666666
0 0.953515625 0.02013888888888889 0.02109375 0.04027777777777778
0 0.494921875 0.08819444444444445 0.0234375 0.10277777777777777
0 0.22421875 0.035416666666666666 0.028125 0.07083333333333333
0 0.4265625 0.11041666666666666 0.025 0.11944444444444445
0 0.00859375 0.14166666666666666 0.01640625 0.05277777777777778
0 0.48203125 0.05555555555555555 0.0296875 0.1111111111111111
0 0.3140625 0.2708333333333333 0.03828125 0.09305555555555556
0 0.684765625 0.04722222222222222 0.02265625 0.09166666666666666
0 0.725390625 0.04861111111111111 0.028125 0.09583333333333334
0 0.14921875 0.01597222222222222 0.0203125 0.03194444444444444
0 0.84296875 0.07777777777777778 0.0265625 0.10833333333333334
0 0.2265625 0.4618055555555556 0.021875 0.05
0 0.732421875 0.08402777777777778 0.025 0.1625
0 0.992578125 0.16041666666666668 0.01484375 0.10555555555555556
0 0.215625 0.5361111111111111 0.04296875 0.1527777777777778
0 0.664453125 0.07569444444444444 0.01875 0.06666666666666667
0 0.5796875 0.9833333333333333 0.03984375 0.03333333333333333
0 0.189453125 0.5152777777777777 0.04140625 0.15138888888888888
0 0.251953125 0.5243055555555556 0.0390625 0.13333333333333333
0 0.63515625 0.11180555555555556 0.02734375 0.10277777777777777