0 0.74296875 0.4097222222222222 0.09921875 0.17777777777777778
0 0.40390625 0.3277777777777778 0.07109375 0.12916666666666668
0 0.6859375 0.09513888888888888 0.0875 0.15694444444444444
0 0.75 0.19236111111111112 0.0984375 0.17777777777777778
0 0.3078125 0.45694444444444443 0.07109375 0.12916666666666668
0 0.70234375 0.6159722222222223 0.10546875 0.19027777777777777
0 0.078515625 0.6048611111111111 0.06796875 0.12222222222222222
0 0.88671875 0.05277777777777778 0.1015625 0.10555555555555556
0 0.405859375 0.12708333333333333 0.0546875 0.09861111111111111
0 0.401171875 0.2361111111111111 0.07890625 0.14166666666666666
0 0.2375 0.3 0.04609375 0.08194444444444444
0 0.053515625 0.8090277777777778 0.07109375 0.12777777777777777
0 0.2640625 0.9506944444444444 0.096875 0.09861111111111111
0 0.568359375 0.3368055555555556 0.08203125 0.1486111111111111
0 0.1171875 0.5305555555555556 0.06015625 0.10833333333333334
0 0.45625 0.09861111111111111 0.07109375 0.12777777777777777
0 0.30703125 0.6208333333333333 0.09140625 0.1638888888888889
0 0.43984375 0.7256944444444444 0.10078125 0.18055555555555555
0 0.460546875 0.07083333333333333 0.06953125 0.12638888888888888
0 0.308203125 0.17916666666666667 0.0421875 0.0763888888888889
0 0.273046875 0.22013888888888888 0.03515625 0.06111111111111111
0 0.2671875 0.5513888888888889 0.05703125 0.10138888888888889
0 0.315234375 0.2826388888888889 0.06796875 0.12222222222222222
0 0.404296875 0.5506944444444445 0.084375 0.1527777777777778
0 0.296484375 0.31319444444444444 0.0671875 0.12222222222222222
0 0.33671875 0.24375 0.0625 0.1125
0 0.453515625 0.011111111111111112 0.04140625 0.022222222222222223
0 0.311328125 0.88125 0.0890625 0.1597222222222222
0 0.28984375 0.8118055555555556 0.0359375 0.06388888888888888
0 0.286328125 0.8965277777777778 0.08515625 0.1527777777777778
0 0.06015625 0.5736111111111111 0.0265625 0.04722222222222222
0 0.0234375 0.6326388888888889 0.0234375 0.04027777777777778
0 0.328125 0.8319444444444445 0.08671875 0.15555555555555556