0 0.4296875 0.6125 0.0734375 0.15833333333333333
0 0.7765625 0.7048611111111112 0.08046875 0.1597222222222222
0 0.93125 0.1597222222222222 0.0921875 0.19027777777777777
0 0.86015625 0.6201388888888889 0.07890625 0.15416666666666667
0 0.538671875 0.044444444444444446 0.05859375 0.08888888888888889
0 0.405859375 0.22013888888888888 0.0625 0.13333333333333333
0 0.425 0.08263888888888889 0.05 0.10972222222222222
0 0.520703125 0.5604166666666667 0.0765625 0.16527777777777777
0 0.84921875 0.43819444444444444 0.08984375 0.19583333333333333
0 0.4328125 0.18819444444444444 0.05234375 0.1125
0 0.32578125 0.36041666666666666 0.06796875 0.14722222222222223
0 0.64296875 0.6319444444444444 0.09765625 0.2111111111111111
0 0.019921875 0.6423611111111112 0.03984375 0.12916666666666668
0 0.33203125 0.1673611111111111 0.04765625 0.10416666666666667
0 0.459765625 0.022222222222222223 0.04140625 0.044444444444444446
0 0.088671875 0.6583333333333333 0.084375 0.16805555555555557
0 0.445703125 0.029166666666666667 0.03515625 0.058333333333333334
0 0.44609375 0.15902777777777777 0.0453125 0.10277777777777777
0 0.040625 0.8208333333333333 0.0625 0.14305555555555555
0 0.264453125 0.7763888888888889 0.08046875 0.16944444444444445
0 0.380078125 0.11597222222222223 0.0671875 0.1388888888888889
0 0.290234375 0.7361111111111112 0.06484375 0.14027777777777778
0 0.379296875 0.07083333333333333 0.0296875 0.05555555555555555
0 0.23125 0.7791666666666667 0.07265625 0.15833333333333333
0 0.690625 0.8652777777777778 0.05625 0.07361111111111111
0 0.253125 0.7166666666666667 0.034375 0.06944444444444445