0 0.786328125 0.525 0.04140625 0.15416666666666667
0 0.76015625 0.7319444444444444 0.06015625 0.18194444444444444
0 0.64140625 0.17430555555555555 0.0296875 0.12361111111111112
0 0.776953125 0.3784722222222222 0.0359375 0.1388888888888889
0 0.623828125 0.9208333333333333 0.0515625 0.15138888888888888
0 0.611328125 0.5152777777777777 0.040625 0.1388888888888889
0 0.91640625 0.1284722222222222 0.03359375 0.10138888888888889
0 0.4125 0.47152777777777777 0.034375 0.14583333333333334
0 0.578125 0.1 0.02265625 0.09583333333333334
0 0.14765625 0.4888888888888889 0.03984375 0.15
0 0.4984375 0.23472222222222222 0.03046875 0.12638888888888888
0 0.691796875 0.05347222222222222 0.0234375 0.09305555555555556
0 0.0609375 0.17569444444444443 0.03125 0.11805555555555555
0 0.901171875 0.21458333333333332 0.04453125 0.12916666666666668
0 0.125390625 0.08402777777777778 0.03125 0.11666666666666667
0 0.388671875 0.04513888888888889 0.02734375 0.09027777777777778
0 0.530859375 0.1673611111111111 0.0359375 0.14166666666666666
0 0.36875 0.6548611111111111 0.040625 0.16944444444444445
0 0.38671875 0.27847222222222223 0.0296875 0.13472222222222222
0 0.953515625 0.20833333333333334 0.03203125 0.11944444444444445
0 0.20625 0.07083333333333333 0.0328125 0.10694444444444444
0 0.88828125 0.06666666666666667 0.03046875 0.10972222222222222
0 0.04375 0.8201388888888889 0.06015625 0.17777777777777778
0 0.956640625 0.02361111111111111 0.02421875 0.04722222222222222
0 0.316015625 0.325 0.03984375 0.13055555555555556
0 0.738671875 0.0375 0.025 0.07083333333333333
0 0.31171875 0.23125 0.03046875 0.08055555555555556
0 0.432421875 0.13055555555555556 0.03125 0.11944444444444445
0 0.6234375 0.19166666666666668 0.0265625 0.11944444444444445
0 0.8515625 0.06736111111111111 0.02734375 0.10416666666666667
0 0.093359375 0.01875 0.01953125 0.0375
0 0.480078125 0.14027777777777778 0.0265625 0.1111111111111111
0 0.983203125 0.7020833333333333 0.03359375 0.17916666666666667
0 0.4546875 0.125 0.0265625 0.125
0 0.414453125 0.02361111111111111 0.03125 0.04722222222222222
0 0.48359375 0.03819444444444445 0.01875 0.07222222222222222
0 0.251953125 0.5340277777777778 0.0390625 0.13194444444444445
0 0.741015625 0.08541666666666667 0.03125 0.17083333333333334
0 0.2265625 0.475 0.02421875 0.059722222222222225
0 0.83515625 0.06597222222222222 0.0203125 0.09861111111111111
0 0.19765625 0.5298611111111111 0.04375 0.1486111111111111
0 0.19296875 0.016666666666666666 0.03046875 0.03333333333333333
0 0.21796875 0.55 0.04296875 0.1486111111111111
0 0.994140625 0.1326388888888889 0.01171875 0.10138888888888889
0 0.162890625 0.006944444444444444 0.02421875 0.013888888888888888
0 0.673046875 0.08402777777777778 0.02109375 0.059722222222222225