0 0.503125 0.1875 0.0359375 0.125
0 0.55390625 0.05694444444444444 0.02421875 0.09722222222222222
0 0.685546875 0.96875 0.05234375 0.0625
0 0.91328125 0.0625 0.0328125 0.1111111111111111
0 0.412890625 0.5006944444444444 0.03671875 0.15138888888888888
0 0.734375 0.07916666666666666 0.0265625 0.12777777777777777
0 0.39765625 0.19305555555555556 0.0328125 0.13055555555555556
0 0.672265625 0.10625 0.02890625 0.11666666666666667
0 0.822265625 0.7090277777777778 0.0453125 0.17916666666666667
0 0.501953125 0.6111111111111112 0.03671875 0.1527777777777778
0 0.7703125 0.89375 0.046875 0.1625
0 0.97890625 0.6423611111111112 0.0421875 0.16805555555555557
0 0.53515625 0.18819444444444444 0.02890625 0.10833333333333334
0 0.855859375 0.10208333333333333 0.03046875 0.11666666666666667
0 0.946875 0.059027777777777776 0.0359375 0.10972222222222222
0 0.030859375 0.17430555555555555 0.03359375 0.11527777777777778
0 0.56953125 0.6923611111111111 0.04453125 0.19305555555555556
0 0.972265625 0.17291666666666666 0.034375 0.11527777777777778
0 0.037109375 0.68125 0.0703125 0.17916666666666667
0 0.64375 0.03333333333333333 0.01953125 0.06666666666666667
0 0.012109375 0.3763888888888889 0.02421875 0.14722222222222223
0 0.555078125 0.14166666666666666 0.01875 0.08333333333333333
0 0.61015625 0.035416666666666666 0.0234375 0.07083333333333333
0 0.875390625 0.09305555555555556 0.03203125 0.11805555555555555
0 0.96640625 0.11666666666666667 0.03984375 0.12777777777777777
0 0.740234375 0.02361111111111111 0.021875 0.04722222222222222
0 0.094140625 0.28125 0.03984375 0.14444444444444443
0 0.25078125 0.5090277777777777 0.03359375 0.12777777777777777
0 0.51953125 0.025 0.0203125 0.05
0 0.18984375 0.4979166666666667 0.03671875 0.14722222222222223
0 0.219140625 0.5201388888888889 0.040625 0.15
0 0.592578125 0.03888888888888889 0.01875 0.06944444444444445
0 0.503125 0.052083333333333336 0.02578125 0.10138888888888889
0 0.771484375 0.9861111111111112 0.0453125 0.027777777777777776
0 0.33828125 0.016666666666666666 0.01953125 0.03333333333333333
0 0.5203125 0.09305555555555556 0.02890625 0.09444444444444444
0 0.971484375 0.14097222222222222 0.0390625 0.18055555555555555
0 0.674609375 0.0125 0.01953125 0.02361111111111111
0 0.227734375 0.45 0.01953125 0.05277777777777778
0 0.46640625 0.059027777777777776 0.01796875 0.09027777777777778