0 0.56796875 0.28958333333333336 0.03203125 0.125
0 0.669921875 0.43194444444444446 0.03671875 0.14305555555555555
0 0.971875 0.1909722222222222 0.03359375 0.11805555555555555
0 0.623828125 0.4423611111111111 0.034375 0.12638888888888888
0 0.9765625 0.5798611111111112 0.046875 0.175
0 0.301171875 0.8104166666666667 0.05078125 0.17777777777777778
0 0.13515625 0.9243055555555556 0.05625 0.15138888888888888
0 0.026953125 0.6631944444444444 0.05390625 0.15833333333333333
0 0.50234375 0.6763888888888889 0.04375 0.16805555555555557
0 0.486328125 0.25555555555555554 0.0296875 0.12361111111111112
0 0.50234375 0.0375 0.02890625 0.075
0 0.28203125 0.6326388888888889 0.040625 0.14305555555555555
0 0.3703125 0.1361111111111111 0.03046875 0.125
0 0.819921875 0.20416666666666666 0.0328125 0.12777777777777777
0 0.551171875 0.41388888888888886 0.02578125 0.12777777777777777
0 0.51640625 0.53125 0.04453125 0.16805555555555557
0 0.3859375 0.0763888888888889 0.025 0.10833333333333334
0 0.439453125 0.058333333333333334 0.0234375 0.1125
0 0.268359375 0.06597222222222222 0.02890625 0.09027777777777778
0 0.378515625 0.5263888888888889 0.0453125 0.18055555555555555
0 0.459765625 0.05416666666666667 0.0265625 0.10694444444444444
0 0.534375 0.03958333333333333 0.02265625 0.0763888888888889
0 0.04453125 0.1597222222222222 0.03203125 0.11944444444444445
0 0.731640625 0.08402777777777778 0.0234375 0.12638888888888888
0 0.94140625 0.18611111111111112 0.02734375 0.10833333333333334
0 0.8265625 0.01875 0.040625 0.0375
0 0.121875 0.10486111111111111 0.04375 0.13472222222222222
0 0.646484375 0.034722222222222224 0.021875 0.06944444444444445
0 0.6234375 0.14305555555555555 0.0265625 0.10555555555555556
0 0.9265625 0.3145833333333333 0.04140625 0.14305555555555555
0 0.225 0.4486111111111111 0.02578125 0.06388888888888888
0 0.62265625 0.029166666666666667 0.021875 0.058333333333333334
0 0.21953125 0.5215277777777778 0.03984375 0.1527777777777778
0 0.930078125 0.28055555555555556 0.03984375 0.07083333333333333
0 0.25 0.5083333333333333 0.03515625 0.1361111111111111
0 0.189453125 0.49930555555555556 0.0375 0.14583333333333334
0 0.421875 0.9840277777777777 0.053125 0.03194444444444444
0 0.605078125 0.04375 0.02265625 0.06527777777777778