0 0.881640625 0.45902777777777776 0.10078125 0.18611111111111112
0 0.362109375 0.22013888888888888 0.06484375 0.12083333333333333
0 0.71875 0.5069444444444444 0.08984375 0.16666666666666666
0 0.841796875 0.03263888888888889 0.09296875 0.06527777777777778
0 0.47578125 0.71875 0.08828125 0.16527777777777777
0 0.48671875 0.48194444444444445 0.0796875 0.15
0 0.410546875 0.13819444444444445 0.0640625 0.11944444444444445
0 0.68203125 0.7361111111111112 0.12265625 0.22916666666666666
0 0.762890625 0.5875 0.1109375 0.20833333333333334
0 0.031640625 0.7888888888888889 0.06328125 0.12222222222222222
0 0.50703125 0.07777777777777778 0.07265625 0.1375
0 0.384765625 0.18194444444444444 0.05546875 0.10416666666666667
0 0.3296875 0.47152777777777777 0.09453125 0.1763888888888889
0 0.103125 0.7319444444444444 0.09609375 0.175
0 0.267578125 0.28402777777777777 0.05078125 0.09583333333333334
0 0.41171875 0.029861111111111113 0.04375 0.059722222222222225
0 0.2953125 0.8423611111111111 0.0875 0.1638888888888889
0 0.431640625 0.22361111111111112 0.059375 0.11388888888888889
0 0.33203125 0.1486111111111111 0.05 0.09166666666666666
0 0.226953125 0.2923611111111111 0.0359375 0.06527777777777778
0 0.27265625 0.20277777777777778 0.02265625 0.03888888888888889
0 0.40078125 0.04791666666666667 0.040625 0.075
0 0.040234375 0.5631944444444444 0.0328125 0.05555555555555555
0 0.31484375 0.7965277777777777 0.078125 0.14583333333333334
0 0.28125 0.7715277777777778 0.04296875 0.07777777777777778
0 0.05859375 0.93125 0.04765625 0.09166666666666666
0 0.29140625 0.17916666666666667 0.0234375 0.041666666666666664
0 0.26484375 0.8631944444444445 0.07734375 0.14583333333333334
0 0.332421875 0.10486111111111111 0.0203125 0.03333333333333333