0 0.788671875 0.6340277777777777 0.08828125 0.16666666666666666
0 0.501171875 0.04097222222222222 0.06328125 0.08194444444444444
0 0.383203125 0.24444444444444444 0.0671875 0.12777777777777777
0 0.89609375 0.07083333333333333 0.096875 0.14166666666666666
0 0.39375 0.10555555555555556 0.053125 0.10138888888888889
0 0.523046875 0.55 0.08046875 0.15555555555555556
0 0.8703125 0.5354166666666667 0.08046875 0.14722222222222223
0 0.8421875 0.35625 0.1 0.19305555555555556
0 0.441015625 0.6368055555555555 0.08125 0.15694444444444444
0 0.408203125 0.20694444444444443 0.0578125 0.1111111111111111
0 0.31484375 0.40694444444444444 0.075 0.14444444444444443
0 0.30625 0.2152777777777778 0.05078125 0.09722222222222222
0 0.65546875 0.5951388888888889 0.10546875 0.2013888888888889
0 0.446875 0.007638888888888889 0.040625 0.015277777777777777
0 0.02890625 0.7618055555555555 0.0578125 0.12638888888888888
0 0.421484375 0.029166666666666667 0.04453125 0.058333333333333334
0 0.105078125 0.7576388888888889 0.090625 0.16944444444444445
0 0.353515625 0.14305555555555555 0.07109375 0.13333333333333333
0 0.408984375 0.04027777777777778 0.0375 0.07083333333333333
0 0.421875 0.1798611111111111 0.0484375 0.09444444444444444
0 0.70859375 0.8131944444444444 0.065625 0.10694444444444444
0 0.28671875 0.8319444444444445 0.08828125 0.16805555555555557
0 0.311328125 0.7854166666666667 0.0703125 0.13472222222222222
0 0.0703125 0.93125 0.0703125 0.1375
0 0.255859375 0.8423611111111111 0.07890625 0.1527777777777778
0 0.34609375 0.10277777777777777 0.03046875 0.05416666666666667
0 0.27265625 0.7756944444444445 0.03671875 0.06944444444444445