0 0.528125 0.2534722222222222 0.05234375 0.14027777777777778
0 0.609375 0.3902777777777778 0.05703125 0.14166666666666666
0 0.748828125 0.05347222222222222 0.05234375 0.10694444444444444
0 0.3640625 0.9118055555555555 0.0796875 0.1763888888888889
0 0.086328125 0.9180555555555555 0.07734375 0.1638888888888889
0 0.96640625 0.32013888888888886 0.0671875 0.1875
0 0.42265625 0.06597222222222222 0.04296875 0.09861111111111111
0 0.446484375 0.28402777777777777 0.05 0.1361111111111111
0 0.875390625 0.09722222222222222 0.0640625 0.15694444444444444
0 0.533203125 0.6736111111111112 0.06875 0.1736111111111111
0 0.314453125 0.7493055555555556 0.0625 0.15694444444444444
0 0.646875 0.33402777777777776 0.05859375 0.15694444444444444
0 0.383984375 0.5798611111111112 0.0734375 0.18888888888888888
0 0.526171875 0.5381944444444444 0.075 0.19444444444444445
0 0.311328125 0.21736111111111112 0.04921875 0.13472222222222222
0 0.452734375 0.044444444444444446 0.0328125 0.08472222222222223
0 0.556640625 0.08402777777777778 0.04296875 0.1111111111111111
0 0.31640625 0.15625 0.04375 0.11805555555555555
0 0.38515625 0.09861111111111111 0.04296875 0.11388888888888889
0 0.508203125 0.9722222222222222 0.06171875 0.05555555555555555
0 0.017578125 0.43194444444444446 0.03515625 0.12777777777777777
0 0.365234375 0.1111111111111111 0.0421875 0.11805555555555555
0 0.648046875 0.021527777777777778 0.04453125 0.043055555555555555
0 0.074609375 0.3402777777777778 0.06328125 0.1486111111111111
0 0.532421875 0.3840277777777778 0.0453125 0.14027777777777778
0 0.558203125 0.008333333333333333 0.03515625 0.016666666666666666
0 0.209375 0.2111111111111111 0.03828125 0.10416666666666667
0 0.2359375 0.6729166666666667 0.06640625 0.16944444444444445
0 0.2296875 0.6020833333333333 0.03515625 0.07361111111111111
0 0.205078125 0.6722222222222223 0.05859375 0.15833333333333333
0 0.53359375 0.0125 0.0328125 0.025
0 0.26484375 0.6458333333333334 0.0578125 0.14722222222222223
0 0.518359375 0.022222222222222223 0.03203125 0.044444444444444446