0 0.577734375 0.4354166666666667 0.05 0.1527777777777778
0 0.62578125 0.3541666666666667 0.03828125 0.11527777777777778
0 0.299609375 0.4201388888888889 0.046875 0.13472222222222222
0 0.645703125 0.6770833333333334 0.05859375 0.16805555555555557
0 0.488671875 0.5090277777777777 0.05234375 0.15138888888888888
0 0.85390625 0.42430555555555555 0.05078125 0.15138888888888888
0 0.947265625 0.5604166666666667 0.06015625 0.1638888888888889
0 0.526171875 0.17916666666666667 0.03671875 0.12777777777777777
0 0.353515625 0.6756944444444445 0.0796875 0.22916666666666666
0 0.06484375 0.5791666666666667 0.0671875 0.19305555555555556
0 0.404296875 0.2 0.0453125 0.14305555555555555
0 0.47578125 0.07083333333333333 0.03671875 0.12361111111111112
0 0.28828125 0.5631944444444444 0.05859375 0.17083333333333334
0 0.427734375 0.029166666666666667 0.03359375 0.058333333333333334
0 0.524609375 0.41458333333333336 0.05625 0.17222222222222222
0 0.538671875 0.5861111111111111 0.0421875 0.14583333333333334
0 0.501171875 0.08611111111111111 0.03984375 0.12916666666666668
0 0.4234375 0.12986111111111112 0.03984375 0.12638888888888888
0 0.09609375 0.03958333333333333 0.0421875 0.07916666666666666
0 0.64609375 0.25763888888888886 0.0390625 0.1111111111111111
0 0.76953125 0.1736111111111111 0.03359375 0.12916666666666668
0 0.234375 0.0125 0.034375 0.025
0 0.762890625 0.09861111111111111 0.03125 0.041666666666666664
0 0.714453125 0.10972222222222222 0.03046875 0.08888888888888889
0 0.93125 0.375 0.0515625 0.14444444444444443
0 0.63984375 0.06388888888888888 0.0265625 0.05555555555555555
0 0.19453125 0.4041666666666667 0.0484375 0.15
0 0.232421875 0.36041666666666666 0.0328125 0.06944444444444445
0 0.253125 0.42916666666666664 0.04375 0.1375
0 0.22265625 0.43333333333333335 0.05546875 0.15833333333333333
0 0.55390625 0.027777777777777776 0.0234375 0.041666666666666664
0 0.5953125 0.0375 0.01875 0.03333333333333333
0 0.94453125 0.28541666666666665 0.03671875 0.10416666666666667
0 0.963671875 0.2916666666666667 0.03984375 0.10555555555555556
0 0.990625 0.16944444444444445 0.01875 0.025
0 0.995703125 0.47430555555555554 0.00859375 0.10972222222222222
0 0.666015625 0.08472222222222223 0.0328125 0.07777777777777778
0 0.682421875 0.09722222222222222 0.0375 0.09305555555555556
0 0.66171875 0.07152777777777777 0.02421875 0.05416666666666667