0 0.717578125 0.03194444444444444 0.08203125 0.06388888888888888
0 0.479296875 0.48541666666666666 0.08203125 0.15555555555555556
0 0.54296875 0.4 0.08359375 0.15833333333333333
0 0.95703125 0.30833333333333335 0.0859375 0.20555555555555555
0 0.691796875 0.8069444444444445 0.08046875 0.14027777777777778
0 0.492578125 0.2111111111111111 0.05859375 0.1111111111111111
0 0.40859375 0.04027777777777778 0.053125 0.08055555555555556
0 0.246875 0.30416666666666664 0.06015625 0.11388888888888889
0 0.6984375 0.4986111111111111 0.09921875 0.18888888888888888
0 0.51484375 0.8694444444444445 0.1140625 0.21388888888888888
0 0.302734375 0.3993055555555556 0.06484375 0.125
0 0.46640625 0.36736111111111114 0.08359375 0.15833333333333333
0 0.323046875 0.475 0.0734375 0.14166666666666666
0 0.373828125 0.78125 0.08671875 0.1638888888888889
0 0.365625 0.24097222222222223 0.06171875 0.11944444444444445
0 0.585546875 0.5722222222222222 0.08046875 0.15555555555555556
0 0.50546875 0.17291666666666666 0.0640625 0.12222222222222222
0 0.034375 0.7472222222222222 0.0671875 0.12638888888888888
0 0.2984375 0.2722222222222222 0.0609375 0.11666666666666667
0 0.33359375 0.675 0.0796875 0.1486111111111111
0 0.271875 0.7826388888888889 0.040625 0.075
0 0.32265625 0.24444444444444444 0.06640625 0.12638888888888888
0 0.354296875 0.09444444444444444 0.03359375 0.06111111111111111
0 0.266015625 0.8618055555555556 0.07734375 0.14722222222222223
0 0.294140625 0.8430555555555556 0.08359375 0.15833333333333333
0 0.448046875 0.016666666666666666 0.05390625 0.03333333333333333
0 0.312890625 0.7979166666666667 0.071875 0.1361111111111111
0 0.988671875 0.37569444444444444 0.02265625 0.09305555555555556
0 0.086328125 0.5916666666666667 0.0515625 0.09444444444444444
0 0.04921875 0.5868055555555556 0.05234375 0.1
0 0.32421875 0.125 0.025 0.041666666666666664