0 0.78984375 0.5444444444444444 0.04296875 0.15555555555555556
0 0.1359375 0.07916666666666666 0.03125 0.1125
0 0.78046875 0.39444444444444443 0.0375 0.14166666666666666
0 0.61875 0.9083333333333333 0.05078125 0.18333333333333332
0 0.3890625 0.04513888888888889 0.02734375 0.08611111111111111
0 0.498046875 0.23958333333333334 0.03046875 0.125
0 0.57890625 0.10208333333333333 0.0234375 0.09444444444444444
0 0.753125 0.7388888888888889 0.05234375 0.16666666666666666
0 0.048828125 0.8180555555555555 0.0625 0.16805555555555557
0 0.9515625 0.2048611111111111 0.0359375 0.12361111111111112
0 0.6234375 0.17916666666666667 0.02890625 0.11527777777777778
0 0.889453125 0.07291666666666667 0.03203125 0.11944444444444445
0 0.69140625 0.05138888888888889 0.0234375 0.09305555555555556
0 0.981640625 0.6881944444444444 0.03671875 0.18333333333333332
0 0.146875 0.5208333333333334 0.04375 0.1638888888888889
0 0.385546875 0.2708333333333333 0.0296875 0.1361111111111111
0 0.5328125 0.17430555555555555 0.0390625 0.1375
0 0.641015625 0.16597222222222222 0.028125 0.13194444444444445
0 0.956640625 0.022222222222222223 0.021875 0.044444444444444446
0 0.060546875 0.17222222222222222 0.03203125 0.12222222222222222
0 0.415234375 0.46458333333333335 0.04453125 0.15555555555555556
0 0.209765625 0.06527777777777778 0.03046875 0.10833333333333334
0 0.6078125 0.4986111111111111 0.0421875 0.1527777777777778
0 0.37109375 0.6444444444444445 0.046875 0.19305555555555556
0 0.9015625 0.2222222222222222 0.040625 0.125
0 0.853125 0.06319444444444444 0.02890625 0.10416666666666667
0 0.741015625 0.08472222222222223 0.03203125 0.16944444444444445
0 0.3125 0.23402777777777778 0.03125 0.0875
0 0.41640625 0.022222222222222223 0.03046875 0.044444444444444446
0 0.453125 0.12152777777777778 0.025 0.11944444444444445
0 0.0953125 0.015277777777777777 0.0265625 0.030555555555555555
0 0.316015625 0.3263888888888889 0.04765625 0.14444444444444443
0 0.226953125 0.46944444444444444 0.02421875 0.05555555555555555
0 0.428515625 0.125 0.02578125 0.125
0 0.193359375 0.5201388888888889 0.03359375 0.14027777777777778
0 0.916796875 0.1486111111111111 0.03046875 0.12222222222222222
0 0.484765625 0.034722222222222224 0.0234375 0.06666666666666667
0 0.737890625 0.0375 0.028125 0.06944444444444445
0 0.4828125 0.12361111111111112 0.0296875 0.11944444444444445
0 0.251171875 0.5326388888888889 0.03828125 0.12777777777777777
0 0.837890625 0.06805555555555555 0.01796875 0.10138888888888889
0 0.218359375 0.5472222222222223 0.0390625 0.1486111111111111
0 0.198828125 0.008333333333333333 0.03046875 0.016666666666666666
0 0.735546875 0.11041666666666666 0.02734375 0.12222222222222222
0 0.99453125 0.13125 0.0109375 0.10833333333333334
0 0.669921875 0.07847222222222222 0.01875 0.06944444444444445
0 0.162890625 0.00625 0.0265625 0.0125