0 0.50703125 0.041666666666666664 0.059375 0.08333333333333333
0 0.8984375 0.07847222222222222 0.0984375 0.15694444444444444
0 0.44140625 0.6444444444444445 0.08125 0.15833333333333333
0 0.52109375 0.5430555555555555 0.08203125 0.1597222222222222
0 0.38359375 0.2388888888888889 0.06796875 0.13055555555555556
0 0.77890625 0.6256944444444444 0.08984375 0.17083333333333334
0 0.844921875 0.375 0.09765625 0.18888888888888888
0 0.875390625 0.5506944444444445 0.075 0.13472222222222222
0 0.403515625 0.10625 0.05859375 0.11527777777777778
0 0.409375 0.20277777777777778 0.06015625 0.11666666666666667
0 0.66328125 0.5993055555555555 0.10546875 0.20416666666666666
0 0.027734375 0.7451388888888889 0.05546875 0.12916666666666668
0 0.103125 0.7375 0.0828125 0.15833333333333333
0 0.4265625 0.027083333333333334 0.04375 0.05416666666666667
0 0.319140625 0.41458333333333336 0.07734375 0.15138888888888888
0 0.7015625 0.8118055555555556 0.071875 0.12083333333333333
0 0.3046875 0.21805555555555556 0.0453125 0.09166666666666666
0 0.357421875 0.13819444444444445 0.0671875 0.12916666666666668
0 0.4140625 0.03680555555555556 0.0375 0.07361111111111111
0 0.4265625 0.1798611111111111 0.05390625 0.10694444444444444
0 0.28515625 0.825 0.0859375 0.16527777777777777
0 0.30546875 0.7798611111111111 0.0671875 0.13194444444444445
0 0.253125 0.8333333333333334 0.0796875 0.15555555555555556
0 0.066015625 0.9222222222222223 0.05703125 0.11388888888888889
0 0.35 0.09930555555555555 0.028125 0.05138888888888889
0 0.07890625 0.46319444444444446 0.03515625 0.05555555555555555
0 0.269921875 0.7659722222222223 0.03515625 0.06527777777777778