0 0.628515625 0.2875 0.04296875 0.11527777777777778
0 0.561328125 0.5576388888888889 0.0609375 0.16527777777777777
0 0.506640625 0.41388888888888886 0.05703125 0.1527777777777778
0 0.43359375 0.19444444444444445 0.04765625 0.12916666666666668
0 0.873828125 0.5784722222222223 0.06015625 0.1625
0 0.039453125 0.6916666666666667 0.07890625 0.2222222222222222
0 0.9703125 0.63125 0.059375 0.1597222222222222
0 0.842578125 0.9236111111111112 0.07734375 0.1527777777777778
0 0.953515625 0.5131944444444444 0.05859375 0.15416666666666667
0 0.495703125 0.9166666666666666 0.06640625 0.16666666666666666
0 0.445703125 0.052083333333333336 0.03828125 0.10416666666666667
0 0.505078125 0.7416666666666667 0.0546875 0.16527777777777777
0 0.31796875 0.8236111111111111 0.084375 0.2222222222222222
0 0.587890625 0.8909722222222223 0.08046875 0.21805555555555556
0 0.667578125 0.11597222222222223 0.046875 0.11388888888888889
0 0.555859375 0.34375 0.06015625 0.16527777777777777
0 0.780859375 0.21319444444444444 0.0390625 0.13194444444444445
0 0.65390625 0.3638888888888889 0.04921875 0.1375
0 0.316015625 0.43680555555555556 0.07265625 0.17916666666666667
0 0.04140625 0.39861111111111114 0.0828125 0.19444444444444445
0 0.402734375 0.28194444444444444 0.05625 0.1625
0 0.54375 0.1284722222222222 0.0421875 0.12638888888888888
0 0.335546875 0.31875 0.0515625 0.13472222222222222
0 0.9421875 0.38055555555555554 0.05234375 0.1361111111111111
0 0.12265625 0.017361111111111112 0.0453125 0.034722222222222224
0 0.750390625 0.15138888888888888 0.0359375 0.10277777777777777
0 0.488671875 0.08402777777777778 0.04140625 0.12361111111111112
0 0.923828125 0.3111111111111111 0.04375 0.1125
0 0.23984375 0.33194444444444443 0.03046875 0.06388888888888888
0 0.588671875 0.06041666666666667 0.03203125 0.07777777777777778
0 0.516796875 0.10347222222222222 0.040625 0.12222222222222222
0 0.0765625 0.7638888888888888 0.06015625 0.11805555555555555
0 0.9953125 0.23402777777777778 0.009375 0.03194444444444444
0 0.946875 0.3111111111111111 0.04609375 0.12083333333333333
0 0.69375 0.1111111111111111 0.02890625 0.07777777777777778
0 0.222265625 0.3993055555555556 0.06640625 0.16944444444444445
0 0.199609375 0.3701388888888889 0.0546875 0.15555555555555556
0 0.714453125 0.12152777777777778 0.0328125 0.08055555555555556
0 0.255859375 0.4076388888888889 0.0609375 0.15
0 0.7203125 0.1388888888888889 0.0296875 0.09861111111111111
0 0.94453125 0.34375 0.05 0.12361111111111112
0 0.05546875 0.7444444444444445 0.1078125 0.15138888888888888