0 0.40859375 0.4777777777777778 0.05234375 0.1527777777777778
0 0.715625 0.19652777777777777 0.04296875 0.12638888888888888
0 0.608203125 0.10416666666666667 0.03984375 0.11944444444444445
0 0.783203125 0.8583333333333333 0.06328125 0.17916666666666667
0 0.711328125 0.9680555555555556 0.06640625 0.06388888888888888
0 0.61953125 0.9673611111111111 0.0625 0.06527777777777778
0 0.541796875 0.18958333333333333 0.04453125 0.12638888888888888
0 0.780859375 0.18541666666666667 0.040625 0.12916666666666668
0 0.574609375 0.2 0.0421875 0.11805555555555555
0 0.986328125 0.26458333333333334 0.02734375 0.13194444444444445
0 0.025390625 0.47291666666666665 0.05078125 0.1986111111111111
0 0.94765625 0.7881944444444444 0.06796875 0.1527777777777778
0 0.964453125 0.25416666666666665 0.0453125 0.12222222222222222
0 0.991015625 0.3277777777777778 0.01796875 0.13055555555555556
0 0.425 0.18125 0.05546875 0.15555555555555556
0 0.48828125 0.5909722222222222 0.05703125 0.1763888888888889
0 0.9921875 0.38958333333333334 0.015625 0.14027777777777778
0 0.9046875 0.2673611111111111 0.05 0.12777777777777777
0 0.55 0.7395833333333334 0.071875 0.22916666666666666
0 0.69921875 0.10277777777777777 0.02890625 0.07361111111111111
0 0.139453125 0.1125 0.06875 0.1625
0 0.666015625 0.09236111111111112 0.03203125 0.07916666666666666
0 0.088671875 0.029861111111111113 0.04765625 0.059722222222222225
0 0.79765625 0.13819444444444445 0.02578125 0.0625
0 0.648046875 0.09097222222222222 0.0265625 0.06944444444444445
0 0.51328125 0.05347222222222222 0.03515625 0.10138888888888889
0 0.59609375 0.18680555555555556 0.0296875 0.0875
0 0.04296875 0.16666666666666666 0.04140625 0.14583333333333334
0 0.256640625 0.41041666666666665 0.04765625 0.1361111111111111
0 0.730859375 0.10069444444444445 0.025 0.044444444444444446
0 0.19765625 0.3736111111111111 0.05234375 0.15555555555555556
0 0.223046875 0.4076388888888889 0.05859375 0.1638888888888889
0 0.93046875 0.2673611111111111 0.04375 0.13333333333333333
0 0.238671875 0.34791666666666665 0.025 0.059722222222222225
0 0.572265625 0.10069444444444445 0.0421875 0.1111111111111111
0 0.579296875 0.043055555555555555 0.0296875 0.05416666666666667
0 0.801953125 0.14375 0.03203125 0.06805555555555555
0 0.582421875 0.03611111111111111 0.0265625 0.03888888888888889
0 0.99140625 0.19722222222222222 0.0171875 0.022222222222222223
0 0.56015625 0.03819444444444445 0.02421875 0.05555555555555555