0 0.40703125 0.5319444444444444 0.03671875 0.14583333333333334
0 0.677734375 0.9291666666666667 0.0484375 0.13472222222222222
0 0.968359375 0.6034722222222222 0.0515625 0.16666666666666666
0 0.773828125 0.9326388888888889 0.04921875 0.12777777777777777
0 0.67109375 0.1284722222222222 0.028125 0.11944444444444445
0 0.500390625 0.1736111111111111 0.03203125 0.12083333333333333
0 0.556640625 0.07361111111111111 0.02421875 0.10138888888888889
0 0.877734375 0.11319444444444444 0.03359375 0.11527777777777778
0 0.960546875 0.075 0.03125 0.11388888888888889
0 0.974609375 0.13402777777777777 0.03671875 0.11666666666666667
0 0.73203125 0.08194444444444444 0.021875 0.11944444444444445
0 0.5 0.5708333333333333 0.0375 0.1527777777777778
0 0.8171875 0.7666666666666667 0.04375 0.18194444444444444
0 0.5328125 0.17152777777777778 0.0265625 0.10277777777777777
0 0.924609375 0.0763888888888889 0.03359375 0.1111111111111111
0 0.02265625 0.65 0.0453125 0.18888888888888888
0 0.391015625 0.22083333333333333 0.0328125 0.1375
0 0.584375 0.7444444444444445 0.04765625 0.19583333333333333
0 0.67578125 0.020833333333333332 0.0265625 0.041666666666666664
0 0.037109375 0.17222222222222222 0.03515625 0.11388888888888889
0 0.64375 0.034027777777777775 0.021875 0.06805555555555555
0 0.984375 0.19791666666666666 0.03125 0.12361111111111112
0 0.747265625 0.029861111111111113 0.02421875 0.059722222222222225
0 0.45234375 0.06111111111111111 0.0234375 0.09583333333333334
0 0.61015625 0.03680555555555556 0.0234375 0.07361111111111111
0 0.1015625 0.2590277777777778 0.05 0.14305555555555555
0 0.5921875 0.04027777777777778 0.01875 0.06527777777777778
0 0.895703125 0.10694444444444444 0.02890625 0.11388888888888889
0 0.552734375 0.15833333333333333 0.01953125 0.09861111111111111
0 0.01328125 0.3541666666666667 0.02578125 0.1388888888888889
0 0.21796875 0.5208333333333334 0.0421875 0.1527777777777778
0 0.50859375 0.06111111111111111 0.0375 0.12222222222222222
0 0.2515625 0.5104166666666666 0.03203125 0.12916666666666668
0 0.52109375 0.021527777777777778 0.0203125 0.043055555555555555
0 0.188671875 0.4930555555555556 0.034375 0.1486111111111111
0 0.557421875 0.9875 0.05703125 0.025
0 0.8875 0.1125 0.03984375 0.1125
0 0.22578125 0.4597222222222222 0.0203125 0.059722222222222225
0 0.945703125 0.005555555555555556 0.021875 0.011111111111111112