0 0.619921875 0.21736111111111112 0.046875 0.12777777777777777
0 0.69140625 0.33958333333333335 0.05078125 0.14166666666666666
0 0.453515625 0.9208333333333333 0.06875 0.15694444444444444
0 0.562890625 0.1076388888888889 0.04609375 0.12361111111111112
0 0.837109375 0.2520833333333333 0.04296875 0.12777777777777777
0 0.072265625 0.7013888888888888 0.084375 0.2125
0 0.508203125 0.39444444444444443 0.05546875 0.1527777777777778
0 0.369140625 0.6923611111111111 0.06484375 0.1763888888888889
0 0.21484375 0.7229166666666667 0.06796875 0.16944444444444445
0 0.59140625 0.125 0.03671875 0.10416666666666667
0 0.93984375 0.6611111111111111 0.06640625 0.16527777777777777
0 0.504296875 0.7680555555555556 0.0828125 0.21944444444444444
0 0.569140625 0.04236111111111111 0.03203125 0.0625
0 0.624609375 0.7173611111111111 0.05859375 0.15555555555555556
0 0.406640625 0.29791666666666666 0.06796875 0.17222222222222222
0 0.53359375 0.024305555555555556 0.025 0.04861111111111111
0 0.7859375 0.20902777777777778 0.03828125 0.12361111111111112
0 0.511328125 0.018055555555555554 0.02578125 0.03611111111111111
0 0.5828125 0.29583333333333334 0.040625 0.12777777777777777
0 0.7234375 0.1597222222222222 0.0421875 0.11388888888888889
0 0.71328125 0.12152777777777778 0.0328125 0.07361111111111111
0 0.18671875 0.03194444444444444 0.05625 0.06388888888888888
0 0.470703125 0.004861111111111111 0.02265625 0.009722222222222222
0 0.444140625 0.02638888888888889 0.04140625 0.05277777777777778
0 0.226171875 0.38055555555555554 0.06484375 0.16666666666666666
0 0.678125 0.11041666666666666 0.0390625 0.0875
0 0.9921875 0.5138888888888888 0.015625 0.13055555555555556
0 0.252734375 0.32013888888888886 0.034375 0.0763888888888889
0 0.995703125 0.25555555555555554 0.00859375 0.044444444444444446
0 0.2578125 0.3902777777777778 0.05546875 0.14027777777777778
0 0.2 0.35208333333333336 0.05234375 0.1486111111111111
0 0.42890625 0.03263888888888889 0.0375 0.06527777777777778
0 0.98359375 0.5041666666666667 0.0328125 0.11666666666666667
0 0.9875 0.42569444444444443 0.025 0.1763888888888889
0 0.658203125 0.10972222222222222 0.025 0.059722222222222225