0 0.629296875 0.47847222222222224 0.04921875 0.1388888888888889
0 0.544140625 0.22430555555555556 0.04140625 0.13055555555555556
0 0.462890625 0.06041666666666667 0.0375 0.1125
0 0.459765625 0.9222222222222223 0.06484375 0.15555555555555556
0 0.65 0.3090277777777778 0.0453125 0.14166666666666666
0 0.2984375 0.775 0.05625 0.1597222222222222
0 0.536328125 0.7722222222222223 0.06328125 0.19166666666666668
0 0.33671875 0.9326388888888889 0.065625 0.13472222222222222
0 0.469921875 0.31666666666666665 0.03984375 0.14305555555555555
0 0.348828125 0.08402777777777778 0.03125 0.09583333333333334
0 0.77578125 0.08055555555555556 0.046875 0.13472222222222222
0 0.916015625 0.24513888888888888 0.0578125 0.15694444444444444
0 0.49296875 0.05138888888888889 0.0296875 0.09861111111111111
0 0.33671875 0.13541666666666666 0.03828125 0.12916666666666668
0 0.540625 0.6020833333333333 0.0671875 0.19722222222222222
0 0.94765625 0.08680555555555555 0.04453125 0.13333333333333333
0 0.53515625 0.34305555555555556 0.034375 0.12777777777777777
0 0.41953125 0.059027777777777776 0.03359375 0.08888888888888889
0 0.265625 0.12430555555555556 0.03671875 0.10277777777777777
0 0.3765625 0.4840277777777778 0.065625 0.20277777777777778
0 0.60078125 0.018055555555555554 0.028125 0.03611111111111111
0 0.3984375 0.06805555555555555 0.034375 0.09305555555555556
0 0.601171875 0.075 0.03671875 0.11666666666666667
0 0.92109375 0.09236111111111112 0.040625 0.12222222222222222
0 0.9859375 0.5319444444444444 0.028125 0.18333333333333332
0 0.019140625 0.3020833333333333 0.03828125 0.12916666666666668
0 0.691015625 0.04513888888888889 0.03515625 0.09027777777777778
0 0.0859375 0.8645833333333334 0.07109375 0.18055555555555555
0 0.095703125 0.24027777777777778 0.05234375 0.14027777777777778
0 0.226953125 0.5215277777777778 0.0265625 0.06388888888888888
0 0.223828125 0.5993055555555555 0.05625 0.1638888888888889
0 0.567578125 0.022916666666666665 0.03203125 0.04583333333333333
0 0.435546875 0.03263888888888889 0.0234375 0.04583333333333333
0 0.191796875 0.5840277777777778 0.04296875 0.14444444444444443
0 0.25546875 0.5777777777777777 0.05078125 0.14583333333333334
0 0.5546875 0.029166666666666667 0.025 0.058333333333333334