0 0.44609375 0.12291666666666666 0.046875 0.12777777777777777
0 0.612890625 0.13819444444444445 0.04765625 0.13194444444444445
0 0.5140625 0.11527777777777778 0.04375 0.12222222222222222
0 0.324609375 0.9736111111111111 0.06796875 0.05277777777777778
0 0.859765625 0.7861111111111111 0.06484375 0.13333333333333333
0 0.016796875 0.38958333333333334 0.03359375 0.12361111111111112
0 0.751171875 0.8 0.07578125 0.2
0 0.473828125 0.10972222222222222 0.0375 0.10972222222222222
0 0.6859375 0.6361111111111111 0.06015625 0.16111111111111112
0 0.662109375 0.02361111111111111 0.04296875 0.04722222222222222
0 0.934375 0.2701388888888889 0.0671875 0.16944444444444445
0 0.4375 0.7159722222222222 0.06484375 0.18055555555555555
0 0.59765625 0.79375 0.08359375 0.2263888888888889
0 0.6015625 0.0125 0.0359375 0.025
0 0.487890625 0.4388888888888889 0.05078125 0.15138888888888888
0 0.358203125 0.36041666666666666 0.0578125 0.16111111111111112
0 0.43046875 0.04583333333333333 0.03828125 0.07083333333333333
0 0.33125 0.12430555555555556 0.04140625 0.10833333333333334
0 0.507421875 0.21180555555555555 0.0375 0.11944444444444445
0 0.59765625 0.9444444444444444 0.0609375 0.075
0 0.53984375 0.017361111111111112 0.03125 0.034722222222222224
0 0.9359375 0.06388888888888888 0.046875 0.12777777777777777
0 0.08984375 0.3729166666666667 0.06484375 0.15555555555555556
0 0.232421875 0.6430555555555556 0.0671875 0.16944444444444445
0 0.301171875 0.10416666666666667 0.0296875 0.06111111111111111
0 0.23671875 0.5680555555555555 0.03125 0.06805555555555555
0 0.369921875 0.058333333333333334 0.021875 0.034722222222222224
0 0.391796875 0.05 0.02109375 0.0375
0 0.200390625 0.6430555555555556 0.053125 0.15555555555555556
0 0.30546875 0.1 0.02734375 0.05694444444444444
0 0.524609375 0.025694444444444443 0.02734375 0.05138888888888889
0 0.258203125 0.6159722222222223 0.0546875 0.1486111111111111
0 0.052734375 0.20625 0.0375 0.03611111111111111
0 0.00703125 0.5201388888888889 0.0140625 0.12083333333333333
0 0.327734375 0.075 0.01875 0.02638888888888889