0 0.83671875 0.4576388888888889 0.07578125 0.17777777777777778
0 0.921875 0.30277777777777776 0.07578125 0.18888888888888888
0 0.509765625 0.11805555555555555 0.04375 0.10833333333333334
0 0.797265625 0.32708333333333334 0.06875 0.17222222222222222
0 0.704296875 0.6347222222222222 0.06875 0.16666666666666666
0 0.458984375 0.3125 0.053125 0.13472222222222222
0 0.384765625 0.42777777777777776 0.05546875 0.14583333333333334
0 0.628125 0.6798611111111111 0.075 0.19583333333333333
0 0.114453125 0.2625 0.03984375 0.09305555555555556
0 0.1765625 0.8361111111111111 0.0765625 0.18611111111111112
0 0.595703125 0.3472222222222222 0.05546875 0.14027777777777778
0 0.32734375 0.2833333333333333 0.05390625 0.14027777777777778
0 0.902734375 0.035416666666666666 0.05703125 0.07083333333333333
0 0.8578125 0.059027777777777776 0.0640625 0.11805555555555555
0 0.023828125 0.4576388888888889 0.04765625 0.13194444444444445
0 0.5421875 0.07708333333333334 0.0546875 0.12916666666666668
0 0.1546875 0.2263888888888889 0.0453125 0.08333333333333333
0 0.6546875 0.8944444444444445 0.04921875 0.09027777777777778
0 0.63671875 0.025 0.0453125 0.05
0 0.40390625 0.09722222222222222 0.04765625 0.12638888888888888
0 0.376171875 0.575 0.06640625 0.1736111111111111
0 0.381640625 0.16805555555555557 0.04765625 0.12777777777777777
0 0.47734375 0.21736111111111112 0.06171875 0.15694444444444444
0 0.305078125 0.5034722222222222 0.07578125 0.16944444444444445
0 0.405859375 0.04791666666666667 0.0375 0.05416666666666667
0 0.28515625 0.4125 0.05078125 0.10972222222222222
0 0.075390625 0.26319444444444445 0.03046875 0.05138888888888889
0 0.311328125 0.10833333333333334 0.03203125 0.04861111111111111
0 0.41953125 0.1111111111111111 0.0390625 0.10833333333333334
0 0.234765625 0.6388888888888888 0.034375 0.06805555555555555
0 0.83828125 0.013888888888888888 0.059375 0.027777777777777776
0 0.35625 0.17916666666666667 0.04921875 0.13194444444444445
0 0.55 0.0625 0.05 0.125
0 0.2125 0.7069444444444445 0.0609375 0.15555555555555556
0 0.572265625 0.017361111111111112 0.03203125 0.034722222222222224
0 0.24375 0.70625 0.0703125 0.17083333333333334
0 0.270703125 0.675 0.0625 0.15