0 0.5171875 0.21597222222222223 0.05234375 0.1361111111111111
0 0.625 0.43819444444444444 0.06015625 0.14305555555555555
0 0.62890625 0.2673611111111111 0.05703125 0.14722222222222223
0 0.328125 0.8284722222222223 0.0671875 0.1638888888888889
0 0.4203125 0.07847222222222222 0.046875 0.11666666666666667
0 0.562109375 0.7555555555555555 0.07734375 0.19444444444444445
0 0.501953125 0.9256944444444445 0.07578125 0.1486111111111111
0 0.73125 0.03611111111111111 0.05625 0.07222222222222222
0 0.3828125 0.95 0.08125 0.1
0 0.451953125 0.32569444444444445 0.05234375 0.1486111111111111
0 0.3109375 0.1375 0.03828125 0.1
0 0.303515625 0.19236111111111112 0.04765625 0.13055555555555556
0 0.883984375 0.11736111111111111 0.06796875 0.16111111111111112
0 0.123828125 0.9430555555555555 0.08046875 0.11388888888888889
0 0.44921875 0.06041666666666667 0.0375 0.10138888888888889
0 0.519921875 0.3375 0.04609375 0.13194444444444445
0 0.23203125 0.20347222222222222 0.04296875 0.10555555555555556
0 0.55 0.5888888888888889 0.084375 0.20694444444444443
0 0.55078125 0.008333333333333333 0.034375 0.016666666666666666
0 0.874609375 0.01597222222222222 0.05078125 0.03194444444444444
0 0.978125 0.3729166666666667 0.04375 0.17916666666666667
0 0.37890625 0.09236111111111112 0.04140625 0.09722222222222222
0 0.3765625 0.5243055555555556 0.08359375 0.2125
0 0.5578125 0.05277777777777778 0.04375 0.10555555555555556
0 0.015625 0.4527777777777778 0.03125 0.1361111111111111
0 0.3578125 0.10555555555555556 0.0421875 0.09861111111111111
0 0.641796875 0.019444444444444445 0.04609375 0.03888888888888889
0 0.07578125 0.36666666666666664 0.07109375 0.15694444444444444
0 0.233203125 0.60625 0.03125 0.06805555555555555
0 0.23671875 0.6819444444444445 0.06953125 0.17222222222222222
0 0.2046875 0.6777777777777778 0.0546875 0.14722222222222223
0 0.519140625 0.018055555555555554 0.03671875 0.03611111111111111
0 0.26640625 0.6527777777777778 0.06171875 0.15138888888888888
0 0.390625 0.059722222222222225 0.0265625 0.05
0 0.507421875 0.025694444444444443 0.02734375 0.05138888888888889