0 0.609765625 0.3326388888888889 0.0328125 0.11527777777777778
0 0.83359375 0.2881944444444444 0.03359375 0.1375
0 0.38359375 0.68125 0.05234375 0.175
0 0.569140625 0.39375 0.034375 0.1388888888888889
0 0.663671875 0.6041666666666666 0.0421875 0.16805555555555557
0 0.3765625 0.034027777777777775 0.02578125 0.06805555555555555
0 0.6171875 0.20555555555555555 0.028125 0.10694444444444444
0 0.95234375 0.4263888888888889 0.0421875 0.1597222222222222
0 0.492578125 0.5354166666666667 0.03828125 0.1486111111111111
0 0.091796875 0.7597222222222222 0.0546875 0.18333333333333332
0 0.491015625 0.18611111111111112 0.0234375 0.12361111111111112
0 0.384765625 0.14444444444444443 0.02578125 0.11527777777777778
0 0.4328125 0.08194444444444444 0.02421875 0.11527777777777778
0 0.371484375 0.21597222222222223 0.03046875 0.12916666666666668
0 0.51171875 0.41597222222222224 0.03828125 0.15555555555555556
0 0.298046875 0.5034722222222222 0.03671875 0.14444444444444443
0 0.54921875 0.5527777777777778 0.02421875 0.14166666666666666
0 0.45390625 0.08125 0.0265625 0.11527777777777778
0 0.29765625 0.6520833333333333 0.04375 0.15694444444444444
0 0.730078125 0.0875 0.02109375 0.12361111111111112
0 0.0515625 0.15694444444444444 0.03203125 0.12361111111111112
0 0.126171875 0.06458333333333334 0.0375 0.12638888888888888
0 0.916796875 0.23333333333333334 0.03671875 0.13472222222222222
0 0.663671875 0.04236111111111111 0.02890625 0.08194444444444444
0 0.200390625 0.06944444444444445 0.03203125 0.09722222222222222
0 0.587109375 0.01875 0.02265625 0.0375
0 0.941015625 0.15 0.028125 0.11805555555555555
0 0.223046875 0.45416666666666666 0.0265625 0.07083333333333333
0 0.246875 0.5111111111111111 0.03125 0.12916666666666668
0 0.220703125 0.5263888888888889 0.04140625 0.1486111111111111
0 0.5015625 0.01875 0.0203125 0.0375
0 0.9203125 0.1486111111111111 0.028125 0.09861111111111111
0 0.52109375 0.015277777777777777 0.01953125 0.030555555555555555
0 0.1890625 0.5048611111111111 0.0328125 0.14166666666666666
0 0.72421875 0.013194444444444444 0.02890625 0.02638888888888889
0 0.638671875 0.03680555555555556 0.02890625 0.07361111111111111
0 0.615234375 0.04027777777777778 0.025 0.07916666666666666
0 0.99375 0.28680555555555554 0.0125 0.05277777777777778
0 0.5453125 0.010416666666666666 0.015625 0.020833333333333332
0 0.616015625 0.013888888888888888 0.02109375 0.027777777777777776
0 0.94609375 0.008333333333333333 0.01875 0.016666666666666666