0 0.55 0.39166666666666666 0.06171875 0.1597222222222222
0 0.492578125 0.5152777777777777 0.06484375 0.1625
0 0.331640625 0.7333333333333333 0.0734375 0.1736111111111111
0 0.492578125 0.017361111111111112 0.03359375 0.034722222222222224
0 0.89921875 0.1388888888888889 0.07109375 0.175
0 0.304296875 0.6034722222222222 0.05390625 0.13194444444444445
0 0.328125 0.2548611111111111 0.046875 0.12222222222222222
0 0.559765625 0.2534722222222222 0.04609375 0.11805555555555555
0 0.7859375 0.12291666666666666 0.06484375 0.15833333333333333
0 0.1453125 0.9305555555555556 0.084375 0.1388888888888889
0 0.67734375 0.5444444444444444 0.07734375 0.19583333333333333
0 0.428515625 0.19652777777777777 0.0484375 0.1361111111111111
0 0.353515625 0.15902777777777777 0.04609375 0.12638888888888888
0 0.48984375 0.39166666666666666 0.06640625 0.16666666666666666
0 0.63671875 0.019444444444444445 0.0421875 0.03888888888888889
0 0.426953125 0.7916666666666666 0.0890625 0.2152777777777778
0 0.559765625 0.5625 0.05859375 0.16111111111111112
0 0.381640625 0.14583333333333334 0.05 0.12916666666666668
0 0.297265625 0.14791666666666667 0.03828125 0.09583333333333334
0 0.327734375 0.3375 0.05546875 0.14722222222222223
0 0.018359375 0.45208333333333334 0.03671875 0.13194444444444445
0 0.062890625 0.3125 0.05078125 0.12638888888888888
0 0.11484375 0.30069444444444443 0.04609375 0.10972222222222222
0 0.21015625 0.6979166666666666 0.05859375 0.15138888888888888
0 0.554296875 0.15902777777777777 0.04765625 0.10416666666666667
0 0.267578125 0.6666666666666666 0.05390625 0.14305555555555555
0 0.512109375 0.009722222222222222 0.03203125 0.019444444444444445
0 0.83203125 0.03263888888888889 0.0609375 0.06527777777777778
0 0.242578125 0.6958333333333333 0.06640625 0.16527777777777777
0 0.923828125 0.03958333333333333 0.03984375 0.07916666666666666
0 0.540234375 0.018055555555555554 0.04296875 0.03611111111111111
0 0.23046875 0.6277777777777778 0.03515625 0.06944444444444445
0 0.446484375 0.019444444444444445 0.02109375 0.03888888888888889
0 0.4078125 0.044444444444444446 0.025 0.043055555555555555
0 0.426171875 0.03125 0.02109375 0.03611111111111111