0 0.759375 0.07152777777777777 0.0625 0.14305555555555555
0 0.53515625 0.3298611111111111 0.0609375 0.15
0 0.3125 0.6631944444444444 0.06484375 0.1527777777777778
0 0.316015625 0.23055555555555557 0.0484375 0.11805555555555555
0 0.542578125 0.13402777777777777 0.05 0.12083333333333333
0 0.572265625 0.28402777777777777 0.05078125 0.12638888888888888
0 0.912890625 0.14791666666666667 0.07734375 0.175
0 0.50859375 0.5569444444444445 0.06953125 0.16805555555555557
0 0.316796875 0.30277777777777776 0.05390625 0.1361111111111111
0 0.426953125 0.22569444444444445 0.04921875 0.12777777777777777
0 0.354296875 0.8048611111111111 0.078125 0.17916666666666667
0 0.19375 0.9611111111111111 0.0984375 0.07777777777777778
0 0.3515625 0.1451388888888889 0.04609375 0.12083333333333333
0 0.66640625 0.4444444444444444 0.075 0.18472222222222223
0 0.42265625 0.7152777777777778 0.0921875 0.2222222222222222
0 0.493359375 0.43819444444444444 0.06953125 0.17083333333333334
0 0.370703125 0.13055555555555556 0.0484375 0.11944444444444445
0 0.01875 0.4791666666666667 0.0375 0.13055555555555556
0 0.290625 0.14166666666666666 0.03125 0.06666666666666667
0 0.55 0.48333333333333334 0.05625 0.1486111111111111
0 0.061328125 0.35 0.06328125 0.14027777777777778
0 0.401171875 0.05763888888888889 0.02890625 0.058333333333333334
0 0.2140625 0.7083333333333334 0.0609375 0.15694444444444444
0 0.233203125 0.6375 0.03984375 0.08194444444444444
0 0.1453125 0.2881944444444444 0.04140625 0.1
0 0.8359375 0.034027777777777775 0.0734375 0.06805555555555555
0 0.42109375 0.04097222222222222 0.0296875 0.05416666666666667
0 0.244921875 0.70625 0.07109375 0.16666666666666666
0 0.269921875 0.6736111111111112 0.05703125 0.14305555555555555
0 0.526171875 0.014583333333333334 0.04140625 0.029166666666666667
0 0.508984375 0.018055555555555554 0.03828125 0.03611111111111111