0 0.6578125 0.6881944444444444 0.040625 0.13472222222222222
0 0.569921875 0.13958333333333334 0.028125 0.11527777777777778
0 0.255078125 0.9090277777777778 0.04921875 0.15555555555555556
0 0.662109375 0.2222222222222222 0.03046875 0.13194444444444445
0 0.403125 0.6881944444444444 0.03984375 0.15694444444444444
0 0.776953125 0.07152777777777777 0.02890625 0.11666666666666667
0 0.501171875 0.10972222222222222 0.0296875 0.11666666666666667
0 0.9515625 0.4666666666666667 0.04765625 0.15555555555555556
0 0.38359375 0.3145833333333333 0.03671875 0.14305555555555555
0 0.53046875 0.10347222222222222 0.0234375 0.09722222222222222
0 0.03984375 0.16666666666666666 0.0390625 0.1125
0 0.73203125 0.07430555555555556 0.0234375 0.125
0 0.139453125 0.9402777777777778 0.059375 0.11944444444444445
0 0.527734375 0.9625 0.0578125 0.075
0 0.495703125 0.42083333333333334 0.0328125 0.1375
0 0.709375 0.9263888888888889 0.0578125 0.14722222222222223
0 0.498828125 0.02638888888888889 0.02890625 0.05277777777777778
0 0.80703125 0.9631944444444445 0.05390625 0.07361111111111111
0 0.9640625 0.16527777777777777 0.0546875 0.13472222222222222
0 0.551171875 0.8159722222222222 0.0546875 0.21388888888888888
0 0.5484375 0.22916666666666666 0.021875 0.11666666666666667
0 0.67109375 0.04583333333333333 0.025 0.08888888888888889
0 0.64609375 0.03125 0.021875 0.0625
0 0.122265625 0.18472222222222223 0.04609375 0.1375
0 0.982421875 0.2659722222222222 0.03515625 0.13472222222222222
0 0.373828125 0.04583333333333333 0.03046875 0.08888888888888889
0 0.009765625 0.28958333333333336 0.01875 0.0875
0 0.2203125 0.5152777777777777 0.0453125 0.1527777777777778
0 0.437890625 0.013888888888888888 0.01796875 0.027777777777777776
0 0.236328125 0.44513888888888886 0.02421875 0.059722222222222225
0 0.610546875 0.035416666666666666 0.02578125 0.07083333333333333
0 0.459765625 0.019444444444444445 0.0171875 0.03888888888888889
0 0.972265625 0.011805555555555555 0.03515625 0.02361111111111111
0 0.189453125 0.49930555555555556 0.0328125 0.14305555555555555
0 0.2515625 0.5020833333333333 0.03984375 0.13333333333333333
0 0.393359375 0.010416666666666666 0.01640625 0.019444444444444445
0 0.98125 0.10416666666666667 0.034375 0.059722222222222225
0 0.596484375 0.04236111111111111 0.01875 0.06805555555555555
0 0.979296875 0.15625 0.03984375 0.13472222222222222