0 0.56796875 0.44375 0.03671875 0.14027777777777778
0 0.492578125 0.47847222222222224 0.03828125 0.14027777777777778
0 0.654296875 0.6791666666666667 0.04453125 0.1625
0 0.38671875 0.17708333333333334 0.0296875 0.10416666666666667
0 0.301171875 0.46041666666666664 0.03515625 0.12083333333333333
0 0.6 0.29097222222222224 0.0296875 0.1125
0 0.8484375 0.3333333333333333 0.0359375 0.14166666666666666
0 0.95078125 0.9215277777777777 0.07109375 0.15138888888888888
0 0.5984375 0.03194444444444444 0.040625 0.06388888888888888
0 0.544140625 0.6145833333333334 0.02734375 0.14027777777777778
0 0.944140625 0.3729166666666667 0.04375 0.14444444444444443
0 0.375 0.2604166666666667 0.0328125 0.1388888888888889
0 0.619921875 0.24166666666666667 0.03046875 0.11944444444444445
0 0.7296875 0.08888888888888889 0.0203125 0.125
0 0.301953125 0.6013888888888889 0.04765625 0.15694444444444444
0 0.490234375 0.15833333333333333 0.0265625 0.12222222222222222
0 0.056640625 0.9756944444444444 0.0578125 0.04861111111111111
0 0.52109375 0.37777777777777777 0.03828125 0.15555555555555556
0 0.526171875 0.9736111111111111 0.053125 0.05277777777777778
0 0.427734375 0.09097222222222222 0.02265625 0.11805555555555555
0 0.07109375 0.6888888888888889 0.06171875 0.18333333333333332
0 0.382421875 0.775 0.0546875 0.2263888888888889
0 0.45703125 0.09652777777777778 0.028125 0.11944444444444445
0 0.378515625 0.05277777777777778 0.021875 0.1
0 0.125390625 0.05486111111111111 0.0296875 0.10694444444444444
0 0.908984375 0.22013888888888888 0.0375 0.12777777777777777
0 0.678515625 0.04583333333333333 0.03359375 0.09027777777777778
0 0.9265625 0.12152777777777778 0.02421875 0.09166666666666666
0 0.053125 0.15694444444444444 0.03359375 0.12222222222222222
0 0.18984375 0.5083333333333333 0.034375 0.1388888888888889
0 0.16328125 0.07847222222222222 0.0265625 0.09583333333333334
0 0.24921875 0.5138888888888888 0.03125 0.13333333333333333
0 0.991015625 0.2826388888888889 0.01796875 0.11805555555555555
0 0.900390625 0.13402777777777777 0.0265625 0.09861111111111111
0 0.647265625 0.034722222222222224 0.02421875 0.06944444444444445
0 0.99375 0.018055555555555554 0.0125 0.03611111111111111
0 0.219921875 0.5263888888888889 0.03984375 0.1527777777777778
0 0.222265625 0.45625 0.02578125 0.05555555555555555
0 0.502734375 0.014583333333333334 0.01875 0.027777777777777776
0 0.94609375 0.009722222222222222 0.01953125 0.019444444444444445
0 0.539453125 0.020833333333333332 0.0203125 0.041666666666666664
0 0.99140625 0.5090277777777777 0.0171875 0.09583333333333334
0 0.623046875 0.0375 0.02890625 0.06805555555555555