0 0.5609375 0.7319444444444444 0.059375 0.17916666666666667
0 0.81484375 0.7951388888888888 0.06171875 0.18611111111111112
0 0.5140625 0.3090277777777778 0.04296875 0.1361111111111111
0 0.6203125 0.7979166666666667 0.06796875 0.16805555555555557
0 0.62578125 0.44027777777777777 0.046875 0.14444444444444443
0 0.948046875 0.33611111111111114 0.04609375 0.1361111111111111
0 0.94140625 0.4152777777777778 0.053125 0.14722222222222223
0 0.419921875 0.32569444444444445 0.04296875 0.14583333333333334
0 0.526953125 0.9479166666666666 0.04453125 0.10416666666666667
0 0.9171875 0.6597222222222222 0.06171875 0.16805555555555557
0 0.11640625 0.5604166666666667 0.065625 0.20277777777777778
0 0.062890625 0.019444444444444445 0.03984375 0.03888888888888889
0 0.6140625 0.18819444444444444 0.03359375 0.10555555555555556
0 0.8109375 0.6305555555555555 0.053125 0.15694444444444444
0 0.410546875 0.14722222222222223 0.03671875 0.13055555555555556
0 0.923046875 0.22777777777777777 0.04140625 0.1125
0 0.983984375 0.4125 0.03203125 0.14444444444444443
0 0.646875 0.14722222222222223 0.03671875 0.11805555555555555
0 0.558203125 0.24444444444444444 0.04921875 0.15
0 0.33125 0.3611111111111111 0.05625 0.1597222222222222
0 0.7609375 0.16944444444444445 0.03359375 0.12222222222222222
0 0.063671875 0.7763888888888889 0.0796875 0.18888888888888888
0 0.09296875 0.05555555555555555 0.040625 0.1111111111111111
0 0.882421875 0.19305555555555556 0.03359375 0.10972222222222222
0 0.373046875 0.44583333333333336 0.05546875 0.18333333333333332
0 0.9890625 0.15138888888888888 0.021875 0.044444444444444446
0 0.334375 0.25 0.04453125 0.10277777777777777
0 0.752734375 0.11041666666666666 0.03046875 0.09583333333333334
0 0.538671875 0.075 0.03203125 0.11666666666666667
0 0.46328125 0.09305555555555556 0.034375 0.12361111111111112
0 0.49140625 0.1076388888888889 0.03828125 0.125
0 0.52265625 0.07152777777777777 0.034375 0.12083333333333333
0 0.90390625 0.1909722222222222 0.034375 0.1125
0 0.71953125 0.10069444444444445 0.0296875 0.09444444444444444
0 0.666796875 0.1486111111111111 0.03515625 0.12777777777777777
0 0.44453125 0.003472222222222222 0.028125 0.006944444444444444
0 0.699609375 0.12361111111111112 0.02578125 0.06944444444444445
0 0.231640625 0.39375 0.03046875 0.06805555555555555
0 0.192578125 0.43194444444444446 0.04765625 0.15
0 0.219140625 0.4576388888888889 0.0578125 0.1638888888888889
0 0.552734375 0.027777777777777776 0.03125 0.044444444444444446
0 0.253125 0.4548611111111111 0.0515625 0.14444444444444443