0 0.789453125 0.43125 0.0421875 0.14722222222222223
0 0.380078125 0.23819444444444443 0.03125 0.12638888888888888
0 0.79921875 0.575 0.04609375 0.16527777777777777
0 0.57734375 0.11388888888888889 0.02421875 0.09722222222222222
0 0.49765625 0.25416666666666665 0.03046875 0.12361111111111112
0 0.440234375 0.019444444444444445 0.03515625 0.03888888888888889
0 0.97421875 0.6402777777777777 0.0515625 0.16527777777777777
0 0.887890625 0.08333333333333333 0.03203125 0.11805555555555555
0 0.95390625 0.22777777777777777 0.03125 0.13055555555555556
0 0.715234375 0.7381944444444445 0.05859375 0.15555555555555556
0 0.38828125 0.03263888888888889 0.0296875 0.06527777777777778
0 0.60234375 0.8493055555555555 0.046875 0.175
0 0.905859375 0.2361111111111111 0.04140625 0.13472222222222222
0 0.152734375 0.05694444444444444 0.0359375 0.10694444444444444
0 0.612890625 0.46875 0.034375 0.13055555555555556
0 0.058203125 0.17083333333333334 0.03203125 0.12222222222222222
0 0.408203125 0.4215277777777778 0.034375 0.14166666666666666
0 0.92109375 0.14930555555555555 0.03515625 0.1
0 0.532421875 0.1840277777777778 0.03671875 0.14166666666666666
0 0.059375 0.8354166666666667 0.0625 0.17222222222222222
0 0.144140625 0.5465277777777777 0.04296875 0.16944444444444445
0 0.62421875 0.16527777777777777 0.03125 0.11805555555555555
0 0.487890625 0.034722222222222224 0.0234375 0.06944444444444445
0 0.451953125 0.11527777777777778 0.02578125 0.11805555555555555
0 0.7328125 0.034027777777777775 0.0234375 0.06527777777777778
0 0.639453125 0.15138888888888888 0.02734375 0.1361111111111111
0 0.368359375 0.5881944444444445 0.0421875 0.17222222222222222
0 0.954296875 0.020833333333333332 0.02109375 0.041666666666666664
0 0.312890625 0.34791666666666665 0.04375 0.12916666666666668
0 0.689453125 0.04861111111111111 0.025 0.09444444444444444
0 0.4265625 0.11597222222222223 0.025 0.12083333333333333
0 0.2125 0.05138888888888889 0.02734375 0.1
0 0.85234375 0.06875 0.0296875 0.10833333333333334
0 0.31328125 0.25 0.03203125 0.0875
0 0.992578125 0.1423611111111111 0.01484375 0.09861111111111111
0 0.73125 0.10208333333333333 0.0203125 0.12222222222222222
0 0.485546875 0.11875 0.0265625 0.10138888888888889
0 0.22578125 0.46597222222222223 0.02421875 0.05277777777777778
0 0.193359375 0.5222222222222223 0.040625 0.14583333333333334
0 0.666015625 0.07430555555555556 0.0171875 0.07083333333333333
0 0.840234375 0.06805555555555555 0.01875 0.10138888888888889
0 0.214453125 0.5375 0.046875 0.15833333333333333
0 0.15625 0.009722222222222222 0.0265625 0.019444444444444445
0 0.102734375 0.008333333333333333 0.0265625 0.016666666666666666
0 0.245703125 0.5284722222222222 0.046875 0.1375