0 0.6546875 0.6819444444444445 0.04375 0.14444444444444443
0 0.66015625 0.225 0.03125 0.12777777777777777
0 0.5296875 0.9506944444444444 0.0546875 0.09861111111111111
0 0.778515625 0.0798611111111111 0.02890625 0.11805555555555555
0 0.569921875 0.15069444444444444 0.02890625 0.11805555555555555
0 0.5 0.1 0.0296875 0.11388888888888889
0 0.402734375 0.7166666666666667 0.03984375 0.17222222222222222
0 0.49296875 0.4097222222222222 0.0328125 0.14027777777777778
0 0.0390625 0.16875 0.0359375 0.1125
0 0.949609375 0.4534722222222222 0.04453125 0.1375
0 0.53046875 0.10347222222222222 0.0234375 0.09861111111111111
0 0.725 0.9388888888888889 0.0625 0.12222222222222222
0 0.25390625 0.9083333333333333 0.0484375 0.17222222222222222
0 0.546484375 0.7888888888888889 0.053125 0.19305555555555556
0 0.731640625 0.07708333333333334 0.025 0.125
0 0.498828125 0.02638888888888889 0.0296875 0.05277777777777778
0 0.667578125 0.050694444444444445 0.0265625 0.09861111111111111
0 0.376953125 0.32916666666666666 0.04609375 0.16527777777777777
0 0.96875 0.011805555555555555 0.040625 0.02361111111111111
0 0.1328125 0.925 0.059375 0.14305555555555555
0 0.64765625 0.03263888888888889 0.025 0.06527777777777778
0 0.54765625 0.24930555555555556 0.02265625 0.12222222222222222
0 0.12265625 0.18263888888888888 0.04453125 0.1375
0 0.96875 0.1701388888888889 0.05078125 0.13333333333333333
0 0.98046875 0.2590277777777778 0.03515625 0.12222222222222222
0 0.37109375 0.03125 0.0265625 0.0625
0 0.43671875 0.016666666666666666 0.01875 0.03333333333333333
0 0.458984375 0.02013888888888889 0.01953125 0.04027777777777778
0 0.2203125 0.5166666666666667 0.04375 0.15
0 0.234765625 0.4479166666666667 0.02421875 0.06111111111111111
0 0.0078125 0.2861111111111111 0.015625 0.0875
0 0.802734375 0.9763888888888889 0.05859375 0.04722222222222222
0 0.393359375 0.013888888888888888 0.0171875 0.027777777777777776
0 0.091796875 0.011805555555555555 0.034375 0.02361111111111111
0 0.6109375 0.03819444444444445 0.02890625 0.0763888888888889
0 0.25 0.5069444444444444 0.0390625 0.13055555555555556
0 0.375 0.06527777777777778 0.0296875 0.09583333333333334
0 0.18984375 0.5013888888888889 0.034375 0.14305555555555555
0 0.11953125 0.9284722222222223 0.046875 0.14305555555555555
0 0.133984375 0.9513888888888888 0.05546875 0.09583333333333334
0 0.596875 0.041666666666666664 0.02265625 0.07777777777777778