0 0.50234375 0.11319444444444444 0.0328125 0.11527777777777778
0 0.661328125 0.19930555555555557 0.03203125 0.12777777777777777
0 0.569140625 0.13194444444444445 0.028125 0.11666666666666667
0 0.040234375 0.16666666666666666 0.0375 0.1111111111111111
0 0.948828125 0.4826388888888889 0.04609375 0.14444444444444443
0 0.660546875 0.7319444444444444 0.0390625 0.15138888888888888
0 0.800390625 0.9375 0.0546875 0.125
0 0.53125 0.11527777777777778 0.0234375 0.10138888888888889
0 0.685546875 0.9097222222222222 0.0609375 0.17916666666666667
0 0.4078125 0.6666666666666666 0.0453125 0.16944444444444445
0 0.732421875 0.07430555555555556 0.02421875 0.12777777777777777
0 0.77265625 0.06388888888888888 0.02734375 0.11388888888888889
0 0.5484375 0.8354166666666667 0.05703125 0.20416666666666666
0 0.954296875 0.15 0.053125 0.13055555555555556
0 0.673828125 0.04236111111111111 0.025 0.08055555555555556
0 0.496875 0.44166666666666665 0.03203125 0.14583333333333334
0 0.24765625 0.9236111111111112 0.053125 0.14583333333333334
0 0.5 0.03194444444444444 0.02890625 0.06388888888888888
0 0.394921875 0.06111111111111111 0.028125 0.09861111111111111
0 0.382421875 0.29930555555555555 0.04453125 0.16666666666666666
0 0.120703125 0.19236111111111112 0.0421875 0.13472222222222222
0 0.1546875 0.9631944444444445 0.06796875 0.07361111111111111
0 0.986328125 0.2722222222222222 0.02734375 0.1388888888888889
0 0.646484375 0.03194444444444444 0.0203125 0.06388888888888888
0 0.61171875 0.034027777777777775 0.0234375 0.06805555555555555
0 0.371875 0.025694444444444443 0.021875 0.05138888888888889
0 0.220703125 0.5152777777777777 0.04453125 0.1527777777777778
0 0.969140625 0.10208333333333333 0.02890625 0.07083333333333333
0 0.52734375 0.9840277777777777 0.053125 0.03194444444444444
0 0.550390625 0.225 0.02265625 0.11666666666666667
0 0.2359375 0.44722222222222224 0.025 0.05555555555555555
0 0.460546875 0.013888888888888888 0.0171875 0.027777777777777776
0 0.43828125 0.013194444444444444 0.0171875 0.02638888888888889
0 0.189453125 0.4986111111111111 0.0328125 0.14166666666666666
0 0.24921875 0.49930555555555556 0.03515625 0.13333333333333333
0 0.594140625 0.04236111111111111 0.01875 0.06666666666666667
0 0.01015625 0.3 0.01953125 0.11527777777777778
0 0.990234375 0.12916666666666668 0.01953125 0.11805555555555555
0 0.994140625 0.1326388888888889 0.01171875 0.1125