0 0.265625 0.825 0.046875 0.1527777777777778
0 0.56953125 0.18680555555555556 0.03125 0.11527777777777778
0 0.50078125 0.08125 0.028125 0.10833333333333334
0 0.516796875 0.9034722222222222 0.05078125 0.1875
0 0.64609375 0.6097222222222223 0.03984375 0.13055555555555556
0 0.66015625 0.2826388888888889 0.03125 0.1361111111111111
0 0.110546875 0.8513888888888889 0.0578125 0.19722222222222222
0 0.40859375 0.7972222222222223 0.04609375 0.1736111111111111
0 0.7875 0.11527777777777778 0.0296875 0.1125
0 0.944140625 0.41875 0.04296875 0.15416666666666667
0 0.28671875 0.9770833333333333 0.05390625 0.04583333333333333
0 0.0375 0.17430555555555555 0.03359375 0.10694444444444444
0 0.530859375 0.08541666666666667 0.021875 0.09722222222222222
0 0.434375 0.029861111111111113 0.02421875 0.059722222222222225
0 0.487890625 0.36527777777777776 0.0296875 0.13194444444444445
0 0.54140625 0.7131944444444445 0.0515625 0.18611111111111112
0 0.371484375 0.05694444444444444 0.02578125 0.1125
0 0.380078125 0.3798611111111111 0.04453125 0.16527777777777777
0 0.730078125 0.08194444444444444 0.01953125 0.11666666666666667
0 0.057421875 0.018055555555555554 0.03359375 0.03611111111111111
0 0.655078125 0.06805555555555555 0.028125 0.10694444444444444
0 0.459375 0.027777777777777776 0.02109375 0.05555555555555555
0 0.121484375 0.16527777777777777 0.03671875 0.13055555555555556
0 0.546875 0.28402777777777777 0.021875 0.11666666666666667
0 0.344921875 0.06388888888888888 0.02109375 0.09583333333333334
0 0.93828125 0.017361111111111112 0.03359375 0.034722222222222224
0 0.4890625 0.022916666666666665 0.0265625 0.04583333333333333
0 0.644921875 0.034027777777777775 0.02421875 0.06805555555555555
0 0.391015625 0.02847222222222222 0.01875 0.05694444444444444
0 0.967578125 0.24722222222222223 0.02578125 0.11527777777777778
0 0.21875 0.5229166666666667 0.04375 0.15138888888888888
0 0.2328125 0.4479166666666667 0.0234375 0.06388888888888888
0 0.609375 0.0375 0.0234375 0.075
0 0.18828125 0.5048611111111111 0.03203125 0.14027777777777778
0 0.986328125 0.24166666666666667 0.0265625 0.1375
0 0.25078125 0.5166666666666667 0.0421875 0.1361111111111111
0 0.603515625 0.03819444444444445 0.025 0.0763888888888889
0 0.590625 0.05277777777777778 0.02265625 0.04861111111111111
0 0.987890625 0.20416666666666666 0.02421875 0.20277777777777778