0 0.495703125 0.3611111111111111 0.03515625 0.13472222222222222
0 0.569921875 0.6048611111111111 0.04375 0.16111111111111112
0 0.933984375 0.2652777777777778 0.03671875 0.1375
0 0.590625 0.19722222222222222 0.02734375 0.10277777777777777
0 0.62578125 0.33958333333333335 0.034375 0.12777777777777777
0 0.951953125 0.35347222222222224 0.0390625 0.1375
0 0.638671875 0.9409722222222222 0.0546875 0.11805555555555555
0 0.869140625 0.8222222222222222 0.05234375 0.17777777777777778
0 0.545703125 0.8263888888888888 0.03359375 0.15416666666666667
0 0.59140625 0.8291666666666667 0.05234375 0.1736111111111111
0 0.859765625 0.6513888888888889 0.04609375 0.1486111111111111
0 0.90546875 0.1486111111111111 0.0328125 0.12083333333333333
0 0.103125 0.7763888888888889 0.05625 0.18055555555555555
0 0.89453125 0.4597222222222222 0.0484375 0.15555555555555556
0 0.38515625 0.12291666666666666 0.025 0.11527777777777778
0 0.373828125 0.38263888888888886 0.0359375 0.1486111111111111
0 0.371484375 0.9659722222222222 0.05625 0.06805555555555555
0 0.316796875 0.34930555555555554 0.03203125 0.1
0 0.3984375 0.28402777777777777 0.02890625 0.13055555555555556
0 0.537109375 0.28055555555555556 0.0375 0.14583333333333334
0 0.317578125 0.4576388888888889 0.05703125 0.16805555555555557
0 0.7015625 0.049305555555555554 0.02890625 0.09861111111111111
0 0.113671875 0.9180555555555555 0.05859375 0.1638888888888889
0 0.73125 0.09097222222222222 0.02421875 0.125
0 0.51171875 0.04652777777777778 0.021875 0.08472222222222223
0 0.990234375 0.21319444444444444 0.01953125 0.1125
0 0.664453125 0.050694444444444445 0.02890625 0.10138888888888889
0 0.990625 0.3375 0.01875 0.12916666666666668
0 0.610546875 0.06875 0.0265625 0.10833333333333334
0 0.021875 0.5555555555555556 0.04375 0.17777777777777778
0 0.238671875 0.01875 0.0296875 0.0375
0 0.07578125 0.10138888888888889 0.0359375 0.09444444444444444
0 0.058984375 0.15902777777777777 0.0296875 0.11805555555555555
0 0.459765625 0.10625 0.03046875 0.125
0 0.428515625 0.10347222222222222 0.02421875 0.11805555555555555
0 0.62578125 0.059722222222222225 0.0234375 0.11527777777777778
0 0.887109375 0.09375 0.02578125 0.10416666666666667
0 0.48515625 0.10069444444444445 0.02734375 0.12777777777777777
0 0.571484375 0.015277777777777777 0.03125 0.030555555555555555
0 0.191796875 0.5125 0.0328125 0.14583333333333334
0 0.951171875 0.014583333333333334 0.01875 0.029166666666666667
0 0.133203125 0.034027777777777775 0.0375 0.06666666666666667
0 0.22734375 0.46111111111111114 0.02109375 0.05694444444444444
0 0.219140625 0.5326388888888889 0.04375 0.15
0 0.873046875 0.10277777777777777 0.0234375 0.10972222222222222
0 0.253515625 0.5333333333333333 0.046875 0.14583333333333334
0 0.270703125 0.009027777777777777 0.02265625 0.018055555555555554
0 0.015625 0.005555555555555556 0.028125 0.009722222222222222
0 0.62578125 0.02847222222222222 0.021875 0.05694444444444444