0 0.603515625 0.1763888888888889 0.05859375 0.12361111111111112
0 0.730078125 0.36875 0.06015625 0.13333333333333333
0 0.886328125 0.9145833333333333 0.08359375 0.17083333333333334
0 0.43125 0.8861111111111111 0.1078125 0.22777777777777777
0 0.662109375 0.23194444444444445 0.05546875 0.125
0 0.50390625 0.4777777777777778 0.0703125 0.15833333333333333
0 0.96953125 0.5770833333333333 0.0609375 0.14027777777777778
0 0.81796875 0.34305555555555556 0.05234375 0.12361111111111112
0 0.78046875 0.2534722222222222 0.04375 0.08888888888888889
0 0.85390625 0.3541666666666667 0.05625 0.12361111111111112
0 0.5453125 0.8972222222222223 0.1265625 0.20555555555555555
0 0.376171875 0.5291666666666667 0.08125 0.175
0 0.460546875 0.20347222222222222 0.07421875 0.16111111111111112
0 0.63125 0.20694444444444443 0.04765625 0.10416666666666667
0 0.146875 0.6680555555555555 0.07109375 0.11944444444444445
0 0.563671875 0.8840277777777777 0.0796875 0.1638888888888889
0 0.757421875 0.22430555555555556 0.03515625 0.07361111111111111
0 0.97578125 0.7583333333333333 0.0484375 0.125
0 0.993359375 0.6708333333333333 0.01328125 0.09722222222222222
0 0.625 0.29375 0.0515625 0.11944444444444445
0 0.7265625 0.19583333333333333 0.03984375 0.08194444444444444
0 0.543359375 0.04791666666666667 0.04609375 0.09583333333333334
0 0.63203125 0.10555555555555556 0.046875 0.09583333333333334
0 0.708203125 0.19027777777777777 0.0359375 0.0763888888888889
0 0.25078125 0.26666666666666666 0.08125 0.17083333333333334
0 0.990625 0.5590277777777778 0.01875 0.10416666666666667
0 0.98125 0.5791666666666667 0.0375 0.15833333333333333
0 0.282421875 0.28680555555555554 0.06953125 0.14722222222222223
0 0.28359375 0.21597222222222223 0.03515625 0.06805555555555555
0 0.233203125 0.2222222222222222 0.07421875 0.15833333333333333
0 0.584765625 0.021527777777777778 0.0234375 0.03611111111111111
0 0.706640625 0.18194444444444444 0.03515625 0.0763888888888889
0 0.603125 0.04375 0.02265625 0.0375