0 0.762890625 0.7791666666666667 0.046875 0.14027777777777778
0 0.415234375 0.43194444444444446 0.034375 0.1388888888888889
0 0.834375 0.6118055555555556 0.04453125 0.1597222222222222
0 0.676953125 0.06458333333333334 0.0265625 0.11388888888888889
0 0.50859375 0.2152777777777778 0.03203125 0.12638888888888888
0 0.615625 0.9368055555555556 0.04609375 0.12222222222222222
0 0.02109375 0.4125 0.040625 0.15138888888888888
0 0.752734375 0.9166666666666666 0.0609375 0.1597222222222222
0 0.89609375 0.04722222222222222 0.034375 0.09166666666666666
0 0.058984375 0.7361111111111112 0.0546875 0.1875
0 0.53515625 0.6076388888888888 0.04140625 0.16944444444444445
0 0.8234375 0.07916666666666666 0.0375 0.1125
0 0.53828125 0.21805555555555556 0.02734375 0.1125
0 0.0859375 0.30277777777777776 0.046875 0.14166666666666666
0 0.404296875 0.15486111111111112 0.0375 0.13472222222222222
0 0.022265625 0.175 0.0296875 0.11388888888888889
0 0.982421875 0.33402777777777776 0.03515625 0.1527777777777778
0 0.537890625 0.10486111111111111 0.02421875 0.10416666666666667
0 0.9359375 0.04722222222222222 0.0390625 0.09166666666666666
0 0.504296875 0.6881944444444444 0.03984375 0.17222222222222222
0 0.33671875 0.02638888888888889 0.0328125 0.05277777777777778
0 0.557421875 0.10347222222222222 0.0203125 0.10277777777777777
0 0.64453125 0.030555555555555555 0.02109375 0.06111111111111111
0 0.956640625 0.10277777777777777 0.03671875 0.16805555555555557
0 0.549609375 0.03194444444444444 0.02578125 0.06388888888888888
0 0.7328125 0.07847222222222222 0.025 0.12222222222222222
0 0.84765625 0.06666666666666667 0.025 0.10972222222222222
0 0.61171875 0.03263888888888889 0.0234375 0.06527777777777778
0 0.253125 0.5027777777777778 0.03359375 0.1375
0 0.51796875 0.03333333333333333 0.021875 0.06666666666666667
0 0.987890625 0.7048611111111112 0.02421875 0.13472222222222222
0 0.21953125 0.5090277777777777 0.0390625 0.1527777777777778
0 0.193359375 0.4909722222222222 0.03515625 0.15555555555555556
0 0.50078125 0.04027777777777778 0.0203125 0.07222222222222222
0 0.731640625 0.010416666666666666 0.02109375 0.020833333333333332
0 0.59296875 0.034722222222222224 0.01953125 0.06388888888888888
0 0.48671875 0.08888888888888889 0.01171875 0.034722222222222224
0 0.588671875 0.03194444444444444 0.01875 0.06388888888888888