0 0.58125 0.14305555555555555 0.028125 0.1
0 0.1359375 0.6104166666666667 0.04765625 0.175
0 0.97109375 0.25625 0.0359375 0.12638888888888888
0 0.176171875 0.04722222222222222 0.02734375 0.09444444444444444
0 0.8078125 0.48541666666666666 0.04375 0.15
0 0.815625 0.6527777777777778 0.04609375 0.17083333333333334
0 0.590234375 0.7673611111111112 0.04453125 0.175
0 0.94140625 0.5854166666666667 0.04296875 0.16805555555555557
0 0.496875 0.2875 0.03125 0.13194444444444445
0 0.67890625 0.74375 0.0390625 0.14583333333333334
0 0.38046875 0.2 0.02890625 0.12777777777777777
0 0.05859375 0.1701388888888889 0.03125 0.11944444444444445
0 0.53203125 0.2076388888888889 0.03359375 0.1388888888888889
0 0.919140625 0.2722222222222222 0.040625 0.1388888888888889
0 0.625390625 0.13125 0.03828125 0.11666666666666667
0 0.89375 0.10625 0.03125 0.12638888888888888
0 0.451171875 0.11319444444444444 0.02734375 0.12361111111111112
0 0.92421875 0.17916666666666667 0.03359375 0.10694444444444444
0 0.224609375 0.035416666666666666 0.03203125 0.07083333333333333
0 0.083203125 0.8631944444444445 0.0671875 0.2111111111111111
0 0.396484375 0.019444444444444445 0.01953125 0.03888888888888889
0 0.48671875 0.06180555555555556 0.03125 0.12083333333333333
0 0.61328125 0.4340277777777778 0.0359375 0.1388888888888889
0 0.859375 0.07291666666666667 0.0265625 0.10694444444444444
0 0.369140625 0.5229166666666667 0.0390625 0.1763888888888889
0 0.318359375 0.37569444444444444 0.04765625 0.1486111111111111
0 0.40703125 0.38125 0.0328125 0.14444444444444443
0 0.73046875 0.09375 0.021875 0.1361111111111111
0 0.95390625 0.02013888888888889 0.02109375 0.04027777777777778
0 0.4265625 0.10972222222222222 0.02578125 0.11666666666666667
0 0.008203125 0.14097222222222222 0.015625 0.05416666666666667
0 0.684765625 0.044444444444444446 0.02265625 0.08888888888888889
0 0.57578125 0.9819444444444444 0.04375 0.03611111111111111
0 0.3140625 0.27152777777777776 0.0390625 0.09166666666666666
0 0.148828125 0.016666666666666666 0.021875 0.03333333333333333
0 0.844921875 0.0763888888888889 0.02421875 0.10833333333333334
0 0.218359375 0.5381944444444444 0.04375 0.15416666666666667
0 0.226171875 0.4618055555555556 0.021875 0.04722222222222222
0 0.724609375 0.05 0.028125 0.09722222222222222
0 0.18984375 0.51875 0.0375 0.14444444444444443
0 0.992578125 0.1638888888888889 0.01484375 0.10416666666666667
0 0.664453125 0.07569444444444444 0.01875 0.06666666666666667
0 0.2515625 0.525 0.0390625 0.13333333333333333
0 0.494140625 0.08819444444444445 0.02421875 0.10138888888888889