0 0.431640625 0.22569444444444445 0.0640625 0.14583333333333334
0 0.561328125 0.027777777777777776 0.05078125 0.05555555555555555
0 0.440625 0.05138888888888889 0.0453125 0.10277777777777777
0 0.413671875 0.5354166666666667 0.0671875 0.15555555555555556
0 0.829296875 0.6194444444444445 0.07890625 0.1763888888888889
0 0.84140625 0.4013888888888889 0.078125 0.17777777777777778
0 0.131640625 0.9583333333333334 0.09296875 0.08333333333333333
0 0.537109375 0.6284722222222222 0.0765625 0.18472222222222223
0 0.588671875 0.59375 0.084375 0.2013888888888889
0 0.846875 0.7263888888888889 0.06875 0.10555555555555556
0 0.334375 0.2916666666666667 0.06171875 0.1486111111111111
0 0.4609375 0.2 0.05078125 0.11805555555555555
0 0.96875 0.28194444444444444 0.0625 0.17777777777777778
0 0.08046875 0.6076388888888888 0.07265625 0.1625
0 0.011328125 0.5597222222222222 0.02265625 0.12777777777777777
0 0.48984375 0.016666666666666666 0.0375 0.03333333333333333
0 0.462109375 0.11875 0.03984375 0.10416666666666667
0 0.0359375 0.7590277777777777 0.06640625 0.15694444444444444
0 0.373828125 0.11388888888888889 0.046875 0.10833333333333334
0 0.721875 0.8416666666666667 0.053125 0.07777777777777778
0 0.426953125 0.10833333333333334 0.0515625 0.125
0 0.39765625 0.09513888888888888 0.04921875 0.11388888888888889
0 0.250390625 0.7270833333333333 0.07265625 0.16805555555555557
0 0.219921875 0.7236111111111111 0.06953125 0.16527777777777777
0 0.276953125 0.6909722222222222 0.06328125 0.14722222222222223
0 0.238671875 0.18472222222222223 0.02421875 0.04583333333333333
0 0.243359375 0.6555555555555556 0.0296875 0.0625
0 0.916796875 0.03888888888888889 0.04140625 0.07777777777777778
0 0.4734375 0.022916666666666665 0.0328125 0.04583333333333333
0 0.79453125 0.7944444444444444 0.04140625 0.05138888888888889
0 0.374609375 0.0625 0.01953125 0.029166666666666667
0 0.40546875 0.05347222222222222 0.03125 0.06111111111111111