0 0.662890625 0.7652777777777777 0.0484375 0.14027777777777778
0 0.802734375 0.9097222222222222 0.053125 0.1736111111111111
0 0.498828125 0.1284722222222222 0.03125 0.1125
0 0.66328125 0.19027777777777777 0.0296875 0.12916666666666668
0 0.496875 0.4722222222222222 0.03359375 0.1486111111111111
0 0.56640625 0.12152777777777778 0.028125 0.11388888888888889
0 0.663671875 0.8680555555555556 0.0546875 0.18472222222222223
0 0.73125 0.08125 0.021875 0.12083333333333333
0 0.947265625 0.5055555555555555 0.046875 0.14027777777777778
0 0.76640625 0.058333333333333334 0.02734375 0.11388888888888889
0 0.549609375 0.8916666666666667 0.05859375 0.21388888888888888
0 0.038671875 0.16944444444444445 0.034375 0.10972222222222222
0 0.934765625 0.1486111111111111 0.053125 0.12083333333333333
0 0.530078125 0.125 0.02578125 0.09583333333333334
0 0.4015625 0.6375 0.0421875 0.1597222222222222
0 0.6734375 0.041666666666666664 0.0265625 0.07916666666666666
0 0.380078125 0.2798611111111111 0.04296875 0.1527777777777778
0 0.24140625 0.9527777777777777 0.05625 0.09444444444444444
0 0.115234375 0.21319444444444444 0.05390625 0.14027777777777778
0 0.6453125 0.03263888888888889 0.01953125 0.06527777777777778
0 0.958203125 0.09791666666666667 0.028125 0.07916666666666666
0 0.610546875 0.035416666666666666 0.0234375 0.07083333333333333
0 0.985546875 0.11736111111111111 0.02890625 0.12083333333333333
0 0.219140625 0.5194444444444445 0.04375 0.15138888888888888
0 0.503515625 0.03958333333333333 0.028125 0.07916666666666666
0 0.987109375 0.3 0.02578125 0.10416666666666667
0 0.593359375 0.04652777777777778 0.01875 0.06805555555555555
0 0.37109375 0.02361111111111111 0.02109375 0.04722222222222222
0 0.9859375 0.0125 0.0265625 0.025
0 0.13125 0.011111111111111112 0.03515625 0.022222222222222223
0 0.550390625 0.2125 0.021875 0.11527777777777778
0 0.250390625 0.5076388888888889 0.040625 0.13333333333333333
0 0.41015625 0.06458333333333334 0.02265625 0.09583333333333334
0 0.43828125 0.010416666666666666 0.01875 0.020833333333333332
0 0.0078125 0.3125 0.01484375 0.10277777777777777
0 0.234765625 0.44583333333333336 0.0265625 0.058333333333333334
0 0.96171875 0.1284722222222222 0.028125 0.1375