0 0.623828125 0.4375 0.03359375 0.12222222222222222
0 0.669921875 0.43472222222222223 0.0375 0.14027777777777778
0 0.56796875 0.29097222222222224 0.03203125 0.12638888888888888
0 0.9765625 0.575 0.046875 0.1736111111111111
0 0.133203125 0.91875 0.0546875 0.15555555555555556
0 0.3015625 0.8034722222222223 0.0515625 0.17222222222222222
0 0.971484375 0.18958333333333333 0.03359375 0.11944444444444445
0 0.486328125 0.2548611111111111 0.0296875 0.12361111111111112
0 0.502734375 0.6736111111111112 0.04453125 0.16666666666666666
0 0.025390625 0.6604166666666667 0.05078125 0.15138888888888888
0 0.3703125 0.1375 0.03046875 0.12638888888888888
0 0.2671875 0.06597222222222222 0.0296875 0.09027777777777778
0 0.50234375 0.0375 0.02890625 0.075
0 0.28203125 0.6291666666666667 0.040625 0.1486111111111111
0 0.048828125 0.16180555555555556 0.028125 0.11805555555555555
0 0.819921875 0.20555555555555555 0.03359375 0.12777777777777777
0 0.4390625 0.05763888888888889 0.0234375 0.1125
0 0.551171875 0.41805555555555557 0.02578125 0.12777777777777777
0 0.3859375 0.0763888888888889 0.025 0.10833333333333334
0 0.37890625 0.5305555555555556 0.0453125 0.1875
0 0.82421875 0.01875 0.04140625 0.0375
0 0.51640625 0.53125 0.04375 0.16111111111111112
0 0.459765625 0.05416666666666667 0.0265625 0.10694444444444444
0 0.730859375 0.08263888888888889 0.02109375 0.12222222222222222
0 0.534375 0.03958333333333333 0.0234375 0.075
0 0.93125 0.27708333333333335 0.03984375 0.07222222222222222
0 0.941796875 0.18194444444444444 0.028125 0.11388888888888889
0 0.623046875 0.14375 0.02734375 0.10555555555555556
0 0.122265625 0.10208333333333333 0.03984375 0.13194444444444445
0 0.646875 0.034722222222222224 0.021875 0.06944444444444445
0 0.928125 0.34930555555555554 0.0359375 0.075
0 0.225 0.4479166666666667 0.025 0.0625
0 0.219921875 0.5215277777777778 0.03984375 0.1527777777777778
0 0.25 0.5090277777777777 0.03515625 0.1375
0 0.622265625 0.029861111111111113 0.02265625 0.059722222222222225
0 0.18984375 0.5006944444444444 0.03515625 0.14583333333333334
0 0.422265625 0.9861111111111112 0.05390625 0.027777777777777776
0 0.6046875 0.044444444444444446 0.02265625 0.0625