0 0.679296875 0.2743055555555556 0.0546875 0.1125
0 0.166796875 0.22708333333333333 0.09453125 0.19305555555555556
0 0.49609375 0.8298611111111112 0.0921875 0.19027777777777777
0 0.722265625 0.9104166666666667 0.08828125 0.17916666666666667
0 0.564453125 0.30972222222222223 0.06328125 0.13194444444444445
0 0.951953125 0.5416666666666666 0.06640625 0.13472222222222222
0 0.48984375 0.13958333333333334 0.0640625 0.1361111111111111
0 0.764453125 0.7798611111111111 0.07890625 0.15833333333333333
0 0.85 0.9604166666666667 0.0890625 0.07916666666666666
0 0.95625 0.6326388888888889 0.05859375 0.11666666666666667
0 0.554296875 0.013888888888888888 0.03828125 0.027777777777777776
0 0.9234375 0.6993055555555555 0.07734375 0.15555555555555556
0 0.583984375 0.8791666666666667 0.08046875 0.16666666666666666
0 0.715234375 0.32013888888888886 0.06875 0.1375
0 0.04765625 0.38958333333333334 0.0953125 0.2375
0 0.617578125 0.2847222222222222 0.075 0.15694444444444444
0 0.457421875 0.3173611111111111 0.06953125 0.14722222222222223
0 0.96640625 0.74375 0.0671875 0.14027777777777778
0 0.61171875 0.5576388888888889 0.07265625 0.15138888888888888
0 0.386328125 0.21736111111111112 0.078125 0.15555555555555556
0 0.576953125 0.13125 0.0625 0.13333333333333333
0 0.931640625 0.49027777777777776 0.05234375 0.1111111111111111
0 0.79375 0.29930555555555555 0.046875 0.09722222222222222
0 0.382421875 0.40555555555555556 0.090625 0.19027777777777777
0 0.41484375 0.12638888888888888 0.059375 0.11388888888888889
0 0.5578125 0.10208333333333333 0.0609375 0.12916666666666668
0 0.28125 0.2076388888888889 0.03515625 0.06805555555555555
0 0.822265625 0.3763888888888889 0.07265625 0.1625
0 0.915625 0.475 0.053125 0.1111111111111111
0 0.8296875 0.33819444444444446 0.0515625 0.10277777777777777
0 0.614453125 0.15625 0.0578125 0.11944444444444445
0 0.234765625 0.2125 0.0734375 0.15555555555555556
0 0.25 0.2569444444444444 0.08203125 0.16944444444444445
0 0.7671875 0.3034722222222222 0.03515625 0.07222222222222222
0 0.284375 0.28055555555555556 0.071875 0.14722222222222223
0 0.6171875 0.11041666666666666 0.07421875 0.14305555555555555
0 0.727734375 0.31875 0.06171875 0.13333333333333333
0 0.623828125 0.07916666666666666 0.05234375 0.08611111111111111
0 0.41640625 0.9798611111111111 0.046875 0.04027777777777778