0 0.50859375 0.1951388888888889 0.0390625 0.13055555555555556
0 0.413671875 0.4777777777777778 0.0390625 0.14305555555555555
0 0.5625 0.05347222222222222 0.02734375 0.09722222222222222
0 0.9546875 0.08333333333333333 0.0359375 0.1111111111111111
0 0.91953125 0.08472222222222223 0.0359375 0.10972222222222222
0 0.682421875 0.10833333333333334 0.0296875 0.11944444444444445
0 0.74140625 0.09097222222222222 0.0265625 0.1361111111111111
0 0.0359375 0.6645833333333333 0.06484375 0.1875
0 0.82109375 0.7076388888888889 0.04609375 0.16944444444444445
0 0.68125 0.9833333333333333 0.0515625 0.03333333333333333
0 0.973828125 0.16458333333333333 0.04296875 0.18194444444444444
0 0.762109375 0.8951388888888889 0.04921875 0.1736111111111111
0 0.5046875 0.63125 0.04296875 0.17222222222222222
0 0.976953125 0.6847222222222222 0.04296875 0.18611111111111112
0 0.85859375 0.11805555555555555 0.04140625 0.11944444444444445
0 0.40390625 0.18263888888888888 0.03671875 0.1361111111111111
0 0.540625 0.19652777777777777 0.03046875 0.11527777777777778
0 0.562890625 0.13472222222222222 0.0203125 0.09583333333333334
0 0.0359375 0.14652777777777778 0.03828125 0.11527777777777778
0 0.015625 0.3486111111111111 0.02890625 0.14444444444444443
0 0.652734375 0.041666666666666664 0.0203125 0.06666666666666667
0 0.09921875 0.25416666666666665 0.04375 0.14722222222222223
0 0.96875 0.18819444444444444 0.03828125 0.13055555555555556
0 0.619921875 0.04097222222222222 0.025 0.06944444444444445
0 0.75546875 0.98125 0.0609375 0.0375
0 0.561328125 0.6854166666666667 0.05 0.19583333333333333
0 0.53046875 0.08611111111111111 0.02890625 0.12083333333333333
0 0.87890625 0.11666666666666667 0.034375 0.11805555555555555
0 0.219140625 0.5020833333333333 0.04375 0.1527777777777778
0 0.510546875 0.05347222222222222 0.02890625 0.10277777777777777
0 0.193359375 0.475 0.03984375 0.1527777777777778
0 0.598828125 0.03958333333333333 0.01953125 0.06944444444444445
0 0.252734375 0.49166666666666664 0.03671875 0.13055555555555556
0 0.97109375 0.1388888888888889 0.040625 0.12361111111111112
0 0.61328125 0.9888888888888889 0.04375 0.022222222222222223
0 0.529296875 0.02847222222222222 0.02421875 0.05555555555555555
0 0.230859375 0.43333333333333335 0.01875 0.05555555555555555
0 0.683203125 0.022222222222222223 0.01796875 0.02361111111111111
0 0.3484375 0.011805555555555555 0.01875 0.02361111111111111
0 0.4796875 0.05625 0.02734375 0.09583333333333334
0 0.74765625 0.03263888888888889 0.02578125 0.03611111111111111