0 0.5203125 0.9534722222222223 0.0828125 0.09305555555555556
0 0.526953125 0.37916666666666665 0.065625 0.1486111111111111
0 0.49453125 0.8722222222222222 0.0859375 0.19027777777777777
0 0.653125 0.30694444444444446 0.05078125 0.11527777777777778
0 0.94609375 0.6319444444444444 0.06875 0.15833333333333333
0 0.78515625 0.9256944444444445 0.0890625 0.1486111111111111
0 0.655078125 0.4395833333333333 0.06015625 0.1375
0 0.537890625 0.6416666666666667 0.08203125 0.18888888888888888
0 0.94140625 0.7333333333333333 0.071875 0.15416666666666667
0 0.491015625 0.06805555555555555 0.0515625 0.12361111111111112
0 0.86015625 0.7597222222222222 0.0796875 0.1763888888888889
0 0.066796875 0.4486111111111111 0.09609375 0.20833333333333334
0 0.269140625 0.8076388888888889 0.078125 0.12777777777777777
0 0.46484375 0.2152777777777778 0.05546875 0.13333333333333333
0 0.99296875 0.6291666666666667 0.0140625 0.11944444444444445
0 0.70546875 0.19305555555555556 0.05234375 0.11944444444444445
0 0.462109375 0.8166666666666667 0.0734375 0.17916666666666667
0 0.62265625 0.10069444444444445 0.04296875 0.09444444444444444
0 0.586328125 0.3326388888888889 0.0703125 0.1597222222222222
0 0.41796875 0.28888888888888886 0.0703125 0.16527777777777777
0 0.344921875 0.325 0.08671875 0.18611111111111112
0 0.80859375 0.3125 0.05390625 0.13472222222222222
0 0.05078125 0.5694444444444444 0.096875 0.2
0 0.369140625 0.22708333333333333 0.0578125 0.12222222222222222
0 0.791796875 0.2520833333333333 0.0515625 0.1125
0 0.05859375 0.175 0.0875 0.20277777777777778
0 0.6921875 0.12916666666666668 0.02734375 0.04583333333333333
0 0.58515625 0.1326388888888889 0.05234375 0.12361111111111112
0 0.7203125 0.20069444444444445 0.05 0.12222222222222222
0 0.96015625 0.48333333333333334 0.046875 0.09027777777777778
0 0.978515625 0.7486111111111111 0.04296875 0.11388888888888889
0 0.95078125 0.5013888888888889 0.059375 0.1375
0 0.53359375 0.08888888888888889 0.0515625 0.125
0 0.9484375 0.44166666666666665 0.04921875 0.1125
0 0.56015625 0.11597222222222223 0.0578125 0.13472222222222222
0 0.755078125 0.225 0.0484375 0.10555555555555556
0 0.93203125 0.43680555555555556 0.0484375 0.11805555555555555
0 0.219921875 0.27152777777777776 0.0671875 0.1597222222222222
0 0.239453125 0.3090277777777778 0.07734375 0.16944444444444445
0 0.265234375 0.25069444444444444 0.0328125 0.06388888888888888
0 0.27109375 0.33819444444444446 0.078125 0.1638888888888889