0 0.718359375 0.16666666666666666 0.0875 0.15833333333333333
0 0.655078125 0.07361111111111111 0.08203125 0.14722222222222223
0 0.775390625 0.3527777777777778 0.11015625 0.1986111111111111
0 0.750390625 0.6479166666666667 0.10234375 0.18333333333333332
0 0.246484375 0.9270833333333334 0.09296875 0.14583333333333334
0 0.40078125 0.11597222222222223 0.053125 0.09583333333333334
0 0.583984375 0.3680555555555556 0.08203125 0.1486111111111111
0 0.394921875 0.3138888888888889 0.0703125 0.12638888888888888
0 0.069921875 0.65625 0.0671875 0.12083333333333333
0 0.241796875 0.3104166666666667 0.053125 0.09583333333333334
0 0.05625 0.8083333333333333 0.071875 0.12916666666666668
0 0.3921875 0.22083333333333333 0.08125 0.14583333333333334
0 0.4625 0.7659722222222223 0.10078125 0.18194444444444444
0 0.47265625 0.08888888888888889 0.07265625 0.13194444444444445
0 0.32890625 0.4791666666666667 0.075 0.1361111111111111
0 0.923828125 0.0625 0.08828125 0.125
0 0.26015625 0.5388888888888889 0.0515625 0.09166666666666666
0 0.01953125 0.6527777777777778 0.0328125 0.058333333333333334
0 0.298828125 0.6034722222222222 0.0828125 0.1486111111111111
0 0.42578125 0.5847222222222223 0.0859375 0.15555555555555556
0 0.121875 0.5506944444444445 0.06484375 0.11666666666666667
0 0.465625 0.12361111111111112 0.06484375 0.11666666666666667
0 0.252734375 0.26180555555555557 0.0390625 0.06944444444444445
0 0.305859375 0.3159722222222222 0.0734375 0.13194444444444445
0 0.333984375 0.83125 0.08046875 0.14444444444444443
0 0.34140625 0.26458333333333334 0.06875 0.125
0 0.3078125 0.18611111111111112 0.04296875 0.0763888888888889
0 0.291015625 0.8881944444444444 0.08046875 0.14444444444444443
0 0.291796875 0.8180555555555555 0.03984375 0.07083333333333333
0 0.320703125 0.28541666666666665 0.06953125 0.125
0 0.09375 0.5243055555555556 0.0359375 0.06388888888888888
0 0.316015625 0.8805555555555555 0.08984375 0.1625
0 0.064453125 0.5618055555555556 0.02421875 0.041666666666666664