0 0.513671875 0.85 0.04921875 0.17083333333333334
0 0.4984375 0.06944444444444445 0.02890625 0.10833333333333334
0 0.660546875 0.3055555555555556 0.034375 0.14027777777777778
0 0.644140625 0.5708333333333333 0.03828125 0.125
0 0.794140625 0.13333333333333333 0.03125 0.12361111111111112
0 0.569140625 0.20625 0.0296875 0.125
0 0.485546875 0.34652777777777777 0.03203125 0.13472222222222222
0 0.41328125 0.8423611111111111 0.04453125 0.17777777777777778
0 0.29375 0.9555555555555556 0.0609375 0.08888888888888889
0 0.436328125 0.03194444444444444 0.02421875 0.06388888888888888
0 0.371484375 0.06319444444444444 0.025 0.11666666666666667
0 0.53125 0.07291666666666667 0.021875 0.09722222222222222
0 0.26953125 0.7847222222222222 0.04375 0.15555555555555556
0 0.121484375 0.15 0.034375 0.12638888888888888
0 0.09296875 0.8208333333333333 0.05390625 0.16944444444444445
0 0.93828125 0.38680555555555557 0.04375 0.12638888888888888
0 0.375390625 0.40625 0.0484375 0.1763888888888889
0 0.037109375 0.17430555555555555 0.03203125 0.1125
0 0.538671875 0.6763888888888889 0.04921875 0.18333333333333332
0 0.3296875 0.06597222222222222 0.028125 0.09861111111111111
0 0.730078125 0.08333333333333333 0.0203125 0.11944444444444445
0 0.38984375 0.034027777777777775 0.028125 0.06805555555555555
0 0.45859375 0.03125 0.021875 0.0625
0 0.033984375 0.02013888888888889 0.03203125 0.04027777777777778
0 0.64765625 0.07847222222222222 0.0296875 0.11805555555555555
0 0.4875 0.020833333333333332 0.02421875 0.041666666666666664
0 0.546875 0.31180555555555556 0.02265625 0.125
0 0.96171875 0.23333333333333334 0.0296875 0.11944444444444445
0 0.91796875 0.01875 0.0375 0.0375
0 0.608984375 0.03333333333333333 0.021875 0.06666666666666667
0 0.644140625 0.025 0.0234375 0.05
0 0.983203125 0.23819444444444443 0.03359375 0.1375
0 0.218359375 0.5229166666666667 0.0453125 0.15138888888888888
0 0.23203125 0.4479166666666667 0.02421875 0.0625
0 0.18828125 0.4979166666666667 0.04140625 0.14305555555555555
0 0.249609375 0.5145833333333333 0.03828125 0.1361111111111111
0 0.9390625 0.4270833333333333 0.03125 0.05277777777777778
0 0.59140625 0.052083333333333336 0.02109375 0.04861111111111111