0 0.71484375 0.02847222222222222 0.059375 0.05694444444444444
0 0.601953125 0.36944444444444446 0.06171875 0.14166666666666666
0 0.5109375 0.24722222222222223 0.05859375 0.1388888888888889
0 0.394140625 0.9263888888888889 0.08828125 0.14722222222222223
0 0.11875 0.9604166666666667 0.084375 0.07916666666666666
0 0.433984375 0.3020833333333333 0.05859375 0.14027777777777778
0 0.394140625 0.08611111111111111 0.04765625 0.10138888888888889
0 0.84453125 0.049305555555555554 0.0703125 0.09861111111111111
0 0.954296875 0.2222222222222222 0.08125 0.18888888888888888
0 0.63125 0.29375 0.0640625 0.15
0 0.38984375 0.6041666666666666 0.08046875 0.1875
0 0.546484375 0.6715277777777777 0.0765625 0.1763888888888889
0 0.2921875 0.25972222222222224 0.05625 0.1375
0 0.53046875 0.5368055555555555 0.08203125 0.19166666666666668
0 0.358203125 0.12430555555555556 0.0484375 0.11388888888888889
0 0.422265625 0.059027777777777776 0.0375 0.0875
0 0.33828125 0.79375 0.071875 0.1625
0 0.5265625 0.07083333333333333 0.05 0.11666666666666667
0 0.5390625 0.9652777777777778 0.0640625 0.06944444444444445
0 0.294140625 0.1951388888888889 0.04921875 0.11666666666666667
0 0.339453125 0.14097222222222222 0.046875 0.11388888888888889
0 0.066796875 0.4340277777777778 0.071875 0.15555555555555556
0 0.018359375 0.5388888888888889 0.03671875 0.13055555555555556
0 0.5234375 0.37569444444444444 0.05234375 0.1375
0 0.249609375 0.7291666666666666 0.07421875 0.17083333333333334
0 0.23828125 0.6611111111111111 0.03828125 0.07777777777777778
0 0.193359375 0.27569444444444446 0.0421875 0.10555555555555556
0 0.497265625 0.009722222222222222 0.03515625 0.019444444444444445
0 0.21875 0.7347222222222223 0.06640625 0.1597222222222222
0 0.484765625 0.022916666666666665 0.03515625 0.04583333333333333
0 0.2765625 0.6965277777777777 0.06484375 0.1486111111111111