0 0.623828125 0.15416666666666667 0.04453125 0.12222222222222222
0 0.559375 0.1597222222222222 0.046875 0.125
0 0.712890625 0.26458333333333334 0.04765625 0.13333333333333333
0 0.95546875 0.37083333333333335 0.06328125 0.1388888888888889
0 0.39140625 0.5423611111111111 0.0625 0.1625
0 0.734765625 0.9493055555555555 0.07421875 0.10138888888888889
0 0.92890625 0.7805555555555556 0.075 0.18611111111111112
0 0.609375 0.9083333333333333 0.06796875 0.17222222222222222
0 0.98203125 0.3576388888888889 0.0359375 0.13194444444444445
0 0.5734375 0.8798611111111111 0.0734375 0.19583333333333333
0 0.170703125 0.06180555555555556 0.06953125 0.12361111111111112
0 0.823828125 0.2013888888888889 0.0390625 0.09861111111111111
0 0.78984375 0.22013888888888888 0.04140625 0.13055555555555556
0 0.476953125 0.91875 0.08515625 0.1625
0 0.428125 0.21180555555555555 0.06328125 0.16111111111111112
0 0.5890625 0.17847222222222223 0.040625 0.1111111111111111
0 0.497265625 0.5090277777777777 0.0578125 0.16666666666666666
0 0.7453125 0.14444444444444443 0.034375 0.075
0 0.6 0.22708333333333333 0.0390625 0.1125
0 0.71484375 0.12916666666666668 0.03046875 0.075
0 0.581640625 0.06944444444444445 0.04453125 0.10416666666666667
0 0.68203125 0.11388888888888889 0.034375 0.08055555555555556
0 0.663671875 0.11319444444444444 0.02890625 0.075
0 0.2609375 0.3798611111111111 0.05625 0.14444444444444443
0 0.2265625 0.36875 0.06875 0.17222222222222222
0 0.501953125 0.04791666666666667 0.02890625 0.09583333333333334
0 0.98984375 0.5993055555555555 0.0203125 0.0625
0 0.205078125 0.3347222222222222 0.06015625 0.16111111111111112
0 0.575390625 0.030555555555555555 0.01796875 0.030555555555555555
0 0.248828125 0.3111111111111111 0.02734375 0.06111111111111111
0 0.9890625 0.58125 0.021875 0.10416666666666667
0 0.600390625 0.04513888888888889 0.021875 0.034722222222222224
0 0.06015625 0.06875 0.03828125 0.13472222222222222
0 0.0140625 0.35347222222222224 0.028125 0.12361111111111112
0 0.991015625 0.5590277777777778 0.01796875 0.09861111111111111
0 0.660546875 0.1076388888888889 0.028125 0.075
0 0.168359375 0.8340277777777778 0.05078125 0.041666666666666664
0 0.6046875 0.04722222222222222 0.02421875 0.034722222222222224