0 0.458984375 0.2076388888888889 0.05390625 0.14166666666666666
0 0.412109375 0.5097222222222222 0.05546875 0.1527777777777778
0 0.609765625 0.04236111111111111 0.04140625 0.08472222222222223
0 0.484765625 0.04583333333333333 0.03828125 0.09166666666666666
0 0.81328125 0.7236111111111111 0.0671875 0.17083333333333334
0 0.0859375 0.8986111111111111 0.08125 0.1986111111111111
0 0.523828125 0.6354166666666666 0.06328125 0.18194444444444444
0 0.846484375 0.5118055555555555 0.06640625 0.175
0 0.662109375 0.025694444444444443 0.03828125 0.05138888888888889
0 0.82109375 0.8326388888888889 0.0640625 0.08611111111111111
0 0.582421875 0.6347222222222222 0.07109375 0.19027777777777777
0 0.490234375 0.19166666666666668 0.04296875 0.11944444444444445
0 0.36171875 0.24583333333333332 0.053125 0.15
0 0.0109375 0.40347222222222223 0.021875 0.12638888888888888
0 0.57109375 0.009027777777777777 0.028125 0.018055555555555554
0 0.978125 0.4354166666666667 0.04375 0.19027777777777777
0 0.0765625 0.4777777777777778 0.06171875 0.15833333333333333
0 0.6859375 0.9069444444444444 0.05078125 0.0625
0 0.5390625 0.018055555555555554 0.0328125 0.03611111111111111
0 0.50078125 0.11666666666666667 0.03203125 0.10138888888888889
0 0.02109375 0.6069444444444444 0.0421875 0.15
0 0.761328125 0.8784722222222222 0.0453125 0.04722222222222222
0 0.231640625 0.6465277777777778 0.0609375 0.16527777777777777
0 0.4390625 0.07083333333333333 0.04296875 0.11527777777777778
0 0.20234375 0.6354166666666666 0.0578125 0.1625
0 0.262109375 0.6201388888888889 0.05078125 0.14305555555555555
0 0.2734375 0.10833333333333334 0.02109375 0.041666666666666664
0 0.23203125 0.575 0.02578125 0.059722222222222225
0 0.466796875 0.09444444444444444 0.0390625 0.11527777777777778
0 0.40859375 0.08402777777777778 0.0359375 0.10277777777777777
0 0.518359375 0.022222222222222223 0.02578125 0.044444444444444446
0 0.959765625 0.18333333333333332 0.0328125 0.1
0 0.522265625 0.02361111111111111 0.02734375 0.04722222222222222
0 0.419140625 0.029861111111111113 0.0171875 0.02361111111111111