0 0.596875 0.22777777777777777 0.04140625 0.12777777777777777
0 0.378125 0.7923611111111111 0.06015625 0.17916666666666667
0 0.678515625 0.34791666666666665 0.046875 0.14583333333333334
0 0.478515625 0.8618055555555556 0.065625 0.18888888888888888
0 0.5 0.3506944444444444 0.0453125 0.14583333333333334
0 0.53984375 0.08125 0.03828125 0.11805555555555555
0 0.825 0.22013888888888888 0.04140625 0.12777777777777777
0 0.633203125 0.6305555555555555 0.05390625 0.14583333333333334
0 0.94140625 0.5472222222222223 0.05859375 0.1638888888888889
0 0.4828125 0.025694444444444443 0.0296875 0.05138888888888889
0 0.07109375 0.7006944444444444 0.065625 0.1638888888888889
0 0.253125 0.8930555555555556 0.0671875 0.09166666666666666
0 0.240625 0.7138888888888889 0.05859375 0.16527777777777777
0 0.07578125 0.04722222222222222 0.0421875 0.09444444444444444
0 0.41640625 0.04375 0.0359375 0.0875
0 0.393359375 0.36041666666666666 0.05625 0.16666666666666666
0 0.571484375 0.09375 0.03203125 0.10694444444444444
0 0.161328125 0.05416666666666667 0.04765625 0.10833333333333334
0 0.50546875 0.02847222222222222 0.0296875 0.05694444444444444
0 0.521484375 0.7048611111111112 0.07265625 0.2125
0 0.564453125 0.325 0.03359375 0.125
0 0.688671875 0.12638888888888888 0.0390625 0.12222222222222222
0 0.767578125 0.16041666666666668 0.034375 0.13055555555555556
0 0.43671875 0.019444444444444445 0.034375 0.03888888888888889
0 0.534375 0.025694444444444443 0.02734375 0.05138888888888889
0 0.980859375 0.38333333333333336 0.03828125 0.12777777777777777
0 0.65390625 0.07361111111111111 0.03046875 0.07222222222222222
0 0.220703125 0.4354166666666667 0.05859375 0.1625
0 0.24140625 0.36736111111111114 0.02890625 0.06944444444444445
0 0.991015625 0.375 0.01796875 0.18333333333333332
0 0.376171875 0.03611111111111111 0.02578125 0.07222222222222222
0 0.688671875 0.075 0.028125 0.05416666666666667
0 0.966015625 0.15694444444444444 0.046875 0.04861111111111111
0 0.193359375 0.4013888888888889 0.05390625 0.15138888888888888
0 0.25546875 0.43125 0.0515625 0.14444444444444443
0 0.633203125 0.08680555555555555 0.0265625 0.05416666666666667