0 0.56953125 0.13680555555555557 0.028125 0.1125
0 0.2546875 0.9215277777777777 0.04921875 0.15
0 0.662109375 0.21180555555555555 0.0296875 0.12916666666666668
0 0.65859375 0.7 0.040625 0.1388888888888889
0 0.50234375 0.10902777777777778 0.0296875 0.11388888888888889
0 0.040234375 0.16458333333333333 0.03828125 0.1125
0 0.403125 0.6826388888888889 0.040625 0.1597222222222222
0 0.38359375 0.30416666666666664 0.03671875 0.14444444444444443
0 0.775 0.06736111111111111 0.0296875 0.11388888888888889
0 0.951953125 0.4708333333333333 0.04609375 0.1486111111111111
0 0.704296875 0.9145833333333333 0.0515625 0.17083333333333334
0 0.805859375 0.9555555555555556 0.04765625 0.08888888888888889
0 0.730859375 0.07361111111111111 0.021875 0.12222222222222222
0 0.53125 0.10694444444444444 0.0234375 0.10416666666666667
0 0.55234375 0.8256944444444444 0.05625 0.21388888888888888
0 0.498828125 0.02847222222222222 0.0296875 0.05694444444444444
0 0.67109375 0.04652777777777778 0.02734375 0.09166666666666666
0 0.140625 0.9458333333333333 0.06171875 0.10833333333333334
0 0.526953125 0.96875 0.0578125 0.0625
0 0.496875 0.43194444444444446 0.03125 0.14166666666666666
0 0.646484375 0.03125 0.021875 0.0625
0 0.962109375 0.16111111111111112 0.0546875 0.13472222222222222
0 0.54921875 0.2298611111111111 0.021875 0.1111111111111111
0 0.982421875 0.275 0.03515625 0.12222222222222222
0 0.120703125 0.18541666666666667 0.04375 0.1388888888888889
0 0.978515625 0.1527777777777778 0.034375 0.1388888888888889
0 0.61171875 0.034027777777777775 0.0234375 0.06805555555555555
0 0.219921875 0.5152777777777777 0.04609375 0.15416666666666667
0 0.974609375 0.10694444444444444 0.03203125 0.0763888888888889
0 0.2359375 0.44583333333333336 0.0234375 0.06111111111111111
0 0.460546875 0.017361111111111112 0.01640625 0.034722222222222224
0 0.437890625 0.013888888888888888 0.01640625 0.027777777777777776
0 0.366015625 0.02847222222222222 0.0234375 0.05694444444444444
0 0.009765625 0.29444444444444445 0.01953125 0.09722222222222222
0 0.18984375 0.5 0.03359375 0.14444444444444443
0 0.2515625 0.5013888888888889 0.04140625 0.13333333333333333
0 0.59453125 0.04375 0.01796875 0.0625
0 0.39453125 0.010416666666666666 0.01640625 0.020833333333333332
0 0.992578125 0.14166666666666666 0.01484375 0.12222222222222222
0 0.978515625 0.011805555555555555 0.0328125 0.022222222222222223
0 0.383203125 0.05347222222222222 0.0203125 0.10694444444444444