0 0.496484375 0.2423611111111111 0.0640625 0.14027777777777778
0 0.61640625 0.26944444444444443 0.071875 0.15833333333333333
0 0.41953125 0.9416666666666667 0.090625 0.11666666666666667
0 0.596484375 0.3527777777777778 0.0625 0.13472222222222222
0 0.372265625 0.10555555555555556 0.05 0.10138888888888889
0 0.27890625 0.2875 0.05859375 0.12916666666666668
0 0.392578125 0.6166666666666667 0.0953125 0.20416666666666666
0 0.9453125 0.1597222222222222 0.0796875 0.17777777777777778
0 0.50546875 0.06458333333333334 0.053125 0.11527777777777778
0 0.276953125 0.22430555555555556 0.0546875 0.11944444444444445
0 0.82265625 0.027777777777777776 0.0765625 0.05555555555555555
0 0.321484375 0.1638888888888889 0.04765625 0.10555555555555556
0 0.426953125 0.32083333333333336 0.06328125 0.14305555555555555
0 0.340625 0.14444444444444443 0.04921875 0.10972222222222222
0 0.401171875 0.0763888888888889 0.04296875 0.09444444444444444
0 0.35546875 0.8277777777777777 0.0765625 0.1638888888888889
0 0.56015625 0.6805555555555556 0.0828125 0.18055555555555555
0 0.53828125 0.5416666666666666 0.0890625 0.19305555555555556
0 0.5609375 0.9541666666666667 0.06875 0.09166666666666666
0 0.18828125 0.31805555555555554 0.05078125 0.10555555555555556
0 0.515234375 0.3680555555555556 0.0578125 0.1361111111111111
0 0.065234375 0.5013888888888889 0.071875 0.15138888888888888
0 0.02109375 0.6180555555555556 0.0421875 0.13333333333333333
0 0.246484375 0.7006944444444444 0.04140625 0.07777777777777778
0 0.471484375 0.011111111111111112 0.03671875 0.022222222222222223
0 0.26171875 0.7659722222222223 0.08046875 0.17222222222222222
0 0.4609375 0.027083333333333334 0.0390625 0.05416666666666667
0 0.230859375 0.7763888888888889 0.071875 0.15833333333333333
0 0.286328125 0.7284722222222222 0.07109375 0.15138888888888888
0 0.465625 0.014583333333333334 0.034375 0.029166666666666667