0 0.813671875 0.18125 0.0296875 0.13055555555555556
0 0.627734375 0.48541666666666666 0.03203125 0.12777777777777777
0 0.569140625 0.2611111111111111 0.03125 0.12777777777777777
0 0.5 0.04791666666666667 0.02734375 0.09305555555555556
0 0.36953125 0.1125 0.02890625 0.12361111111111112
0 0.664453125 0.3861111111111111 0.03671875 0.14583333333333334
0 0.29765625 0.8722222222222222 0.0546875 0.18194444444444444
0 0.386328125 0.05416666666666667 0.0265625 0.1
0 0.485546875 0.2875 0.0296875 0.13194444444444445
0 0.933984375 0.3402777777777778 0.03984375 0.12916666666666668
0 0.50703125 0.7305555555555555 0.04453125 0.16111111111111112
0 0.0421875 0.7131944444444445 0.0515625 0.17083333333333334
0 0.522265625 0.575 0.04296875 0.16805555555555557
0 0.463671875 0.04652777777777778 0.0265625 0.09027777777777778
0 0.421484375 0.9458333333333333 0.04921875 0.10833333333333334
0 0.9734375 0.20625 0.0328125 0.11944444444444445
0 0.628515625 0.12361111111111112 0.03125 0.11388888888888889
0 0.376171875 0.48541666666666666 0.04609375 0.16944444444444445
0 0.53359375 0.04652777777777778 0.0203125 0.08888888888888889
0 0.438671875 0.049305555555555554 0.025 0.09583333333333334
0 0.950390625 0.2048611111111111 0.02890625 0.10833333333333334
0 0.98203125 0.6347222222222222 0.0359375 0.18333333333333332
0 0.2828125 0.68125 0.04296875 0.15694444444444444
0 0.730859375 0.08194444444444444 0.0234375 0.12638888888888888
0 0.144921875 0.9673611111111111 0.05703125 0.06527777777777778
0 0.644140625 0.034027777777777775 0.02109375 0.06805555555555555
0 0.859765625 0.019444444444444445 0.04140625 0.03888888888888889
0 0.288671875 0.06388888888888888 0.0296875 0.09722222222222222
0 0.038671875 0.17083333333333334 0.03515625 0.12083333333333333
0 0.55 0.3763888888888889 0.025 0.12361111111111112
0 0.121484375 0.11666666666666667 0.0359375 0.12638888888888888
0 0.61640625 0.030555555555555555 0.0265625 0.06111111111111111
0 0.2234375 0.4486111111111111 0.0265625 0.059722222222222225
0 0.21953125 0.5215277777777778 0.04296875 0.1527777777777778
0 0.99296875 0.025694444444444443 0.0140625 0.05138888888888889
0 0.601171875 0.043055555555555555 0.02265625 0.06805555555555555
0 0.192578125 0.49583333333333335 0.03671875 0.14305555555555555
0 0.2515625 0.5076388888888889 0.03828125 0.1361111111111111
0 0.946484375 0.006944444444444444 0.02265625 0.013888888888888888