0 0.568359375 0.5326388888888889 0.06875 0.15833333333333333
0 0.853515625 0.6479166666666667 0.06875 0.15833333333333333
0 0.501171875 0.45 0.0671875 0.15555555555555556
0 0.01953125 0.5555555555555556 0.0390625 0.1527777777777778
0 0.4953125 0.6756944444444445 0.0625 0.15138888888888888
0 0.42265625 0.9222222222222223 0.075 0.14305555555555555
0 0.9359375 0.7034722222222223 0.071875 0.15833333333333333
0 0.806640625 0.3125 0.04921875 0.12777777777777777
0 0.058203125 0.2861111111111111 0.09765625 0.21805555555555556
0 0.6453125 0.3659722222222222 0.0515625 0.11666666666666667
0 0.702734375 0.16527777777777777 0.05078125 0.1
0 0.497265625 0.03611111111111111 0.04921875 0.07222222222222222
0 0.57734375 0.83125 0.084375 0.19166666666666668
0 0.556640625 0.3861111111111111 0.07109375 0.16666666666666666
0 0.308203125 0.6930555555555555 0.10625 0.2375
0 0.43515625 0.21319444444444444 0.0640625 0.15416666666666667
0 0.578515625 0.17222222222222222 0.05078125 0.12638888888888888
0 0.469921875 0.14722222222222223 0.05625 0.13333333333333333
0 0.667578125 0.38472222222222224 0.05625 0.13194444444444445
0 0.533984375 0.08472222222222223 0.0515625 0.125
0 0.3078125 0.40694444444444444 0.07734375 0.1736111111111111
0 0.341015625 0.2881944444444444 0.059375 0.13194444444444445
0 0.946875 0.8451388888888889 0.06171875 0.1597222222222222
0 0.645703125 0.1 0.03515625 0.06805555555555555
0 0.262109375 0.24375 0.03828125 0.075
0 0.9875 0.6708333333333333 0.025 0.11388888888888889
0 0.034765625 0.6326388888888889 0.04296875 0.06111111111111111
0 0.218359375 0.26805555555555555 0.06640625 0.15416666666666667
0 0.56015625 0.10694444444444444 0.05703125 0.1361111111111111
0 0.930859375 0.5784722222222223 0.04609375 0.0875
0 0.771875 0.23472222222222222 0.0453125 0.10555555555555556
0 0.23984375 0.30625 0.07265625 0.1638888888888889
0 0.94453125 0.4701388888888889 0.05546875 0.12222222222222222
0 0.95703125 0.48333333333333334 0.07109375 0.15555555555555556
0 0.269921875 0.32222222222222224 0.0609375 0.14305555555555555
0 0.7515625 0.1840277777777778 0.03203125 0.05555555555555555
0 0.727734375 0.18333333333333332 0.03671875 0.075
0 0.621484375 0.059722222222222225 0.0234375 0.03333333333333333