0 0.658984375 0.25763888888888886 0.03359375 0.13333333333333333
0 0.571875 0.17569444444444443 0.02890625 0.11805555555555555
0 0.519921875 0.9194444444444444 0.04765625 0.15555555555555556
0 0.499609375 0.08888888888888889 0.03046875 0.11666666666666667
0 0.115234375 0.8979166666666667 0.0546875 0.1875
0 0.0390625 0.17291666666666666 0.03515625 0.10694444444444444
0 0.94765625 0.4395833333333333 0.0453125 0.1527777777777778
0 0.409765625 0.7638888888888888 0.04375 0.1638888888888889
0 0.530078125 0.09305555555555556 0.02265625 0.09861111111111111
0 0.784765625 0.10277777777777777 0.02734375 0.11388888888888889
0 0.490625 0.38819444444444445 0.03359375 0.14444444444444443
0 0.26171875 0.8479166666666667 0.0484375 0.1597222222222222
0 0.542578125 0.7534722222222222 0.05390625 0.20416666666666666
0 0.49375 0.025 0.0265625 0.05
0 0.43359375 0.02361111111111111 0.0234375 0.04722222222222222
0 0.65 0.6368055555555555 0.03671875 0.1388888888888889
0 0.38203125 0.35555555555555557 0.0484375 0.17083333333333334
0 0.459375 0.02638888888888889 0.02265625 0.05277777777777778
0 0.7296875 0.0798611111111111 0.02109375 0.11805555555555555
0 0.645703125 0.03263888888888889 0.0234375 0.06527777777777778
0 0.39140625 0.022222222222222223 0.01875 0.044444444444444446
0 0.3703125 0.04513888888888889 0.02734375 0.09027777777777778
0 0.54765625 0.27361111111111114 0.021875 0.12222222222222222
0 0.11875 0.16527777777777777 0.0375 0.12638888888888888
0 0.6609375 0.06388888888888888 0.0265625 0.10555555555555556
0 0.611328125 0.035416666666666666 0.02578125 0.07083333333333333
0 0.218359375 0.5215277777777778 0.04375 0.15
0 0.98203125 0.2125 0.0359375 0.21944444444444444
0 0.3515625 0.06527777777777778 0.025 0.1
0 0.946484375 0.016666666666666666 0.03828125 0.03333333333333333
0 0.23359375 0.44930555555555557 0.025 0.06805555555555555
0 0.25078125 0.5152777777777777 0.03671875 0.125
0 0.067578125 0.017361111111111112 0.02265625 0.034722222222222224
0 0.188671875 0.5048611111111111 0.03359375 0.14166666666666666
0 0.9640625 0.26944444444444443 0.028125 0.09166666666666666