0 0.0421875 0.32013888888888886 0.084375 0.1986111111111111
0 0.66015625 0.4222222222222222 0.06484375 0.12083333333333333
0 0.545703125 0.5881944444444445 0.08671875 0.16111111111111112
0 0.51953125 0.4409722222222222 0.08203125 0.15416666666666667
0 0.891796875 0.8777777777777778 0.0859375 0.1597222222222222
0 0.81875 0.8416666666666667 0.0875 0.1625
0 0.563671875 0.052083333333333336 0.06015625 0.10416666666666667
0 0.26171875 0.6298611111111111 0.11796875 0.21944444444444444
0 0.925390625 0.7395833333333334 0.07109375 0.13194444444444445
0 0.345703125 0.3055555555555556 0.09453125 0.1763888888888889
0 0.51953125 0.1638888888888889 0.06640625 0.12361111111111112
0 0.108203125 0.08263888888888889 0.11171875 0.16527777777777777
0 0.67421875 0.4791666666666667 0.06796875 0.12777777777777777
0 0.500390625 0.8909722222222223 0.1046875 0.19583333333333333
0 0.885546875 0.9611111111111111 0.08984375 0.07777777777777778
0 0.4765625 0.2125 0.075 0.14166666666666666
0 0.823046875 0.45902777777777776 0.06328125 0.12083333333333333
0 0.382421875 0.8791666666666667 0.08671875 0.16111111111111112
0 0.583203125 0.40694444444444444 0.08515625 0.1597222222222222
0 0.453125 0.7083333333333334 0.08125 0.1527777777777778
0 0.962109375 0.8819444444444444 0.05859375 0.1125
0 0.7421875 0.2743055555555556 0.05234375 0.09722222222222222
0 0.38984375 0.21666666666666667 0.06875 0.12777777777777777
0 0.0453125 0.4111111111111111 0.06796875 0.11805555555555555
0 0.307421875 0.1451388888888889 0.0390625 0.07083333333333333
0 0.5921875 0.11458333333333333 0.0640625 0.12083333333333333
0 0.693359375 0.1763888888888889 0.03828125 0.07083333333333333
0 0.629296875 0.20694444444444443 0.0671875 0.12777777777777777
0 0.612890625 0.15625 0.06171875 0.11666666666666667
0 0.934375 0.6659722222222222 0.06328125 0.11805555555555555
0 0.818359375 0.3701388888888889 0.0390625 0.07222222222222222
0 0.27578125 0.19583333333333333 0.08828125 0.1638888888888889
0 0.26171875 0.14791666666666667 0.078125 0.14722222222222223
0 0.786328125 0.32430555555555557 0.0421875 0.07777777777777778
0 0.755078125 0.28541666666666665 0.05 0.09166666666666666
0 0.302734375 0.225 0.07421875 0.1388888888888889
0 0.778125 0.35694444444444445 0.034375 0.06388888888888888
0 0.804296875 0.3909722222222222 0.0453125 0.08333333333333333
0 0.76953125 0.3013888888888889 0.0421875 0.07777777777777778