0 0.581640625 0.50625 0.07578125 0.17083333333333334
0 0.873046875 0.04236111111111111 0.07578125 0.08472222222222223
0 0.462109375 0.4013888888888889 0.06875 0.15138888888888888
0 0.93671875 0.5131944444444444 0.10078125 0.21805555555555556
0 0.503515625 0.1701388888888889 0.05234375 0.11388888888888889
0 0.66015625 0.7409722222222223 0.078125 0.1763888888888889
0 0.497265625 0.9590277777777778 0.09296875 0.08194444444444444
0 0.88359375 0.36527777777777776 0.084375 0.18194444444444444
0 0.6140625 0.7263888888888889 0.075 0.1763888888888889
0 0.731640625 0.7444444444444445 0.09609375 0.20694444444444443
0 0.294921875 0.25277777777777777 0.053125 0.12361111111111112
0 0.819921875 0.125 0.07109375 0.15833333333333333
0 0.0953125 0.9243055555555556 0.0921875 0.15138888888888888
0 0.562109375 0.23541666666666666 0.06328125 0.14444444444444443
0 0.476171875 0.2916666666666667 0.07421875 0.16805555555555557
0 0.034765625 0.4840277777777778 0.05390625 0.1125
0 0.490625 0.03194444444444444 0.05 0.06388888888888888
0 0.47890625 0.04097222222222222 0.053125 0.08194444444444444
0 0.35390625 0.4861111111111111 0.07578125 0.17083333333333334
0 0.45234375 0.010416666666666666 0.0359375 0.020833333333333332
0 0.023046875 0.5708333333333333 0.04609375 0.12777777777777777
0 0.346484375 0.37777777777777777 0.06171875 0.14027777777777778
0 0.333203125 0.6333333333333333 0.08359375 0.18194444444444444
0 0.39296875 0.08472222222222223 0.040625 0.09166666666666666
0 0.330859375 0.20972222222222223 0.0546875 0.12638888888888888
0 0.384375 0.16319444444444445 0.05625 0.12916666666666668
0 0.360546875 0.18888888888888888 0.05546875 0.12638888888888888
0 0.29921875 0.5319444444444444 0.059375 0.11944444444444445
0 0.052734375 0.4 0.05078125 0.09444444444444444
0 0.24609375 0.6930555555555555 0.0359375 0.07083333333333333
0 0.23125 0.76875 0.06953125 0.15833333333333333
0 0.2578125 0.7618055555555555 0.0828125 0.1763888888888889
0 0.155859375 0.2777777777777778 0.02890625 0.04861111111111111
0 0.28671875 0.7256944444444444 0.07421875 0.15555555555555556
0 0.169140625 0.2534722222222222 0.01953125 0.02638888888888889