0 0.521484375 0.12638888888888888 0.07421875 0.13472222222222222
0 0.426171875 0.17291666666666666 0.06640625 0.12083333333333333
0 0.678125 0.7840277777777778 0.09140625 0.16527777777777777
0 0.03671875 0.8194444444444444 0.06640625 0.11944444444444445
0 0.34296875 0.2013888888888889 0.06640625 0.12083333333333333
0 0.459375 0.9805555555555555 0.09375 0.03888888888888889
0 0.5265625 0.8006944444444445 0.09140625 0.16666666666666666
0 0.366015625 0.16666666666666666 0.05390625 0.09861111111111111
0 0.451953125 0.43194444444444446 0.08203125 0.1486111111111111
0 0.630859375 0.6361111111111111 0.11640625 0.2111111111111111
0 0.3140625 0.16041666666666668 0.03828125 0.06805555555555555
0 0.665234375 0.41805555555555557 0.08125 0.1486111111111111
0 0.287109375 0.20208333333333334 0.03359375 0.059722222222222225
0 0.358203125 0.5381944444444444 0.0984375 0.17777777777777778
0 0.26953125 0.2298611111111111 0.0328125 0.058333333333333334
0 0.44765625 0.27361111111111114 0.0609375 0.1125
0 0.42734375 0.009027777777777777 0.0421875 0.018055555555555554
0 0.2375 0.28055555555555556 0.02890625 0.05138888888888889
0 0.868359375 0.5340277777777778 0.05703125 0.1
0 0.09296875 0.7166666666666667 0.075 0.1361111111111111
0 0.45 0.01875 0.0625 0.0375
0 0.23046875 0.3263888888888889 0.05546875 0.1
0 0.3015625 0.8555555555555555 0.0890625 0.16111111111111112
0 0.40390625 0.03611111111111111 0.05 0.07222222222222222
0 0.2859375 0.7840277777777778 0.0453125 0.08055555555555556
0 0.007421875 0.6652777777777777 0.01484375 0.05
0 0.226953125 0.35555555555555557 0.05390625 0.1
0 0.32265625 0.8125 0.07734375 0.14027777777777778
0 0.27421875 0.88125 0.078125 0.14305555555555555