0 0.5921875 0.2520833333333333 0.03046875 0.1125
0 0.49296875 0.4305555555555556 0.0375 0.14722222222222223
0 0.5671875 0.5145833333333333 0.040625 0.1527777777777778
0 0.93515625 0.32569444444444445 0.0421875 0.1486111111111111
0 0.0796875 0.9090277777777778 0.05703125 0.17916666666666667
0 0.38125 0.08541666666666667 0.02421875 0.11527777777777778
0 0.909765625 0.1840277777777778 0.034375 0.11944444444444445
0 0.391015625 0.22708333333333333 0.03203125 0.11666666666666667
0 0.901953125 0.8 0.059375 0.17777777777777778
0 0.643359375 0.7993055555555556 0.05 0.18055555555555555
0 0.312109375 0.5319444444444444 0.04765625 0.1638888888888889
0 0.623046875 0.28194444444444444 0.03125 0.125
0 0.868359375 0.3888888888888889 0.0421875 0.14583333333333334
0 0.52890625 0.3326388888888889 0.03828125 0.14722222222222223
0 0.369921875 0.88125 0.053125 0.19305555555555556
0 0.041796875 0.6256944444444444 0.06328125 0.18472222222222223
0 0.976953125 0.42986111111111114 0.04609375 0.1486111111111111
0 0.904296875 0.9326388888888889 0.06171875 0.12777777777777777
0 0.552734375 0.91875 0.04140625 0.1486111111111111
0 0.72890625 0.09166666666666666 0.02265625 0.12916666666666668
0 0.376171875 0.3125 0.03203125 0.1375
0 0.3125 0.4111111111111111 0.03359375 0.1125
0 0.98984375 0.24722222222222223 0.0203125 0.12222222222222222
0 0.541015625 0.7104166666666667 0.0328125 0.14583333333333334
0 0.599609375 0.04722222222222222 0.02421875 0.09166666666666666
0 0.1234375 0.09375 0.03359375 0.09027777777777778
0 0.124609375 0.9597222222222223 0.0546875 0.08055555555555556
0 0.526171875 0.030555555555555555 0.02265625 0.06111111111111111
0 0.488671875 0.12916666666666668 0.02578125 0.12361111111111112
0 0.12890625 0.04375 0.02890625 0.08472222222222223
0 0.0578125 0.15763888888888888 0.03125 0.12083333333333333
0 0.42890625 0.10138888888888889 0.0265625 0.11805555555555555
0 0.88515625 0.12361111111111112 0.02578125 0.10277777777777777
0 0.223828125 0.45694444444444443 0.025 0.05555555555555555
0 0.458203125 0.10833333333333334 0.025 0.11527777777777778
0 0.21875 0.53125 0.04296875 0.1527777777777778
0 0.69296875 0.03125 0.0203125 0.0625
0 0.9859375 0.013194444444444444 0.02578125 0.02638888888888889
0 0.651171875 0.03333333333333333 0.0234375 0.06666666666666667
0 0.190234375 0.5118055555555555 0.03515625 0.14166666666666666
0 0.945703125 0.011805555555555555 0.021875 0.02361111111111111
0 0.249609375 0.5222222222222223 0.03515625 0.13055555555555556
0 0.629296875 0.03680555555555556 0.0203125 0.07083333333333333
0 0.6578125 0.06875 0.01796875 0.05694444444444444
0 0.6171875 0.04236111111111111 0.03125 0.08472222222222223
0 0.005078125 0.925 0.009375 0.13472222222222222