0 0.5828125 0.14583333333333334 0.0265625 0.09722222222222222
0 0.935546875 0.5729166666666666 0.04609375 0.1736111111111111
0 0.82265625 0.6597222222222222 0.046875 0.15694444444444444
0 0.812109375 0.5152777777777777 0.04140625 0.15833333333333333
0 0.49765625 0.29791666666666666 0.03125 0.125
0 0.13203125 0.6166666666666667 0.04765625 0.16666666666666666
0 0.181640625 0.043055555555555555 0.025 0.08472222222222223
0 0.97421875 0.27361111111111114 0.034375 0.12916666666666668
0 0.61953125 0.41597222222222224 0.03203125 0.12777777777777777
0 0.227734375 0.03263888888888889 0.0359375 0.06527777777777778
0 0.379296875 0.19305555555555556 0.03046875 0.13194444444444445
0 0.58671875 0.7541666666666667 0.04375 0.19305555555555556
0 0.6671875 0.7527777777777778 0.04140625 0.15833333333333333
0 0.405078125 0.36319444444444443 0.03203125 0.1375
0 0.569921875 0.9680555555555556 0.03671875 0.06388888888888888
0 0.89453125 0.1125 0.0328125 0.12083333333333333
0 0.372265625 0.4979166666666667 0.0359375 0.1597222222222222
0 0.923828125 0.28402777777777777 0.03984375 0.14444444444444443
0 0.620703125 0.12777777777777777 0.034375 0.11388888888888889
0 0.0859375 0.8694444444444445 0.06015625 0.1986111111111111
0 0.72890625 0.09722222222222222 0.02265625 0.13055555555555556
0 0.45234375 0.11527777777777778 0.0265625 0.11944444444444445
0 0.058203125 0.16944444444444445 0.0328125 0.12222222222222222
0 0.53359375 0.21805555555555556 0.03828125 0.14583333333333334
0 0.953515625 0.02013888888888889 0.02109375 0.04027777777777778
0 0.48671875 0.06319444444444444 0.02578125 0.11666666666666667
0 0.683984375 0.04791666666666667 0.021875 0.09305555555555556
0 0.316015625 0.3819444444444444 0.0546875 0.15416666666666667
0 0.147265625 0.018055555555555554 0.0234375 0.03611111111111111
0 0.921484375 0.19444444444444445 0.03671875 0.12083333333333333
0 0.314453125 0.2861111111111111 0.0359375 0.09027777777777778
0 0.7171875 0.04791666666666667 0.0265625 0.09583333333333334
0 0.4984375 0.08611111111111111 0.02109375 0.10416666666666667
0 0.664453125 0.07152777777777777 0.02109375 0.06944444444444445
0 0.01015625 0.11875 0.01953125 0.09861111111111111
0 0.848828125 0.08472222222222223 0.01953125 0.10277777777777777
0 0.398828125 0.018055555555555554 0.0265625 0.03611111111111111
0 0.495703125 0.017361111111111112 0.02890625 0.034722222222222224
0 0.190234375 0.5194444444444445 0.03515625 0.14305555555555555
0 0.22421875 0.4701388888888889 0.025 0.05694444444444444
0 0.6328125 0.11319444444444444 0.02578125 0.12916666666666668
0 0.86484375 0.07916666666666666 0.025 0.10416666666666667
0 0.428125 0.10902777777777778 0.028125 0.12222222222222222
0 0.21953125 0.5381944444444444 0.04296875 0.1527777777777778
0 0.9921875 0.16597222222222222 0.015625 0.10694444444444444
0 0.25078125 0.525 0.0390625 0.13472222222222222