0 0.593359375 0.2326388888888889 0.0265625 0.10416666666666667
0 0.493359375 0.4111111111111111 0.0375 0.1375
0 0.891796875 0.7631944444444444 0.05234375 0.17083333333333334
0 0.567578125 0.5395833333333333 0.03984375 0.15555555555555556
0 0.939453125 0.30416666666666664 0.0390625 0.1388888888888889
0 0.8984375 0.9131944444444444 0.059375 0.16805555555555557
0 0.561328125 0.90625 0.04453125 0.16666666666666666
0 0.391796875 0.2388888888888889 0.03125 0.12361111111111112
0 0.9734375 0.4097222222222222 0.04921875 0.14583333333333334
0 0.083203125 0.8798611111111111 0.053125 0.19166666666666668
0 0.64296875 0.85625 0.05078125 0.20277777777777778
0 0.625390625 0.29375 0.03203125 0.12777777777777777
0 0.873828125 0.40902777777777777 0.03828125 0.15555555555555556
0 0.380859375 0.09097222222222222 0.02421875 0.11388888888888889
0 0.531640625 0.32013888888888886 0.03984375 0.15416666666666667
0 0.371484375 0.8993055555555556 0.05703125 0.19583333333333333
0 0.033203125 0.60625 0.06328125 0.16666666666666666
0 0.909765625 0.17847222222222223 0.03515625 0.11666666666666667
0 0.73046875 0.09305555555555556 0.0234375 0.12777777777777777
0 0.121875 0.9458333333333333 0.05625 0.10833333333333334
0 0.607421875 0.052083333333333336 0.0328125 0.10277777777777777
0 0.374609375 0.3347222222222222 0.0328125 0.14444444444444443
0 0.312109375 0.5131944444444444 0.0453125 0.15138888888888888
0 0.989453125 0.23819444444444443 0.02109375 0.11388888888888889
0 0.48828125 0.11875 0.02578125 0.11666666666666667
0 0.130078125 0.043055555555555555 0.02890625 0.08333333333333333
0 0.540234375 0.7395833333333334 0.034375 0.16111111111111112
0 0.05859375 0.16041666666666668 0.028125 0.12361111111111112
0 0.691796875 0.04791666666666667 0.02265625 0.09583333333333334
0 0.1109375 0.09652777777777778 0.02734375 0.09583333333333334
0 0.22421875 0.4576388888888889 0.02421875 0.05694444444444444
0 0.520703125 0.034722222222222224 0.02109375 0.06944444444444445
0 0.428125 0.10347222222222222 0.02578125 0.11666666666666667
0 0.316015625 0.3972222222222222 0.03515625 0.12916666666666668
0 0.878125 0.11805555555555555 0.025 0.10416666666666667
0 0.94765625 0.011805555555555555 0.02265625 0.02361111111111111
0 0.45859375 0.10972222222222222 0.02578125 0.11527777777777778
0 0.190625 0.5131944444444444 0.034375 0.14444444444444443
0 0.9046875 0.10902777777777778 0.03203125 0.10138888888888889
0 0.21796875 0.5319444444444444 0.04453125 0.1527777777777778
0 0.63125 0.0375 0.0171875 0.06944444444444445
0 0.65234375 0.034722222222222224 0.02421875 0.06944444444444445
0 0.251171875 0.5236111111111111 0.04453125 0.13472222222222222
0 0.66015625 0.05 0.015625 0.09166666666666666
0 0.274609375 0.009722222222222222 0.0265625 0.019444444444444445
0 0.007421875 0.9583333333333334 0.01484375 0.08333333333333333