0 0.460546875 0.4083333333333333 0.0703125 0.14722222222222223
0 0.578125 0.49166666666666664 0.078125 0.16666666666666666
0 0.865234375 0.027083333333333334 0.08046875 0.05416666666666667
0 0.807421875 0.09097222222222222 0.075 0.16111111111111112
0 0.939453125 0.4777777777777778 0.10390625 0.2152777777777778
0 0.667578125 0.7354166666666667 0.084375 0.17916666666666667
0 0.4953125 0.17222222222222222 0.05234375 0.1125
0 0.61640625 0.7020833333333333 0.0734375 0.1625
0 0.510546875 0.9548611111111112 0.09609375 0.09027777777777778
0 0.884765625 0.3388888888888889 0.09296875 0.19583333333333333
0 0.115625 0.9486111111111111 0.0984375 0.10277777777777777
0 0.73984375 0.7173611111111111 0.1 0.20972222222222223
0 0.28671875 0.2722222222222222 0.05546875 0.12361111111111112
0 0.469140625 0.043055555555555555 0.06484375 0.08611111111111111
0 0.03828125 0.5229166666666667 0.0609375 0.11805555555555555
0 0.557421875 0.22361111111111112 0.065625 0.14305555555555555
0 0.471484375 0.29791666666666666 0.0765625 0.16527777777777777
0 0.351953125 0.49722222222222223 0.0765625 0.16666666666666666
0 0.02578125 0.6097222222222223 0.0515625 0.12777777777777777
0 0.340234375 0.39305555555555555 0.065625 0.14305555555555555
0 0.339453125 0.6611111111111111 0.0859375 0.18194444444444444
0 0.38203125 0.09305555555555556 0.0421875 0.08888888888888889
0 0.322265625 0.2263888888888889 0.05625 0.12361111111111112
0 0.05 0.44375 0.0515625 0.09583333333333334
0 0.3515625 0.20208333333333334 0.0578125 0.125
0 0.375 0.17708333333333334 0.059375 0.12916666666666668
0 0.43984375 0.0125 0.0375 0.025
0 0.251953125 0.7152777777777778 0.03671875 0.07083333333333333
0 0.304296875 0.5583333333333333 0.0625 0.12638888888888888
0 0.239453125 0.79375 0.071875 0.15833333333333333
0 0.26640625 0.7833333333333333 0.08359375 0.1736111111111111
0 0.152734375 0.30833333333333335 0.03125 0.05277777777777778
0 0.293359375 0.7451388888888889 0.07578125 0.15416666666666667
0 0.471484375 0.022916666666666665 0.04609375 0.04583333333333333