0 0.5515625 0.28125 0.06875 0.12777777777777777
0 0.8609375 0.03263888888888889 0.1 0.06527777777777778
0 0.487890625 0.28958333333333336 0.075 0.14027777777777778
0 0.623046875 0.2951388888888889 0.0875 0.1638888888888889
0 0.2765625 0.40069444444444446 0.06640625 0.12638888888888888
0 0.391796875 0.3125 0.06640625 0.125
0 0.440625 0.7020833333333333 0.10546875 0.19722222222222222
0 0.464453125 0.10555555555555556 0.0625 0.11666666666666667
0 0.437890625 0.9159722222222222 0.09609375 0.16805555555555557
0 0.266015625 0.32916666666666666 0.059375 0.1125
0 0.293359375 0.24375 0.06171875 0.11666666666666667
0 0.544921875 0.5916666666666667 0.08671875 0.1625
0 0.32734375 0.14583333333333334 0.0421875 0.07777777777777778
0 0.3515625 0.10625 0.0375 0.06944444444444445
0 0.52578125 0.4125 0.0703125 0.13333333333333333
0 0.501953125 0.48055555555555557 0.090625 0.16805555555555557
0 0.373046875 0.8076388888888889 0.08359375 0.15694444444444444
0 0.1453125 0.4756944444444444 0.0578125 0.10694444444444444
0 0.0359375 0.7645833333333333 0.0671875 0.125
0 0.30859375 0.21736111111111112 0.065625 0.12361111111111112
0 0.066015625 0.6298611111111111 0.07578125 0.14166666666666666
0 0.295703125 0.8430555555555556 0.0890625 0.16666666666666666
0 0.2671875 0.8631944444444445 0.0796875 0.15
0 0.2734375 0.7819444444444444 0.0421875 0.07777777777777778
0 0.234765625 0.2673611111111111 0.0234375 0.041666666666666664
0 0.31640625 0.8013888888888889 0.0765625 0.14305555555555555