0 0.81171875 0.5159722222222223 0.0421875 0.15694444444444444
0 0.5828125 0.14444444444444443 0.02578125 0.09861111111111111
0 0.828125 0.6604166666666667 0.04765625 0.1597222222222222
0 0.936328125 0.5729166666666666 0.04453125 0.1736111111111111
0 0.497265625 0.29583333333333334 0.03125 0.125
0 0.97265625 0.27152777777777776 0.03515625 0.13194444444444445
0 0.379296875 0.1951388888888889 0.0296875 0.13055555555555556
0 0.588671875 0.7583333333333333 0.0453125 0.19027777777777777
0 0.619140625 0.41944444444444445 0.03359375 0.13194444444444445
0 0.13203125 0.6152777777777778 0.04765625 0.16944444444444445
0 0.669921875 0.7513888888888889 0.04296875 0.15555555555555556
0 0.228125 0.03333333333333333 0.03828125 0.06666666666666667
0 0.18046875 0.04236111111111111 0.02578125 0.08194444444444444
0 0.892578125 0.10972222222222222 0.03515625 0.12222222222222222
0 0.621875 0.12916666666666668 0.03671875 0.11527777777777778
0 0.372265625 0.5027777777777778 0.03671875 0.16111111111111112
0 0.5328125 0.21805555555555556 0.03515625 0.14027777777777778
0 0.085546875 0.86875 0.06171875 0.19722222222222222
0 0.9203125 0.28125 0.03984375 0.14305555555555555
0 0.405078125 0.3645833333333333 0.03203125 0.13472222222222222
0 0.56875 0.9694444444444444 0.04140625 0.06111111111111111
0 0.4515625 0.11527777777777778 0.02578125 0.11944444444444445
0 0.729296875 0.09444444444444444 0.02265625 0.13472222222222222
0 0.925 0.18819444444444444 0.03671875 0.11805555555555555
0 0.95390625 0.02013888888888889 0.02109375 0.04027777777777778
0 0.058203125 0.16944444444444445 0.03359375 0.12361111111111112
0 0.684375 0.04791666666666667 0.021875 0.09305555555555556
0 0.31640625 0.38125 0.0546875 0.15416666666666667
0 0.48828125 0.06388888888888888 0.02734375 0.12222222222222222
0 0.4984375 0.08958333333333333 0.02109375 0.09722222222222222
0 0.398046875 0.018055555555555554 0.02890625 0.03611111111111111
0 0.147265625 0.018055555555555554 0.02421875 0.03611111111111111
0 0.314453125 0.2826388888888889 0.034375 0.08611111111111111
0 0.426953125 0.10972222222222222 0.02734375 0.11944444444444445
0 0.40546875 0.32708333333333334 0.03125 0.05555555555555555
0 0.008203125 0.11736111111111111 0.01640625 0.10138888888888889
0 0.864453125 0.08055555555555556 0.02734375 0.10694444444444444
0 0.664453125 0.07222222222222222 0.02109375 0.06805555555555555
0 0.718359375 0.04791666666666667 0.0265625 0.09583333333333334
0 0.21953125 0.5381944444444444 0.04296875 0.1527777777777778
0 0.18984375 0.51875 0.03515625 0.14305555555555555
0 0.9921875 0.16597222222222222 0.015625 0.10555555555555556
0 0.224609375 0.46944444444444444 0.02421875 0.05694444444444444
0 0.848046875 0.08263888888888889 0.01953125 0.10277777777777777
0 0.493359375 0.01597222222222222 0.02890625 0.03194444444444444
0 0.6328125 0.11458333333333333 0.02421875 0.125
0 0.25078125 0.525 0.0390625 0.13472222222222222