0 0.6328125 0.2548611111111111 0.0515625 0.15
0 0.44375 0.0763888888888889 0.04140625 0.1125
0 0.353515625 0.9743055555555555 0.06953125 0.05138888888888889
0 0.558984375 0.8284722222222223 0.0703125 0.1986111111111111
0 0.462109375 0.8819444444444444 0.06796875 0.18888888888888888
0 0.533203125 0.19722222222222222 0.0453125 0.13333333333333333
0 0.910546875 0.2125 0.06171875 0.15416666666666667
0 0.137890625 0.9291666666666667 0.07421875 0.14166666666666666
0 0.743359375 0.049305555555555554 0.04609375 0.09861111111111111
0 0.555859375 0.6423611111111112 0.06953125 0.1986111111111111
0 0.320703125 0.13472222222222222 0.04140625 0.12638888888888888
0 0.465234375 0.35347222222222224 0.05078125 0.15416666666666667
0 0.647265625 0.50625 0.05 0.14027777777777778
0 0.310546875 0.8576388888888888 0.0625 0.16944444444444445
0 0.590234375 0.05347222222222222 0.04453125 0.10694444444444444
0 0.4765625 0.06597222222222222 0.0328125 0.10138888888888889
0 0.366796875 0.47152777777777777 0.07109375 0.19027777777777777
0 0.3796875 0.07361111111111111 0.03515625 0.08055555555555556
0 0.52421875 0.3013888888888889 0.03828125 0.12777777777777777
0 0.671484375 0.03263888888888889 0.03515625 0.06527777777777778
0 0.9375 0.05486111111111111 0.046875 0.10972222222222222
0 0.3328125 0.09166666666666666 0.03515625 0.07916666666666666
0 0.91328125 0.058333333333333334 0.046875 0.11666666666666667
0 0.276171875 0.14791666666666667 0.040625 0.10416666666666667
0 0.087890625 0.3076388888888889 0.0546875 0.14166666666666666
0 0.399609375 0.06458333333333334 0.03359375 0.07916666666666666
0 0.01484375 0.36736111111111114 0.0296875 0.12083333333333333
0 0.426171875 0.03888888888888889 0.02734375 0.05
0 0.228515625 0.6354166666666666 0.0625 0.1638888888888889
0 0.544921875 0.022222222222222223 0.03359375 0.044444444444444446
0 0.231640625 0.5548611111111111 0.03046875 0.06666666666666667
0 0.259375 0.6111111111111112 0.05546875 0.1486111111111111
0 0.197265625 0.6277777777777778 0.04921875 0.14583333333333334
0 0.533203125 0.027083333333333334 0.02578125 0.05416666666666667