0 0.581640625 0.5111111111111111 0.0765625 0.15416666666666667
0 0.340234375 0.26944444444444443 0.07265625 0.14305555555555555
0 0.4890625 0.49722222222222223 0.07734375 0.15138888888888888
0 0.648046875 0.4618055555555556 0.0578125 0.11527777777777778
0 0.883203125 0.8993055555555556 0.0875 0.17083333333333334
0 0.090234375 0.22569444444444445 0.10078125 0.19583333333333333
0 0.60390625 0.22916666666666666 0.0609375 0.12361111111111112
0 0.58359375 0.7798611111111111 0.08984375 0.17777777777777778
0 0.32421875 0.5451388888888888 0.115625 0.2263888888888889
0 0.294140625 0.38472222222222224 0.090625 0.17777777777777778
0 0.508984375 0.6125 0.071875 0.14583333333333334
0 0.5828125 0.09583333333333334 0.059375 0.11805555555555555
0 0.83671875 0.7097222222222223 0.0765625 0.15
0 0.603125 0.12986111111111112 0.06328125 0.12638888888888888
0 0.545703125 0.43680555555555556 0.08671875 0.17222222222222222
0 0.732421875 0.21736111111111112 0.03515625 0.06527777777777778
0 0.52265625 0.10833333333333334 0.0609375 0.12222222222222222
0 0.48671875 0.15763888888888888 0.06953125 0.1388888888888889
0 0.82265625 0.41805555555555557 0.05859375 0.12222222222222222
0 0.78984375 0.31805555555555554 0.0453125 0.09027777777777778
0 0.556640625 0.02361111111111111 0.04609375 0.04722222222222222
0 0.688671875 0.39861111111111114 0.05546875 0.10833333333333334
0 0.24921875 0.17569444444444443 0.07421875 0.1486111111111111
0 0.83359375 0.34305555555555556 0.0296875 0.05138888888888889
0 0.294921875 0.24375 0.06875 0.1375
0 0.267578125 0.22361111111111112 0.08359375 0.1638888888888889
0 0.29296875 0.16666666666666666 0.040625 0.075
0 0.664453125 0.11597222222222223 0.0265625 0.04722222222222222
0 0.766796875 0.2847222222222222 0.0515625 0.09861111111111111
0 0.699609375 0.15833333333333333 0.021875 0.03888888888888889
0 0.95859375 0.8722222222222222 0.05 0.10416666666666667
0 0.966015625 0.6673611111111111 0.05546875 0.10972222222222222
0 0.930859375 0.7055555555555556 0.0546875 0.09861111111111111
0 0.752734375 0.2569444444444444 0.0453125 0.08472222222222223
0 0.905859375 0.75 0.04296875 0.08194444444444444
0 0.952734375 0.65 0.05078125 0.1
0 0.68046875 0.13402777777777777 0.02265625 0.04027777777777778
0 0.75 0.24166666666666667 0.034375 0.06527777777777778