0 0.78671875 0.5256944444444445 0.04140625 0.15138888888888888
0 0.778125 0.38263888888888886 0.0375 0.14166666666666666
0 0.916796875 0.13055555555555556 0.0328125 0.10277777777777777
0 0.759375 0.7361111111111112 0.06015625 0.1736111111111111
0 0.61171875 0.5125 0.03984375 0.1361111111111111
0 0.62265625 0.9215277777777777 0.0515625 0.15694444444444444
0 0.578515625 0.09791666666666667 0.02265625 0.09305555555555556
0 0.64140625 0.1736111111111111 0.02890625 0.12361111111111112
0 0.4984375 0.23541666666666666 0.03046875 0.125
0 0.126171875 0.08472222222222223 0.03046875 0.11805555555555555
0 0.887890625 0.06805555555555555 0.03203125 0.11666666666666667
0 0.147265625 0.49375 0.040625 0.15694444444444444
0 0.90078125 0.21597222222222223 0.03984375 0.12777777777777777
0 0.691796875 0.05347222222222222 0.0234375 0.09305555555555556
0 0.412890625 0.46875 0.034375 0.14305555555555555
0 0.371484375 0.6541666666666667 0.040625 0.16805555555555557
0 0.388671875 0.044444444444444446 0.02734375 0.0875
0 0.530859375 0.16944444444444445 0.0359375 0.14027777777777778
0 0.0453125 0.8208333333333333 0.06171875 0.17916666666666667
0 0.0609375 0.175 0.0328125 0.11944444444444445
0 0.094140625 0.018055555555555554 0.021875 0.03611111111111111
0 0.951171875 0.20416666666666666 0.03359375 0.12222222222222222
0 0.38515625 0.275 0.03046875 0.13194444444444445
0 0.20625 0.06805555555555555 0.03359375 0.10833333333333334
0 0.738671875 0.0375 0.025 0.06944444444444445
0 0.957421875 0.02361111111111111 0.02265625 0.04722222222222222
0 0.316015625 0.3263888888888889 0.04140625 0.13333333333333333
0 0.85234375 0.06736111111111111 0.02734375 0.10277777777777777
0 0.623046875 0.18819444444444444 0.025 0.11527777777777778
0 0.312109375 0.2326388888888889 0.03125 0.0763888888888889
0 0.480078125 0.1375 0.02734375 0.11805555555555555
0 0.983203125 0.7020833333333333 0.03359375 0.175
0 0.43203125 0.12986111111111112 0.03125 0.11944444444444445
0 0.4140625 0.022916666666666665 0.03203125 0.04583333333333333
0 0.454296875 0.12569444444444444 0.02734375 0.12638888888888888
0 0.484375 0.03819444444444445 0.01796875 0.075
0 0.7359375 0.11319444444444444 0.028125 0.11944444444444445
0 0.25234375 0.5340277777777778 0.0390625 0.13194444444444445
0 0.833984375 0.06666666666666667 0.02109375 0.09722222222222222
0 0.2 0.5243055555555556 0.040625 0.14444444444444443
0 0.193359375 0.017361111111111112 0.0328125 0.034722222222222224
0 0.22578125 0.47291666666666665 0.025 0.058333333333333334
0 0.218359375 0.55 0.0421875 0.1486111111111111
0 0.840625 0.06458333333333334 0.01796875 0.09583333333333334
0 0.994140625 0.13541666666666666 0.01171875 0.09305555555555556
0 0.162890625 0.007638888888888889 0.025 0.013888888888888888
0 0.74140625 0.08402777777777778 0.03203125 0.16805555555555557
0 0.6734375 0.08194444444444444 0.021875 0.0625