0 0.568359375 0.24166666666666667 0.03125 0.125
0 0.6296875 0.5138888888888888 0.0390625 0.12777777777777777
0 0.664453125 0.3548611111111111 0.034375 0.13472222222222222
0 0.27734375 0.7111111111111111 0.0421875 0.14722222222222223
0 0.501953125 0.05555555555555555 0.02890625 0.10555555555555556
0 0.51171875 0.7777777777777778 0.04765625 0.1763888888888889
0 0.421484375 0.91875 0.04921875 0.16111111111111112
0 0.8796875 0.02013888888888889 0.034375 0.04027777777777778
0 0.81015625 0.16319444444444445 0.03515625 0.12638888888888888
0 0.2984375 0.9 0.053125 0.16805555555555557
0 0.486328125 0.3076388888888889 0.028125 0.14027777777777778
0 0.3875 0.04791666666666667 0.02265625 0.09166666666666666
0 0.370703125 0.09513888888888888 0.02734375 0.12083333333333333
0 0.933203125 0.36041666666666666 0.04453125 0.14305555555555555
0 0.05703125 0.7347222222222223 0.05390625 0.1625
0 0.532421875 0.05486111111111111 0.02109375 0.09444444444444444
0 0.5484375 0.3576388888888889 0.02421875 0.125
0 0.978515625 0.2152777777777778 0.0328125 0.12638888888888888
0 0.30078125 0.06458333333333334 0.02734375 0.09444444444444444
0 0.530859375 0.6131944444444445 0.053125 0.18611111111111112
0 0.64375 0.034722222222222224 0.02265625 0.06944444444444445
0 0.9515625 0.21319444444444444 0.03125 0.11805555555555555
0 0.98359375 0.6625 0.0328125 0.16944444444444445
0 0.46015625 0.044444444444444446 0.02734375 0.08611111111111111
0 0.37890625 0.4513888888888889 0.05078125 0.19305555555555556
0 0.637109375 0.10972222222222222 0.0265625 0.1
0 0.03984375 0.16944444444444445 0.034375 0.12222222222222222
0 0.437890625 0.04513888888888889 0.02734375 0.0875
0 0.730859375 0.08333333333333333 0.02421875 0.12638888888888888
0 0.1234375 0.1284722222222222 0.0484375 0.1361111111111111
0 0.228125 0.44583333333333336 0.021875 0.058333333333333334
0 0.21796875 0.5194444444444445 0.04375 0.15555555555555556
0 0.991796875 0.025694444444444443 0.01640625 0.05138888888888889
0 0.18828125 0.49722222222222223 0.03125 0.1361111111111111
0 0.61015625 0.034722222222222224 0.025 0.06944444444444445
0 0.251171875 0.5090277777777777 0.0390625 0.1361111111111111
0 0.47734375 0.02013888888888889 0.0203125 0.04027777777777778
0 0.15078125 0.9895833333333334 0.04453125 0.020833333333333332
0 0.5953125 0.050694444444444445 0.01875 0.05416666666666667