0 0.7921875 0.5034722222222222 0.053125 0.15555555555555556
0 0.4015625 0.2111111111111111 0.040625 0.13333333333333333
0 0.790625 0.6486111111111111 0.05859375 0.175
0 0.606640625 0.13680555555555557 0.03125 0.10277777777777777
0 0.516796875 0.25625 0.03984375 0.13055555555555556
0 0.478125 0.01597222222222222 0.0375 0.03194444444444444
0 0.95859375 0.75625 0.0640625 0.1763888888888889
0 0.916796875 0.18333333333333332 0.040625 0.125
0 0.970703125 0.34305555555555556 0.04140625 0.1375
0 0.69453125 0.7888888888888889 0.0703125 0.16805555555555557
0 0.42578125 0.022916666666666665 0.034375 0.04583333333333333
0 0.573828125 0.8715277777777778 0.06015625 0.18472222222222223
0 0.92265625 0.3388888888888889 0.0515625 0.14305555555555555
0 0.190625 0.01597222222222222 0.04375 0.03194444444444444
0 0.6140625 0.49722222222222223 0.04453125 0.1375
0 0.08828125 0.06458333333333334 0.04140625 0.12916666666666668
0 0.415234375 0.3993055555555556 0.0453125 0.1486111111111111
0 0.94453125 0.2569444444444444 0.04296875 0.10833333333333334
0 0.55703125 0.1951388888888889 0.04765625 0.15
0 0.0375 0.7229166666666667 0.075 0.18611111111111112
0 0.144140625 0.4583333333333333 0.05546875 0.17777777777777778
0 0.64921875 0.19930555555555557 0.03984375 0.125
0 0.524609375 0.03680555555555556 0.02890625 0.07361111111111111
0 0.482421875 0.10694444444444444 0.03515625 0.12361111111111112
0 0.7671875 0.09583333333333334 0.028125 0.07083333333333333
0 0.665234375 0.18958333333333333 0.0375 0.14166666666666666
0 0.362890625 0.5548611111111111 0.05546875 0.18055555555555555
0 0.9875 0.13819444444444445 0.02421875 0.04583333333333333
0 0.3265625 0.30277777777777776 0.053125 0.1388888888888889
0 0.723046875 0.1 0.03203125 0.1
0 0.457421875 0.10138888888888889 0.034375 0.12638888888888888
0 0.250390625 0.01875 0.03515625 0.0375
0 0.8828125 0.16041666666666668 0.0375 0.11527777777777778
0 0.334765625 0.20625 0.03828125 0.09444444444444444
0 0.76015625 0.16319444444444445 0.0296875 0.12638888888888888
0 0.515625 0.11875 0.034375 0.10694444444444444
0 0.23125 0.39861111111111114 0.028125 0.058333333333333334
0 0.19453125 0.44583333333333336 0.0515625 0.15416666666666667
0 0.69765625 0.11944444444444445 0.02265625 0.075
0 0.870703125 0.15625 0.0265625 0.10555555555555556
0 0.214453125 0.4666666666666667 0.05859375 0.16805555555555557
0 0.24609375 0.4652777777777778 0.05703125 0.14722222222222223