0 0.965625 0.39652777777777776 0.0453125 0.15138888888888888
0 0.569140625 0.5590277777777778 0.040625 0.15416666666666667
0 0.49296875 0.3993055555555556 0.03671875 0.14444444444444443
0 0.88359375 0.7298611111111111 0.05 0.16805555555555557
0 0.88125 0.4284722222222222 0.040625 0.15833333333333333
0 0.88984375 0.8958333333333334 0.06015625 0.18888888888888888
0 0.027734375 0.5826388888888889 0.05546875 0.18888888888888888
0 0.64453125 0.8861111111111111 0.04921875 0.18472222222222223
0 0.59140625 0.22291666666666668 0.02578125 0.10416666666666667
0 0.572265625 0.8798611111111111 0.0515625 0.175
0 0.93515625 0.2881944444444444 0.03671875 0.13194444444444445
0 0.62578125 0.3076388888888889 0.03203125 0.13055555555555556
0 0.36875 0.9215277777777777 0.0625 0.15
0 0.91015625 0.16666666666666666 0.03515625 0.125
0 0.539453125 0.7652777777777777 0.03359375 0.1527777777777778
0 0.08984375 0.8368055555555556 0.059375 0.18055555555555555
0 0.381640625 0.10416666666666667 0.028125 0.11805555555555555
0 0.989453125 0.23194444444444445 0.02109375 0.11666666666666667
0 0.611328125 0.058333333333333334 0.03828125 0.1125
0 0.698828125 0.05 0.02734375 0.09861111111111111
0 0.730859375 0.09236111111111112 0.025 0.12916666666666668
0 0.373828125 0.35138888888888886 0.034375 0.1486111111111111
0 0.532421875 0.30694444444444446 0.03828125 0.14444444444444443
0 0.114453125 0.9340277777777778 0.06015625 0.13194444444444445
0 0.31328125 0.5013888888888889 0.03984375 0.15833333333333333
0 0.130078125 0.04027777777777778 0.03515625 0.07777777777777778
0 0.394140625 0.2548611111111111 0.03046875 0.12916666666666668
0 0.51796875 0.0375 0.02421875 0.075
0 0.058984375 0.15763888888888888 0.02890625 0.12083333333333333
0 0.1015625 0.09861111111111111 0.03359375 0.09861111111111111
0 0.4875 0.11319444444444444 0.02578125 0.11666666666666667
0 0.428125 0.10277777777777777 0.0265625 0.11805555555555555
0 0.315234375 0.38263888888888886 0.034375 0.11527777777777778
0 0.900390625 0.09791666666666667 0.02578125 0.09583333333333334
0 0.458984375 0.10902777777777778 0.0265625 0.11388888888888889
0 0.225 0.4583333333333333 0.0234375 0.06111111111111111
0 0.876953125 0.10833333333333334 0.021875 0.10972222222222222
0 0.21875 0.5319444444444444 0.04453125 0.15
0 0.190625 0.5131944444444444 0.034375 0.14583333333333334
0 0.991015625 0.3715277777777778 0.0171875 0.09027777777777778
0 0.95078125 0.013194444444444444 0.02109375 0.02638888888888889
0 0.262890625 0.015277777777777777 0.028125 0.030555555555555555
0 0.660546875 0.05 0.01796875 0.09861111111111111
0 0.645703125 0.03888888888888889 0.021875 0.06805555555555555
0 0.251171875 0.5222222222222223 0.04296875 0.13194444444444445