0 0.940625 0.3236111111111111 0.0421875 0.14444444444444443
0 0.576171875 0.6583333333333333 0.0421875 0.15694444444444444
0 0.58828125 0.175 0.0265625 0.09722222222222222
0 0.494140625 0.3347222222222222 0.03359375 0.13055555555555556
0 0.929296875 0.23055555555555557 0.034375 0.12777777777777777
0 0.841015625 0.5951388888888889 0.0453125 0.1638888888888889
0 0.625 0.775 0.04453125 0.15138888888888888
0 0.105078125 0.9069444444444444 0.0578125 0.16527777777777777
0 0.853515625 0.7611111111111111 0.05 0.17777777777777778
0 0.115625 0.7118055555555556 0.05078125 0.18472222222222223
0 0.91328125 0.5041666666666667 0.03828125 0.15833333333333333
0 0.554296875 0.8986111111111111 0.03828125 0.16111111111111112
0 0.9015625 0.1326388888888889 0.034375 0.12361111111111112
0 0.61875 0.09166666666666666 0.03671875 0.10972222222222222
0 0.3828125 0.15 0.02578125 0.12361111111111112
0 0.215234375 0.029166666666666667 0.0296875 0.058333333333333334
0 0.73046875 0.09791666666666667 0.02578125 0.12083333333333333
0 0.534765625 0.2548611111111111 0.03515625 0.14444444444444443
0 0.624609375 0.3715277777777778 0.0359375 0.13055555555555556
0 0.98515625 0.30625 0.0296875 0.12361111111111112
0 0.371875 0.4409722222222222 0.03984375 0.16805555555555557
0 0.320703125 0.4326388888888889 0.046875 0.15833333333333333
0 0.13984375 0.030555555555555555 0.03125 0.06111111111111111
0 0.990625 0.19583333333333333 0.01875 0.10972222222222222
0 0.19140625 0.5166666666666667 0.0328125 0.14305555555555555
0 0.48359375 0.08125 0.02734375 0.11805555555555555
0 0.407421875 0.32013888888888886 0.03671875 0.1388888888888889
0 0.459765625 0.1111111111111111 0.02890625 0.11666666666666667
0 0.955859375 0.018055555555555554 0.02890625 0.03611111111111111
0 0.71015625 0.05 0.02578125 0.09583333333333334
0 0.663671875 0.06111111111111111 0.02265625 0.08333333333333333
0 0.878515625 0.09097222222222222 0.0265625 0.1111111111111111
0 0.05390625 0.1625 0.0390625 0.14444444444444443
0 0.42890625 0.10625 0.0234375 0.11944444444444445
0 0.25390625 0.019444444444444445 0.0234375 0.03888888888888889
0 0.04140625 0.11180555555555556 0.02265625 0.09444444444444444
0 0.506640625 0.05694444444444444 0.0234375 0.10277777777777777
0 0.67578125 0.04513888888888889 0.02109375 0.08888888888888889
0 0.316796875 0.31805555555555554 0.040625 0.09583333333333334
0 0.225 0.4652777777777778 0.0265625 0.06111111111111111
0 0.85546875 0.10138888888888889 0.01796875 0.075
0 0.25234375 0.5229166666666667 0.040625 0.13055555555555556
0 0.219921875 0.5368055555555555 0.04296875 0.15138888888888888
0 0.862109375 0.09513888888888888 0.01875 0.1
0 0.5421875 0.01597222222222222 0.03359375 0.03194444444444444
0 0.99296875 0.009027777777777777 0.0140625 0.016666666666666666
0 0.65703125 0.05277777777777778 0.0171875 0.05416666666666667
0 0.630859375 0.05555555555555555 0.0265625 0.06805555555555555
0 0.00859375 0.5659722222222222 0.0171875 0.1375