0 0.83671875 0.7118055555555556 0.075 0.14583333333333334
0 0.5875 0.7701388888888889 0.08828125 0.17222222222222222
0 0.58828125 0.5027777777777778 0.0765625 0.15
0 0.65 0.4736111111111111 0.06015625 0.11666666666666667
0 0.0890625 0.2326388888888889 0.103125 0.2013888888888889
0 0.486328125 0.5041666666666667 0.0796875 0.15555555555555556
0 0.88359375 0.9166666666666666 0.08671875 0.16527777777777777
0 0.340625 0.26944444444444443 0.07265625 0.14027777777777778
0 0.327734375 0.5354166666666667 0.11875 0.22916666666666666
0 0.58984375 0.09722222222222222 0.06171875 0.12222222222222222
0 0.6046875 0.2375 0.06171875 0.12361111111111112
0 0.839453125 0.35694444444444445 0.0359375 0.059722222222222225
0 0.5609375 0.025694444444444443 0.0484375 0.05138888888888889
0 0.514453125 0.6055555555555555 0.06796875 0.1375
0 0.493359375 0.14791666666666667 0.07109375 0.1388888888888889
0 0.288671875 0.3861111111111111 0.08828125 0.17222222222222222
0 0.692578125 0.4027777777777778 0.06015625 0.11666666666666667
0 0.607421875 0.13194444444444445 0.065625 0.12916666666666668
0 0.528515625 0.10347222222222222 0.06171875 0.12222222222222222
0 0.54140625 0.44375 0.08671875 0.16944444444444445
0 0.733984375 0.21944444444444444 0.0328125 0.059722222222222225
0 0.825390625 0.425 0.0625 0.12777777777777777
0 0.790234375 0.325 0.04609375 0.09027777777777778
0 0.29921875 0.23472222222222222 0.06953125 0.1361111111111111
0 0.25234375 0.1673611111111111 0.07578125 0.1486111111111111
0 0.29765625 0.16041666666666668 0.04453125 0.08194444444444444
0 0.27265625 0.20833333333333334 0.08359375 0.1625
0 0.669140625 0.12291666666666666 0.02734375 0.04861111111111111
0 0.703515625 0.16458333333333333 0.021875 0.03888888888888889
0 0.96796875 0.6916666666666667 0.05546875 0.10694444444444444
0 0.913671875 0.7520833333333333 0.0796875 0.15138888888888888
0 0.755078125 0.26458333333333334 0.046875 0.08611111111111111
0 0.950390625 0.6708333333333333 0.05859375 0.1125
0 0.683984375 0.14097222222222222 0.0234375 0.041666666666666664
0 0.770703125 0.29097222222222224 0.04765625 0.09027777777777778
0 0.95390625 0.8916666666666667 0.053125 0.1111111111111111