0 0.661328125 0.31875 0.034375 0.1361111111111111
0 0.57109375 0.21944444444444444 0.03046875 0.12222222222222222
0 0.499609375 0.06388888888888888 0.0296875 0.10416666666666667
0 0.9359375 0.38125 0.04453125 0.14583333333333334
0 0.083984375 0.7944444444444444 0.0546875 0.18194444444444444
0 0.270703125 0.7520833333333333 0.04296875 0.14583333333333334
0 0.41640625 0.8618055555555556 0.0484375 0.17083333333333334
0 0.5140625 0.8340277777777778 0.04609375 0.1875
0 0.29375 0.9361111111111111 0.059375 0.12777777777777777
0 0.53515625 0.6583333333333333 0.046875 0.18888888888888888
0 0.640234375 0.5555555555555556 0.03203125 0.12916666666666668
0 0.485546875 0.33819444444444446 0.0328125 0.14027777777777778
0 0.9828125 0.23055555555555557 0.034375 0.11944444444444445
0 0.370703125 0.0763888888888889 0.02890625 0.11944444444444445
0 0.6453125 0.08819444444444445 0.0296875 0.12222222222222222
0 0.798046875 0.14166666666666666 0.02890625 0.125
0 0.53203125 0.06805555555555555 0.02109375 0.09861111111111111
0 0.437109375 0.0375 0.028125 0.075
0 0.3875 0.0375 0.02578125 0.075
0 0.01796875 0.02013888888888889 0.028125 0.04027777777777778
0 0.3734375 0.41944444444444445 0.0484375 0.16666666666666666
0 0.730078125 0.08333333333333333 0.0203125 0.12083333333333333
0 0.4859375 0.022916666666666665 0.0265625 0.04583333333333333
0 0.0375 0.17291666666666666 0.03125 0.1125
0 0.321484375 0.06805555555555555 0.0265625 0.09583333333333334
0 0.12265625 0.14305555555555555 0.03984375 0.13055555555555556
0 0.957421875 0.22916666666666666 0.03359375 0.10972222222222222
0 0.4578125 0.03611111111111111 0.025 0.07222222222222222
0 0.90625 0.01875 0.0265625 0.0375
0 0.643359375 0.027083333333333334 0.02265625 0.05416666666666667
0 0.548828125 0.3236111111111111 0.02265625 0.12777777777777777
0 0.610546875 0.035416666666666666 0.02421875 0.07083333333333333
0 0.99296875 0.025694444444444443 0.0140625 0.05138888888888889
0 0.21875 0.5236111111111111 0.04375 0.15
0 0.23125 0.44583333333333336 0.02265625 0.058333333333333334
0 0.992578125 0.7354166666666667 0.01484375 0.15
0 0.251171875 0.5111111111111111 0.03984375 0.1375
0 0.592578125 0.05 0.0203125 0.05555555555555555
0 0.187890625 0.5 0.03203125 0.13472222222222222
0 0.9875 0.73125 0.025 0.15694444444444444