0 0.66640625 0.14930555555555555 0.0296875 0.12638888888888888
0 0.499609375 0.1597222222222222 0.03515625 0.12083333333333333
0 0.962109375 0.5597222222222222 0.04921875 0.14305555555555555
0 0.403515625 0.56875 0.0390625 0.15138888888888888
0 0.983984375 0.15555555555555556 0.03203125 0.12361111111111112
0 0.809765625 0.8215277777777777 0.04609375 0.19027777777777777
0 0.971484375 0.08958333333333333 0.03203125 0.11944444444444445
0 0.501953125 0.5347222222222222 0.0359375 0.1527777777777778
0 0.5609375 0.08888888888888889 0.0265625 0.10972222222222222
0 0.675390625 0.88125 0.04609375 0.16111111111111112
0 0.936328125 0.09791666666666667 0.03125 0.11944444444444445
0 0.53203125 0.15555555555555556 0.025 0.10277777777777777
0 0.756640625 0.03888888888888889 0.02890625 0.07777777777777778
0 0.61015625 0.7847222222222222 0.053125 0.20972222222222223
0 0.676171875 0.02847222222222222 0.0265625 0.05694444444444444
0 0.03828125 0.16875 0.03515625 0.11527777777777778
0 0.730859375 0.08125 0.02109375 0.12222222222222222
0 0.105859375 0.24027777777777778 0.04609375 0.14444444444444443
0 0.901171875 0.12430555555555556 0.04453125 0.11666666666666667
0 0.64453125 0.03333333333333333 0.02109375 0.06666666666666667
0 0.54765625 0.9430555555555555 0.06484375 0.11388888888888889
0 0.387109375 0.24375 0.03515625 0.15416666666666667
0 0.610546875 0.03611111111111111 0.02421875 0.07222222222222222
0 0.551171875 0.17291666666666666 0.021875 0.10416666666666667
0 0.0203125 0.6180555555555556 0.040625 0.17777777777777778
0 0.508984375 0.05555555555555555 0.0296875 0.10833333333333334
0 0.5921875 0.04513888888888889 0.01875 0.06944444444444445
0 0.77734375 0.975 0.04921875 0.05
0 0.250390625 0.5131944444444444 0.0328125 0.12638888888888888
0 0.991796875 0.3326388888888889 0.01640625 0.09722222222222222
0 0.43984375 0.06319444444444444 0.02109375 0.09444444444444444
0 0.011328125 0.3333333333333333 0.021875 0.12777777777777777
0 0.218359375 0.5194444444444445 0.0421875 0.15416666666666667
0 0.1890625 0.4951388888888889 0.03984375 0.15416666666666667
0 0.520703125 0.01875 0.01875 0.0375
0 0.375 0.011805555555555555 0.02109375 0.02361111111111111
0 0.587890625 0.04097222222222222 0.01796875 0.06944444444444445
0 0.49609375 0.018055555555555554 0.01640625 0.03611111111111111
0 0.433984375 0.06319444444444444 0.01640625 0.09305555555555556
0 0.99375 0.24097222222222223 0.0125 0.07777777777777778
0 0.165625 0.011111111111111112 0.02890625 0.020833333333333332
0 0.227734375 0.45069444444444445 0.01953125 0.04722222222222222