0 0.567578125 0.4361111111111111 0.03671875 0.14166666666666666
0 0.38671875 0.17430555555555555 0.028125 0.10694444444444444
0 0.4921875 0.4909722222222222 0.03828125 0.14305555555555555
0 0.601953125 0.2923611111111111 0.03125 0.1125
0 0.845703125 0.32569444444444445 0.03671875 0.1361111111111111
0 0.655859375 0.6625 0.04453125 0.1486111111111111
0 0.941015625 0.38055555555555554 0.04453125 0.15
0 0.9609375 0.9381944444444444 0.0640625 0.12361111111111112
0 0.3 0.4666666666666667 0.03359375 0.12083333333333333
0 0.590234375 0.030555555555555555 0.0234375 0.06111111111111111
0 0.374609375 0.2513888888888889 0.03046875 0.13333333333333333
0 0.48984375 0.1638888888888889 0.0234375 0.12638888888888888
0 0.730078125 0.09027777777777778 0.01953125 0.12361111111111112
0 0.543359375 0.6104166666666667 0.02890625 0.14722222222222223
0 0.30234375 0.6055555555555555 0.04921875 0.15833333333333333
0 0.518359375 0.3840277777777778 0.03828125 0.15694444444444444
0 0.076171875 0.7013888888888888 0.0625 0.18611111111111112
0 0.42734375 0.09027777777777778 0.02265625 0.11805555555555555
0 0.6171875 0.23472222222222222 0.03125 0.11388888888888889
0 0.45703125 0.09513888888888888 0.0265625 0.11805555555555555
0 0.37890625 0.75 0.05078125 0.20694444444444443
0 0.678515625 0.04652777777777778 0.03046875 0.09027777777777778
0 0.37890625 0.050694444444444445 0.021875 0.09583333333333334
0 0.16875 0.08263888888888889 0.03515625 0.09444444444444444
0 0.124609375 0.05625 0.02890625 0.10972222222222222
0 0.0515625 0.15833333333333333 0.03125 0.12222222222222222
0 0.5203125 0.9777777777777777 0.04921875 0.044444444444444446
0 0.608984375 0.024305555555555556 0.021875 0.04861111111111111
0 0.18984375 0.5097222222222222 0.03515625 0.1388888888888889
0 0.991015625 0.2861111111111111 0.01796875 0.11805555555555555
0 0.219921875 0.5277777777777778 0.03984375 0.1486111111111111
0 0.6453125 0.03680555555555556 0.02421875 0.07361111111111111
0 0.99375 0.020833333333333332 0.0125 0.041666666666666664
0 0.24921875 0.5173611111111112 0.03125 0.13472222222222222
0 0.92734375 0.12152777777777778 0.025 0.07916666666666666
0 0.9078125 0.22152777777777777 0.03828125 0.13472222222222222
0 0.222265625 0.45694444444444443 0.02578125 0.05694444444444444
0 0.945703125 0.010416666666666666 0.0171875 0.020833333333333332
0 0.051953125 0.9888888888888889 0.04609375 0.022222222222222223
0 0.69765625 0.01597222222222222 0.03125 0.03194444444444444
0 0.540234375 0.019444444444444445 0.015625 0.03888888888888889
0 0.501171875 0.01597222222222222 0.0171875 0.03194444444444444
0 0.621484375 0.043055555555555555 0.02421875 0.058333333333333334
0 0.687109375 0.029166666666666667 0.04453125 0.058333333333333334