0 0.5671875 0.17708333333333334 0.05546875 0.13472222222222222
0 0.394140625 0.5131944444444444 0.0671875 0.17083333333333334
0 0.922265625 0.8361111111111111 0.075 0.1736111111111111
0 0.595703125 0.9291666666666667 0.07109375 0.14166666666666666
0 0.722265625 0.27361111111111114 0.0515625 0.13194444444444445
0 0.9796875 0.38819444444444445 0.040625 0.13472222222222222
0 0.63515625 0.15694444444444444 0.04765625 0.12361111111111112
0 0.495703125 0.5236111111111111 0.0609375 0.16111111111111112
0 0.953125 0.3958333333333333 0.06015625 0.13333333333333333
0 0.725390625 0.9451388888888889 0.08359375 0.10972222222222222
0 0.59609375 0.1951388888888889 0.04453125 0.11388888888888889
0 0.755859375 0.1638888888888889 0.03515625 0.06944444444444445
0 0.181640625 0.04791666666666667 0.06953125 0.09583333333333334
0 0.830859375 0.225 0.040625 0.09166666666666666
0 0.798046875 0.24861111111111112 0.046875 0.13055555555555556
0 0.55625 0.8520833333333333 0.08671875 0.22361111111111112
0 0.458984375 0.9277777777777778 0.08984375 0.14444444444444443
0 0.441796875 0.18958333333333333 0.0640625 0.1625
0 0.72578125 0.14930555555555555 0.0328125 0.075
0 0.61015625 0.22847222222222222 0.04140625 0.1125
0 0.69296875 0.13125 0.0375 0.08333333333333333
0 0.595703125 0.08680555555555555 0.05859375 0.125
0 0.031640625 0.3159722222222222 0.06328125 0.19027777777777777
0 0.072265625 0.05625 0.04453125 0.1125
0 0.673828125 0.12916666666666668 0.0296875 0.07361111111111111
0 0.262890625 0.3597222222222222 0.05625 0.14027777777777778
0 0.5234375 0.05347222222222222 0.0375 0.1
0 0.23203125 0.3458333333333333 0.07109375 0.175
0 0.20859375 0.30694444444444446 0.0671875 0.16944444444444445
0 0.98828125 0.6395833333333333 0.0234375 0.10694444444444444
0 0.611328125 0.059027777777777776 0.02578125 0.04583333333333333
0 0.6703125 0.12569444444444444 0.03046875 0.07361111111111111
0 0.254296875 0.28680555555555554 0.0265625 0.05555555555555555