0 0.577734375 0.10416666666666667 0.02421875 0.09444444444444444
0 0.791796875 0.5534722222222223 0.04296875 0.15694444444444444
0 0.6109375 0.8972222222222223 0.05078125 0.19305555555555556
0 0.782421875 0.40069444444444446 0.0390625 0.14305555555555555
0 0.49765625 0.24166666666666667 0.03046875 0.125
0 0.3890625 0.04236111111111111 0.0265625 0.07916666666666666
0 0.95234375 0.20833333333333334 0.0328125 0.12083333333333333
0 0.1421875 0.07361111111111111 0.03046875 0.10972222222222222
0 0.888671875 0.07777777777777778 0.03046875 0.11388888888888889
0 0.748046875 0.7347222222222223 0.0453125 0.1638888888888889
0 0.386328125 0.25833333333333336 0.02890625 0.13055555555555556
0 0.051953125 0.8222222222222222 0.065625 0.16944444444444445
0 0.980078125 0.6791666666666667 0.03984375 0.17916666666666667
0 0.6234375 0.1763888888888889 0.028125 0.11666666666666667
0 0.53203125 0.175 0.03671875 0.13472222222222222
0 0.060546875 0.16875 0.02890625 0.12083333333333333
0 0.690625 0.05138888888888889 0.0234375 0.09583333333333334
0 0.95625 0.022222222222222223 0.02265625 0.044444444444444446
0 0.14765625 0.5243055555555556 0.0453125 0.16666666666666666
0 0.372265625 0.6340277777777777 0.04765625 0.19166666666666668
0 0.22421875 0.47152777777777777 0.0265625 0.059722222222222225
0 0.41484375 0.46041666666666664 0.0421875 0.15694444444444444
0 0.641015625 0.15902777777777777 0.0265625 0.12361111111111112
0 0.853125 0.06319444444444444 0.02734375 0.10416666666666667
0 0.428515625 0.12361111111111112 0.0234375 0.11944444444444445
0 0.453125 0.11944444444444445 0.025 0.11666666666666667
0 0.31328125 0.2361111111111111 0.03359375 0.09861111111111111
0 0.740625 0.08263888888888889 0.03203125 0.16527777777777777
0 0.608984375 0.4965277777777778 0.04765625 0.1625
0 0.31484375 0.3326388888888889 0.0453125 0.14722222222222223
0 0.21015625 0.059722222222222225 0.03046875 0.1111111111111111
0 0.48671875 0.03263888888888889 0.025 0.06527777777777778
0 0.903125 0.225 0.0390625 0.12361111111111112
0 0.426171875 0.021527777777777778 0.01953125 0.043055555555555555
0 0.83828125 0.06944444444444445 0.0203125 0.10277777777777777
0 0.1921875 0.51875 0.03203125 0.14166666666666666
0 0.218359375 0.5444444444444444 0.03828125 0.15416666666666667
0 0.25234375 0.53125 0.03515625 0.12638888888888888
0 0.483984375 0.12222222222222222 0.028125 0.11666666666666667
0 0.994140625 0.13680555555555557 0.01171875 0.10833333333333334
0 0.638671875 0.13055555555555556 0.025 0.06805555555555555
0 0.10078125 0.016666666666666666 0.01640625 0.03333333333333333
0 0.667578125 0.08263888888888889 0.01796875 0.058333333333333334
0 0.195703125 0.011805555555555555 0.03125 0.02361111111111111
0 0.73828125 0.03611111111111111 0.0265625 0.06805555555555555
0 0.160546875 0.00625 0.0234375 0.0125
0 0.917578125 0.14166666666666666 0.0390625 0.10555555555555556
0 0.733203125 0.1 0.02265625 0.13472222222222222