0 0.62109375 0.11527777777777778 0.05625 0.12222222222222222
0 0.6359375 0.3236111111111111 0.0609375 0.1361111111111111
0 0.610546875 0.6472222222222223 0.0625 0.1361111111111111
0 0.32109375 0.7763888888888889 0.0890625 0.19583333333333333
0 0.5359375 0.3333333333333333 0.0640625 0.14444444444444443
0 0.20390625 0.6916666666666667 0.08671875 0.175
0 0.42578125 0.7659722222222223 0.0875 0.19027777777777777
0 0.913671875 0.7638888888888888 0.08046875 0.16944444444444445
0 0.501171875 0.041666666666666664 0.05390625 0.08333333333333333
0 0.686328125 0.49930555555555556 0.065625 0.14722222222222223
0 0.6484375 0.14305555555555555 0.046875 0.10694444444444444
0 0.491796875 0.6458333333333334 0.09375 0.20694444444444443
0 0.23671875 0.5076388888888889 0.07734375 0.16527777777777777
0 0.590234375 0.058333333333333334 0.04140625 0.08472222222222223
0 0.736328125 0.26666666666666666 0.05859375 0.13055555555555556
0 0.8578125 0.4534722222222222 0.0625 0.1388888888888889
0 0.570703125 0.04375 0.04453125 0.0875
0 0.525 0.027083333333333334 0.0453125 0.05416666666666667
0 0.81484375 0.3347222222222222 0.0515625 0.12361111111111112
0 0.05546875 0.37083333333333335 0.0859375 0.17777777777777778
0 0.584765625 0.4048611111111111 0.053125 0.12916666666666668
0 0.411328125 0.3375 0.09375 0.2013888888888889
0 0.754296875 0.21388888888888888 0.03671875 0.07361111111111111
0 0.980078125 0.6791666666666667 0.03984375 0.14722222222222223
0 0.6171875 0.06805555555555555 0.03203125 0.05694444444444444
0 0.975 0.41875 0.03671875 0.059722222222222225
0 0.972265625 0.6493055555555556 0.05546875 0.12638888888888888
0 0.278515625 0.22083333333333333 0.03515625 0.07083333333333333
0 0.247265625 0.27708333333333335 0.07890625 0.17083333333333334
0 0.721484375 0.1875 0.0421875 0.08472222222222223
0 0.278125 0.29583333333333334 0.07265625 0.15555555555555556
0 0.226953125 0.23472222222222222 0.0671875 0.1486111111111111
0 0.7046875 0.1875 0.0359375 0.07083333333333333