0 0.62578125 0.19305555555555556 0.04609375 0.12638888888888888
0 0.619921875 0.7597222222222222 0.06171875 0.15138888888888888
0 0.70078125 0.31805555555555554 0.05 0.1388888888888889
0 0.375 0.6368055555555555 0.0625 0.1638888888888889
0 0.565625 0.125 0.046875 0.125
0 0.835546875 0.23541666666666666 0.04609375 0.12638888888888888
0 0.08203125 0.73125 0.0765625 0.1486111111111111
0 0.93671875 0.7041666666666667 0.0703125 0.175
0 0.198828125 0.7631944444444444 0.07265625 0.17777777777777778
0 0.59453125 0.1361111111111111 0.0375 0.10416666666666667
0 0.4515625 0.9520833333333333 0.0671875 0.09583333333333334
0 0.4171875 0.26666666666666666 0.0609375 0.1638888888888889
0 0.791015625 0.2125 0.03828125 0.12638888888888888
0 0.982421875 0.41805555555555557 0.03515625 0.16666666666666666
0 0.50859375 0.42083333333333334 0.0546875 0.15416666666666667
0 0.63046875 0.9666666666666667 0.0796875 0.06666666666666667
0 0.5765625 0.04861111111111111 0.0375 0.06944444444444445
0 0.49765625 0.8229166666666666 0.08671875 0.23055555555555557
0 0.7375 0.15347222222222223 0.0375 0.09722222222222222
0 0.98671875 0.525 0.0265625 0.14166666666666666
0 0.58984375 0.26875 0.03984375 0.12222222222222222
0 0.7171875 0.12777777777777777 0.03203125 0.07222222222222222
0 0.19140625 0.041666666666666664 0.0703125 0.08333333333333333
0 0.45078125 0.03263888888888889 0.0453125 0.06527777777777778
0 0.5203125 0.010416666666666666 0.0234375 0.020833333333333332
0 0.065234375 0.04513888888888889 0.03203125 0.09027777777777778
0 0.230078125 0.3701388888888889 0.06875 0.16944444444444445
0 0.6828125 0.11388888888888889 0.0375 0.08194444444444444
0 0.53984375 0.021527777777777778 0.0234375 0.043055555555555555
0 0.25625 0.3111111111111111 0.03359375 0.07083333333333333
0 0.990625 0.4125 0.01875 0.16666666666666666
0 0.262109375 0.37222222222222223 0.0609375 0.15
0 0.203125 0.33958333333333335 0.05546875 0.15416666666666667
0 0.667578125 0.1125 0.02890625 0.075