0 0.425 0.23472222222222222 0.06640625 0.14583333333333334
0 0.54453125 0.021527777777777778 0.0546875 0.043055555555555555
0 0.54375 0.6333333333333333 0.0765625 0.16944444444444445
0 0.424609375 0.05277777777777778 0.0421875 0.09027777777777778
0 0.847265625 0.6798611111111111 0.08125 0.14166666666666666
0 0.82265625 0.5631944444444444 0.07890625 0.16527777777777777
0 0.454296875 0.20625 0.05234375 0.11666666666666667
0 0.836328125 0.3541666666666667 0.0828125 0.18888888888888888
0 0.413671875 0.5361111111111111 0.0671875 0.15416666666666667
0 0.72421875 0.8069444444444445 0.0640625 0.11388888888888889
0 0.05 0.8090277777777778 0.07421875 0.1597222222222222
0 0.08515625 0.6555555555555556 0.07890625 0.16666666666666666
0 0.326171875 0.29444444444444445 0.0625 0.14444444444444443
0 0.011328125 0.6048611111111111 0.02265625 0.12916666666666668
0 0.4203125 0.12013888888888889 0.0484375 0.1111111111111111
0 0.581640625 0.5847222222222223 0.0875 0.2013888888888889
0 0.475 0.01597222222222222 0.0375 0.03194444444444444
0 0.447265625 0.1111111111111111 0.04296875 0.10277777777777777
0 0.39453125 0.06736111111111111 0.03671875 0.07222222222222222
0 0.282421875 0.7076388888888889 0.06328125 0.14444444444444443
0 0.96796875 0.26319444444444445 0.0640625 0.1875
0 0.38671875 0.10277777777777777 0.04296875 0.1
0 0.257421875 0.7479166666666667 0.075 0.16527777777777777
0 0.224609375 0.7520833333333333 0.0734375 0.16666666666666666
0 0.369921875 0.11736111111111111 0.04453125 0.10833333333333334
0 0.23125 0.2125 0.028125 0.05555555555555555
0 0.89921875 0.01597222222222222 0.04375 0.03194444444444444
0 0.46015625 0.022916666666666665 0.034375 0.04583333333333333
0 0.25 0.6770833333333334 0.0265625 0.05138888888888889
0 0.364453125 0.11805555555555555 0.04296875 0.10277777777777777
0 0.9640625 0.22777777777777777 0.0546875 0.10416666666666667