0 0.57578125 0.3055555555555556 0.06328125 0.1361111111111111
0 0.516015625 0.2916666666666667 0.06328125 0.14305555555555555
0 0.9125 0.11736111111111111 0.08515625 0.18611111111111112
0 0.331640625 0.16805555555555557 0.05234375 0.125
0 0.51953125 0.10347222222222222 0.05390625 0.12083333333333333
0 0.417578125 0.6861111111111111 0.10078125 0.21944444444444444
0 0.375390625 0.08611111111111111 0.040625 0.0763888888888889
0 0.716796875 0.034027777777777775 0.06484375 0.06805555555555555
0 0.38515625 0.8819444444444444 0.08515625 0.1875
0 0.293359375 0.24375 0.05078125 0.11666666666666667
0 0.296484375 0.3173611111111111 0.0578125 0.1361111111111111
0 0.41875 0.2701388888888889 0.059375 0.1375
0 0.649609375 0.3597222222222222 0.07734375 0.175
0 0.528515625 0.6 0.07578125 0.16805555555555557
0 0.404296875 0.05625 0.03359375 0.06805555555555555
0 0.330078125 0.7416666666666667 0.06953125 0.15555555555555556
0 0.348828125 0.14722222222222223 0.0546875 0.12638888888888888
0 0.501171875 0.4701388888888889 0.07578125 0.16666666666666666
0 0.53828125 0.43333333333333335 0.0625 0.15138888888888888
0 0.8125 0.019444444444444445 0.078125 0.03888888888888889
0 0.09921875 0.9611111111111111 0.0640625 0.07777777777777778
0 0.021484375 0.5722222222222222 0.04296875 0.12777777777777777
0 0.155859375 0.33541666666666664 0.0515625 0.10694444444444444
0 0.0578125 0.4444444444444444 0.06015625 0.13194444444444445
0 0.2703125 0.16944444444444445 0.0234375 0.043055555555555555
0 0.28203125 0.71875 0.06328125 0.14305555555555555
0 0.4890625 0.014583333333333334 0.0453125 0.029166666666666667
0 0.259765625 0.7541666666666667 0.07578125 0.16666666666666666
0 0.243359375 0.6826388888888889 0.0375 0.075
0 0.22734375 0.7597222222222222 0.06640625 0.15555555555555556