0 0.58203125 0.31319444444444444 0.06015625 0.13472222222222222
0 0.521875 0.2923611111111111 0.06171875 0.14444444444444443
0 0.92578125 0.1638888888888889 0.08359375 0.19166666666666668
0 0.412109375 0.6756944444444445 0.09140625 0.20833333333333334
0 0.301171875 0.22430555555555556 0.0484375 0.11666666666666667
0 0.73125 0.04513888888888889 0.0625 0.09027777777777778
0 0.341015625 0.15208333333333332 0.05 0.12361111111111112
0 0.37421875 0.8729166666666667 0.08203125 0.18611111111111112
0 0.526953125 0.10277777777777777 0.0515625 0.11944444444444445
0 0.425390625 0.2652777777777778 0.05625 0.1361111111111111
0 0.3875 0.075 0.03828125 0.075
0 0.301171875 0.29791666666666666 0.05546875 0.1361111111111111
0 0.418359375 0.04722222222222222 0.0328125 0.06805555555555555
0 0.653125 0.36875 0.075 0.1763888888888889
0 0.5296875 0.6048611111111111 0.07734375 0.18194444444444444
0 0.502734375 0.4708333333333333 0.07265625 0.1638888888888889
0 0.358984375 0.13402777777777777 0.05234375 0.12638888888888888
0 0.16171875 0.30277777777777776 0.05 0.10694444444444444
0 0.3296875 0.7270833333333333 0.07109375 0.16666666666666666
0 0.539453125 0.4326388888888889 0.05859375 0.15138888888888888
0 0.828125 0.035416666666666666 0.0765625 0.07083333333333333
0 0.019140625 0.5243055555555556 0.03828125 0.14027777777777778
0 0.084765625 0.9423611111111111 0.06015625 0.11527777777777778
0 0.28046875 0.1486111111111111 0.02421875 0.043055555555555555
0 0.060546875 0.4048611111111111 0.05859375 0.13333333333333333
0 0.251953125 0.73125 0.0734375 0.16666666666666666
0 0.23828125 0.6597222222222222 0.0375 0.0763888888888889
0 0.50390625 0.015277777777777777 0.04375 0.030555555555555555
0 0.276171875 0.6979166666666666 0.0625 0.14583333333333334
0 0.2203125 0.7347222222222223 0.06484375 0.15833333333333333