0 0.40703125 0.42777777777777776 0.08359375 0.15555555555555556
0 0.626171875 0.25 0.071875 0.13333333333333333
0 0.76015625 0.4361111111111111 0.06640625 0.12361111111111112
0 0.985546875 0.7493055555555556 0.02890625 0.12361111111111112
0 0.484765625 0.5479166666666667 0.08671875 0.16111111111111112
0 0.48125 0.95625 0.096875 0.0875
0 0.476171875 0.81875 0.1078125 0.2
0 0.701171875 0.2659722222222222 0.06328125 0.11666666666666667
0 0.975 0.8104166666666667 0.05 0.1375
0 0.65 0.2881944444444444 0.0609375 0.1125
0 0.970703125 0.7125 0.05859375 0.125
0 0.8296875 0.46458333333333335 0.06484375 0.12083333333333333
0 0.935546875 0.6888888888888889 0.08125 0.14583333333333334
0 0.808984375 0.35694444444444445 0.03828125 0.06944444444444445
0 0.36875 0.9034722222222222 0.07578125 0.13333333333333333
0 0.51484375 0.17430555555555555 0.08671875 0.1597222222222222
0 0.7828125 0.325 0.040625 0.075
0 0.756640625 0.28680555555555554 0.0453125 0.08194444444444444
0 0.862890625 0.46041666666666664 0.05390625 0.09722222222222222
0 0.098046875 0.05138888888888889 0.09453125 0.10277777777777777
0 0.67421875 0.1840277777777778 0.0640625 0.11944444444444445
0 0.662890625 0.3159722222222222 0.05625 0.10555555555555556
0 0.74140625 0.26875 0.0390625 0.07222222222222222
0 0.966796875 0.8743055555555556 0.05234375 0.09722222222222222
0 0.311328125 0.20833333333333334 0.06953125 0.12916666666666668
0 0.283984375 0.175 0.08984375 0.16527777777777777
0 0.2703125 0.12916666666666668 0.084375 0.15555555555555556
0 0.622265625 0.10486111111111111 0.04453125 0.08333333333333333
0 0.926953125 0.9645833333333333 0.04140625 0.07083333333333333
0 0.678125 0.1388888888888889 0.0265625 0.04861111111111111
0 0.7390625 0.26319444444444445 0.0390625 0.07222222222222222
0 0.6953125 0.16944444444444445 0.03046875 0.05555555555555555