0 0.666015625 0.3402777777777778 0.06640625 0.125
0 0.651953125 0.1798611111111111 0.0609375 0.11666666666666667
0 0.367578125 0.8270833333333333 0.10703125 0.20277777777777778
0 0.206640625 0.475 0.08828125 0.16527777777777777
0 0.0734375 0.3236111111111111 0.115625 0.21666666666666667
0 0.701171875 0.5173611111111112 0.0734375 0.14027777777777778
0 0.321875 0.6243055555555556 0.096875 0.18333333333333332
0 0.572265625 0.7486111111111111 0.07890625 0.1486111111111111
0 0.8609375 0.5354166666666667 0.06484375 0.12361111111111112
0 0.165234375 0.61875 0.0625 0.10555555555555556
0 0.5609375 0.03611111111111111 0.0609375 0.07222222222222222
0 0.5390625 0.38125 0.0703125 0.13472222222222222
0 0.673828125 0.21736111111111112 0.0515625 0.09861111111111111
0 0.620703125 0.06527777777777778 0.03984375 0.07222222222222222
0 0.45546875 0.7090277777777778 0.10703125 0.2013888888888889
0 0.82734375 0.4423611111111111 0.05703125 0.1111111111111111
0 0.86875 0.925 0.0953125 0.15
0 0.45 0.2708333333333333 0.09140625 0.1736111111111111
0 0.63984375 0.09305555555555556 0.0375 0.06805555555555555
0 0.61328125 0.3888888888888889 0.06015625 0.11666666666666667
0 0.775390625 0.3423611111111111 0.0625 0.11805555555555555
0 0.53671875 0.019444444444444445 0.053125 0.03888888888888889
0 0.994921875 0.6305555555555555 0.01015625 0.06666666666666667
0 0.663671875 0.12222222222222222 0.03671875 0.06527777777777778
0 0.587109375 0.022222222222222223 0.03359375 0.044444444444444446
0 0.94609375 0.8381944444444445 0.06015625 0.11388888888888889
0 0.3140625 0.15555555555555556 0.04140625 0.0763888888888889
0 0.27578125 0.19583333333333333 0.08828125 0.16527777777777777
0 0.751171875 0.2708333333333333 0.0453125 0.08472222222222223
0 0.779296875 0.3090277777777778 0.04453125 0.08194444444444444
0 0.96328125 0.8618055555555556 0.06796875 0.12916666666666668
0 0.259375 0.14791666666666667 0.07421875 0.14166666666666666
0 0.303125 0.22569444444444445 0.08046875 0.15
0 0.746875 0.26458333333333334 0.0453125 0.08472222222222223
0 0.983984375 0.7965277777777777 0.03203125 0.1125
0 0.731640625 0.2611111111111111 0.03515625 0.0625