0 0.50078125 0.059027777777777776 0.03046875 0.10972222222222222
0 0.570703125 0.22847222222222222 0.03046875 0.125
0 0.63671875 0.5333333333333333 0.03359375 0.12222222222222222
0 0.41875 0.8958333333333334 0.04609375 0.17916666666666667
0 0.4859375 0.3236111111111111 0.03125 0.13472222222222222
0 0.293359375 0.9229166666666667 0.053125 0.14722222222222223
0 0.507421875 0.7965277777777777 0.04609375 0.17222222222222222
0 0.93359375 0.37430555555555556 0.04609375 0.1486111111111111
0 0.370703125 0.08055555555555556 0.02578125 0.11527777777777778
0 0.662890625 0.3388888888888889 0.0328125 0.1361111111111111
0 0.532421875 0.059722222222222225 0.02265625 0.1
0 0.5328125 0.6347222222222222 0.0484375 0.18888888888888888
0 0.271875 0.7333333333333333 0.0421875 0.14722222222222223
0 0.45859375 0.03611111111111111 0.025 0.07222222222222222
0 0.64296875 0.09236111111111112 0.02890625 0.12083333333333333
0 0.800390625 0.15069444444444444 0.03203125 0.12777777777777777
0 0.437109375 0.03888888888888889 0.0265625 0.07777777777777778
0 0.387109375 0.04583333333333333 0.02421875 0.08888888888888889
0 0.730078125 0.08402777777777778 0.02109375 0.12083333333333333
0 0.076171875 0.7701388888888889 0.05 0.15416666666666667
0 0.038671875 0.17291666666666666 0.03203125 0.11666666666666667
0 0.548046875 0.34375 0.02109375 0.12638888888888888
0 0.378125 0.4340277777777778 0.0515625 0.17916666666666667
0 0.64453125 0.030555555555555555 0.02265625 0.06111111111111111
0 0.98125 0.23125 0.03671875 0.13194444444444445
0 0.484765625 0.020833333333333332 0.0234375 0.041666666666666664
0 0.893359375 0.019444444444444445 0.0296875 0.03888888888888889
0 0.125390625 0.14027777777777778 0.04765625 0.13333333333333333
0 0.954296875 0.22361111111111112 0.028125 0.11666666666666667
0 0.987890625 0.7173611111111111 0.02421875 0.17222222222222222
0 0.0125 0.022222222222222223 0.025 0.044444444444444446
0 0.3109375 0.06736111111111111 0.01953125 0.09583333333333334
0 0.991796875 0.025 0.01640625 0.05
0 0.230078125 0.4465277777777778 0.021875 0.059722222222222225
0 0.218359375 0.5229166666666667 0.0421875 0.15416666666666667
0 0.60859375 0.035416666666666666 0.02578125 0.07083333333333333
0 0.250390625 0.5125 0.03984375 0.1388888888888889
0 0.188671875 0.5034722222222222 0.03359375 0.1375
0 0.59375 0.05 0.02265625 0.058333333333333334