0 0.56953125 0.4708333333333333 0.03828125 0.14305555555555555
0 0.92421875 0.8798611111111111 0.05703125 0.17777777777777778
0 0.489453125 0.4597222222222222 0.0359375 0.14444444444444443
0 0.853515625 0.3548611111111111 0.0359375 0.14583333333333334
0 0.0625 0.9465277777777777 0.06328125 0.10694444444444444
0 0.535546875 0.9479166666666666 0.059375 0.10416666666666667
0 0.599609375 0.04027777777777778 0.03359375 0.08055555555555556
0 0.93828125 0.3527777777777778 0.04140625 0.14583333333333334
0 0.729296875 0.09236111111111112 0.0203125 0.125
0 0.376953125 0.06319444444444444 0.02578125 0.10972222222222222
0 0.051953125 0.6597222222222222 0.053125 0.18888888888888888
0 0.377734375 0.8125 0.05703125 0.19027777777777777
0 0.598046875 0.26666666666666666 0.02734375 0.10972222222222222
0 0.651953125 0.7298611111111111 0.0453125 0.16805555555555557
0 0.539453125 0.6583333333333333 0.02890625 0.14305555555555555
0 0.623046875 0.2638888888888889 0.0296875 0.12083333333333333
0 0.5234375 0.35694444444444445 0.03671875 0.15138888888888888
0 0.385546875 0.20277777777777778 0.0265625 0.12222222222222222
0 0.37421875 0.28402777777777777 0.03046875 0.14166666666666666
0 0.490234375 0.1451388888888889 0.0234375 0.125
0 0.30390625 0.56875 0.04375 0.15694444444444444
0 0.0546875 0.15625 0.03125 0.11666666666666667
0 0.428125 0.09930555555555555 0.02421875 0.11666666666666667
0 0.98984375 0.2673611111111111 0.0203125 0.11666666666666667
0 0.45703125 0.1 0.0296875 0.12638888888888888
0 0.309375 0.44166666666666665 0.040625 0.1361111111111111
0 0.2234375 0.4548611111111111 0.025 0.06111111111111111
0 0.92890625 0.9763888888888889 0.06875 0.04722222222222222
0 0.534375 0.025 0.021875 0.05
0 0.678515625 0.04861111111111111 0.0203125 0.09444444444444444
0 0.121875 0.9847222222222223 0.053125 0.030555555555555555
0 0.987109375 0.4722222222222222 0.02578125 0.15138888888888888
0 0.18984375 0.5104166666666666 0.03515625 0.14027777777777778
0 0.218359375 0.5284722222222222 0.040625 0.14722222222222223
0 0.64921875 0.021527777777777778 0.0265625 0.043055555555555555
0 0.99140625 0.018055555555555554 0.01640625 0.03611111111111111
0 0.8953125 0.12569444444444444 0.0265625 0.10277777777777777
0 0.94609375 0.011111111111111112 0.0203125 0.022222222222222223
0 0.149609375 0.10208333333333333 0.034375 0.07222222222222222
0 0.90703125 0.19791666666666666 0.03984375 0.14305555555555555
0 0.248828125 0.5180555555555556 0.0328125 0.13055555555555556
0 0.125390625 0.04236111111111111 0.028125 0.08472222222222223
0 0.909765625 0.1736111111111111 0.03828125 0.0763888888888889
0 0.917578125 0.11805555555555555 0.0296875 0.09722222222222222
0 0.005078125 0.8854166666666666 0.01015625 0.10416666666666667
0 0.501171875 0.011111111111111112 0.0203125 0.020833333333333332
0 0.625390625 0.03888888888888889 0.02421875 0.06111111111111111