0 0.65 0.7694444444444445 0.05234375 0.15416666666666667
0 0.586328125 0.13472222222222222 0.03359375 0.11527777777777778
0 0.67578125 0.22361111111111112 0.0375 0.1388888888888889
0 0.519140625 0.12569444444444444 0.03828125 0.11944444444444445
0 0.78125 0.9444444444444444 0.059375 0.1111111111111111
0 0.394921875 0.6298611111111111 0.0484375 0.15555555555555556
0 0.057421875 0.09930555555555555 0.0421875 0.11527777777777778
0 0.94921875 0.5729166666666666 0.05703125 0.16805555555555557
0 0.789453125 0.1 0.0328125 0.11805555555555555
0 0.751171875 0.11736111111111111 0.03046875 0.125
0 0.530859375 0.8875 0.06953125 0.225
0 0.55 0.12708333333333333 0.0296875 0.10555555555555556
0 0.498828125 0.46458333333333335 0.040625 0.15416666666666667
0 0.6953125 0.07083333333333333 0.03046875 0.08611111111111111
0 0.394921875 0.27152777777777776 0.05546875 0.18055555555555555
0 0.222265625 0.9 0.0640625 0.125
0 0.956640625 0.22291666666666668 0.05078125 0.12638888888888888
0 0.524609375 0.03958333333333333 0.03203125 0.07916666666666666
0 0.56484375 0.2222222222222222 0.02890625 0.11666666666666667
0 0.668359375 0.05694444444444444 0.02265625 0.06805555555555555
0 0.63359375 0.05416666666666667 0.0265625 0.07361111111111111
0 0.66015625 0.9027777777777778 0.0640625 0.19444444444444445
0 0.394921875 0.017361111111111112 0.02578125 0.034722222222222224
0 0.21953125 0.4756944444444444 0.0484375 0.15555555555555556
0 0.99453125 0.19722222222222222 0.0109375 0.125
0 0.240234375 0.40902777777777777 0.03125 0.06944444444444445
0 0.9828125 0.17569444444444443 0.0296875 0.08194444444444444
0 0.462109375 0.007638888888888889 0.01953125 0.015277777777777777
0 0.1328125 0.14305555555555555 0.05234375 0.14583333333333334
0 0.25234375 0.4701388888888889 0.04453125 0.13333333333333333
0 0.61640625 0.0625 0.02265625 0.07083333333333333
0 0.42109375 0.050694444444444445 0.0203125 0.10138888888888889
0 0.98984375 0.3590277777777778 0.0203125 0.12638888888888888
0 0.190234375 0.45208333333333334 0.03984375 0.14722222222222223
0 0.48515625 0.0125 0.0171875 0.025
0 0.131640625 0.9298611111111111 0.0578125 0.0375
0 0.020703125 0.2263888888888889 0.02265625 0.12083333333333333
0 0.982421875 0.19930555555555557 0.0328125 0.12638888888888888
0 0.612890625 0.05625 0.02109375 0.07222222222222222
0 0.975 0.20694444444444443 0.040625 0.14583333333333334