0 0.608203125 0.32916666666666666 0.03203125 0.1125
0 0.382421875 0.6881944444444444 0.05390625 0.18194444444444444
0 0.569140625 0.39791666666666664 0.034375 0.14027777777777778
0 0.83515625 0.2902777777777778 0.03359375 0.14027777777777778
0 0.6171875 0.20625 0.028125 0.1111111111111111
0 0.491796875 0.5326388888888889 0.0375 0.14722222222222223
0 0.662109375 0.6069444444444444 0.04296875 0.175
0 0.95234375 0.4284722222222222 0.04296875 0.1597222222222222
0 0.090625 0.7576388888888889 0.053125 0.19166666666666668
0 0.3765625 0.034722222222222224 0.0234375 0.06944444444444445
0 0.432421875 0.08194444444444444 0.025 0.11388888888888889
0 0.491015625 0.18541666666666667 0.02421875 0.12083333333333333
0 0.292578125 0.50625 0.0359375 0.14027777777777778
0 0.384765625 0.1486111111111111 0.0265625 0.11527777777777778
0 0.51171875 0.4201388888888889 0.04140625 0.15694444444444444
0 0.370703125 0.2152777777777778 0.028125 0.12916666666666668
0 0.915625 0.23194444444444445 0.0375 0.1375
0 0.45390625 0.08472222222222223 0.0265625 0.11527777777777778
0 0.73046875 0.08819444444444445 0.0234375 0.125
0 0.297265625 0.6479166666666667 0.04296875 0.15416666666666667
0 0.2 0.07708333333333334 0.0328125 0.09583333333333334
0 0.723828125 0.014583333333333334 0.03359375 0.027777777777777776
0 0.548828125 0.55625 0.02578125 0.14027777777777778
0 0.1265625 0.06319444444444444 0.0359375 0.12222222222222222
0 0.0515625 0.15694444444444444 0.03125 0.12361111111111112
0 0.587109375 0.02013888888888889 0.02109375 0.04027777777777778
0 0.663671875 0.04236111111111111 0.02734375 0.08194444444444444
0 0.938671875 0.15138888888888888 0.025 0.11527777777777778
0 0.223046875 0.4548611111111111 0.02734375 0.07222222222222222
0 0.5015625 0.018055555555555554 0.01953125 0.03611111111111111
0 0.220703125 0.5263888888888889 0.04140625 0.1486111111111111
0 0.246875 0.5111111111111111 0.03125 0.12916666666666668
0 0.52109375 0.01597222222222222 0.0171875 0.03194444444444444
0 0.189453125 0.5055555555555555 0.03359375 0.14305555555555555
0 0.544921875 0.011111111111111112 0.01484375 0.022222222222222223
0 0.91875 0.14722222222222223 0.0296875 0.09861111111111111
0 0.6390625 0.03680555555555556 0.02890625 0.07361111111111111
0 0.614453125 0.03680555555555556 0.02578125 0.07222222222222222
0 0.99375 0.28402777777777777 0.0125 0.05555555555555555
0 0.61640625 0.013888888888888888 0.02109375 0.027777777777777776
0 0.94609375 0.008333333333333333 0.01796875 0.016666666666666666