0 0.6953125 0.22569444444444445 0.059375 0.11388888888888889
0 0.42734375 0.4097222222222222 0.07734375 0.15
0 0.76953125 0.39166666666666666 0.0640625 0.12361111111111112
0 0.613671875 0.25625 0.065625 0.12638888888888888
0 0.67265625 0.9756944444444444 0.090625 0.04861111111111111
0 0.829296875 0.43472222222222223 0.0609375 0.11944444444444445
0 0.0703125 0.10069444444444445 0.10234375 0.19583333333333333
0 0.640234375 0.29097222222222224 0.0625 0.11944444444444445
0 0.985546875 0.6736111111111112 0.02890625 0.12777777777777777
0 0.98125 0.7402777777777778 0.0375 0.13333333333333333
0 0.4671875 0.5722222222222222 0.0859375 0.16805555555555557
0 0.97265625 0.6381944444444444 0.0546875 0.12361111111111112
0 0.919921875 0.6034722222222222 0.06875 0.12916666666666668
0 0.5125 0.15555555555555556 0.08125 0.15555555555555556
0 0.48671875 0.7486111111111111 0.10703125 0.20833333333333334
0 0.973828125 0.7972222222222223 0.05234375 0.1388888888888889
0 0.776171875 0.29791666666666666 0.03984375 0.075
0 0.75 0.26319444444444445 0.04375 0.08194444444444444
0 0.85625 0.40694444444444444 0.03515625 0.06666666666666667
0 0.663671875 0.2923611111111111 0.04453125 0.08611111111111111
0 0.734765625 0.24583333333333332 0.03671875 0.06944444444444445
0 0.303515625 0.2298611111111111 0.07109375 0.1361111111111111
0 0.258984375 0.15138888888888888 0.0796875 0.15416666666666667
0 0.6625 0.20277777777777778 0.0546875 0.10277777777777777
0 0.274609375 0.2013888888888889 0.08515625 0.1625
0 0.806640625 0.3215277777777778 0.028125 0.05
0 0.62421875 0.10972222222222222 0.046875 0.09166666666666666
0 0.9421875 0.6236111111111111 0.0640625 0.12638888888888888
0 0.68515625 0.15208333333333332 0.03359375 0.059722222222222225
0 0.303125 0.1597222222222222 0.0328125 0.06111111111111111
0 0.858984375 0.41458333333333336 0.04140625 0.075