0 0.501171875 0.20347222222222222 0.0375 0.13194444444444445
0 0.671875 0.07430555555555556 0.02890625 0.11388888888888889
0 0.8328125 0.07847222222222222 0.03515625 0.11388888888888889
0 0.505078125 0.6541666666666667 0.0421875 0.15416666666666667
0 0.05 0.7256944444444444 0.0546875 0.18194444444444444
0 0.546875 0.04097222222222222 0.02421875 0.08194444444444444
0 0.894921875 0.04583333333333333 0.03828125 0.09166666666666666
0 0.76328125 0.9402777777777778 0.0625 0.10416666666666667
0 0.771484375 0.8166666666666667 0.0484375 0.14444444444444443
0 0.534375 0.2013888888888889 0.028125 0.10694444444444444
0 0.837109375 0.6416666666666667 0.04296875 0.1763888888888889
0 0.413671875 0.4625 0.03515625 0.14444444444444443
0 0.62109375 0.9548611111111112 0.0484375 0.08472222222222223
0 0.020703125 0.41180555555555554 0.04140625 0.14305555555555555
0 0.951953125 0.13194444444444445 0.03125 0.11944444444444445
0 0.93515625 0.043055555555555555 0.03125 0.08611111111111111
0 0.090625 0.3034722222222222 0.04765625 0.14583333333333334
0 0.39765625 0.17708333333333334 0.0328125 0.13472222222222222
0 0.021875 0.18541666666666667 0.03203125 0.11805555555555555
0 0.526171875 0.09722222222222222 0.02421875 0.10555555555555556
0 0.551171875 0.6416666666666667 0.0453125 0.1875
0 0.60625 0.030555555555555555 0.0234375 0.06111111111111111
0 0.856640625 0.06041666666666667 0.02890625 0.12083333333333333
0 0.63984375 0.029166666666666667 0.0203125 0.058333333333333334
0 0.55234375 0.1111111111111111 0.01953125 0.09861111111111111
0 0.728125 0.07222222222222222 0.0234375 0.12222222222222222
0 0.516015625 0.029861111111111113 0.02421875 0.059722222222222225
0 0.253125 0.5097222222222222 0.03359375 0.13472222222222222
0 0.95625 0.05763888888888889 0.0359375 0.08472222222222223
0 0.982421875 0.6729166666666667 0.03515625 0.17916666666666667
0 0.500390625 0.05486111111111111 0.021875 0.09305555555555556
0 0.220703125 0.525 0.0421875 0.15
0 0.190234375 0.5020833333333333 0.0390625 0.15416666666666667
0 0.728125 0.008333333333333333 0.0234375 0.016666666666666666
0 0.48203125 0.05416666666666667 0.0203125 0.10416666666666667
0 0.333984375 0.027083333333333334 0.01953125 0.044444444444444446
0 0.98984375 0.35694444444444445 0.01875 0.10694444444444444
0 0.589453125 0.03194444444444444 0.01953125 0.06388888888888888
0 0.23203125 0.45625 0.01875 0.041666666666666664
0 0.476953125 0.05 0.0203125 0.09861111111111111
0 0.98203125 0.63125 0.0359375 0.08472222222222223