0 0.77578125 0.3416666666666667 0.071875 0.16666666666666666
0 0.072265625 0.3548611111111111 0.05234375 0.125
0 0.6984375 0.8013888888888889 0.084375 0.19722222222222222
0 0.736328125 0.21319444444444444 0.0640625 0.15555555555555556
0 0.300390625 0.15208333333333332 0.0421875 0.09583333333333334
0 0.785546875 0.55 0.08515625 0.19444444444444445
0 0.489453125 0.07847222222222222 0.040625 0.10277777777777777
0 0.443359375 0.2590277777777778 0.05546875 0.1361111111111111
0 0.174609375 0.7451388888888889 0.0734375 0.17916666666666667
0 0.97578125 0.3576388888888889 0.0484375 0.18472222222222223
0 0.5484375 0.12152777777777778 0.053125 0.12777777777777777
0 0.461328125 0.175 0.065625 0.15555555555555556
0 0.560546875 0.09791666666666667 0.05390625 0.14027777777777778
0 0.025390625 0.4888888888888889 0.05078125 0.13333333333333333
0 0.4109375 0.7236111111111111 0.0796875 0.2
0 0.345703125 0.36527777777777776 0.05625 0.14722222222222223
0 0.60546875 0.43194444444444446 0.06796875 0.1625
0 0.413671875 0.5263888888888889 0.07109375 0.17083333333333334
0 0.13984375 0.2923611111111111 0.05078125 0.12083333333333333
0 0.37734375 0.18055555555555555 0.04921875 0.13055555555555556
0 0.355078125 0.2 0.05078125 0.13333333333333333
0 0.02265625 0.32083333333333336 0.034375 0.05
0 0.269921875 0.37777777777777777 0.04765625 0.10138888888888889
0 0.292578125 0.4597222222222222 0.06875 0.15555555555555556
0 0.8140625 0.02361111111111111 0.0765625 0.04722222222222222
0 0.32265625 0.1125 0.03828125 0.0625
0 0.38828125 0.0798611111111111 0.03515625 0.07916666666666666
0 0.22421875 0.7208333333333333 0.0625 0.15416666666666667
0 0.27578125 0.6958333333333333 0.0640625 0.14583333333333334
0 0.240234375 0.6541666666666667 0.03359375 0.06666666666666667
0 0.635546875 0.021527777777777778 0.06484375 0.043055555555555555
0 0.405078125 0.16597222222222222 0.05234375 0.13055555555555556
0 0.117578125 0.24791666666666667 0.03359375 0.043055555555555555
0 0.634375 0.022222222222222223 0.0484375 0.044444444444444446
0 0.248828125 0.73125 0.06875 0.16527777777777777
0 0.083203125 0.2673611111111111 0.02890625 0.03194444444444444
0 0.56953125 0.017361111111111112 0.0328125 0.034722222222222224