0 0.808984375 0.49444444444444446 0.04375 0.15416666666666667
0 0.581640625 0.14444444444444443 0.02734375 0.1
0 0.973046875 0.2611111111111111 0.034375 0.12777777777777777
0 0.823828125 0.65625 0.0453125 0.16666666666666666
0 0.675390625 0.7520833333333333 0.0390625 0.1597222222222222
0 0.178125 0.044444444444444446 0.0265625 0.08888888888888889
0 0.134765625 0.6173611111111111 0.046875 0.17222222222222222
0 0.93984375 0.5826388888888889 0.0453125 0.17083333333333334
0 0.590625 0.7659722222222223 0.0453125 0.17916666666666667
0 0.38046875 0.19652777777777777 0.02734375 0.125
0 0.49609375 0.2916666666666667 0.03203125 0.13333333333333333
0 0.53203125 0.20972222222222223 0.034375 0.1375
0 0.89453125 0.11041666666666666 0.0296875 0.12083333333333333
0 0.223828125 0.034027777777777775 0.03125 0.06805555555555555
0 0.9203125 0.2777777777777778 0.040625 0.14583333333333334
0 0.491796875 0.08680555555555555 0.03046875 0.10416666666666667
0 0.924609375 0.18125 0.03359375 0.10694444444444444
0 0.625 0.12708333333333333 0.0390625 0.11666666666666667
0 0.451171875 0.11388888888888889 0.0265625 0.11944444444444445
0 0.05859375 0.16944444444444445 0.03125 0.12083333333333333
0 0.40625 0.3736111111111111 0.03203125 0.1388888888888889
0 0.396875 0.018055555555555554 0.02421875 0.03611111111111111
0 0.084375 0.8659722222222223 0.06484375 0.2111111111111111
0 0.73046875 0.09375 0.02265625 0.1361111111111111
0 0.614453125 0.42916666666666664 0.03984375 0.14027777777777778
0 0.369140625 0.5159722222222223 0.03828125 0.17222222222222222
0 0.31796875 0.37916666666666665 0.0484375 0.1527777777777778
0 0.86015625 0.07361111111111111 0.025 0.10694444444444444
0 0.953515625 0.02013888888888889 0.0203125 0.04027777777777778
0 0.684765625 0.04722222222222222 0.02265625 0.09305555555555556
0 0.4265625 0.10972222222222222 0.02578125 0.11666666666666667
0 0.575 0.975 0.04609375 0.05
0 0.313671875 0.27847222222222223 0.0328125 0.08888888888888889
0 0.846875 0.0798611111111111 0.02109375 0.10277777777777777
0 0.1484375 0.017361111111111112 0.02265625 0.034722222222222224
0 0.0078125 0.12222222222222222 0.01484375 0.09166666666666666
0 0.992578125 0.16666666666666666 0.01484375 0.10833333333333334
0 0.219140625 0.5375 0.04296875 0.1527777777777778
0 0.225390625 0.4652777777777778 0.0234375 0.05416666666666667
0 0.190234375 0.51875 0.0375 0.14305555555555555
0 0.251171875 0.5243055555555556 0.0390625 0.13333333333333333
0 0.664453125 0.07569444444444444 0.01875 0.06666666666666667
0 0.723828125 0.050694444444444445 0.028125 0.09861111111111111
0 0.63515625 0.11736111111111111 0.02734375 0.12361111111111112
0 0.4859375 0.01875 0.0296875 0.0375