0 0.598828125 0.42430555555555555 0.0671875 0.1527777777777778
0 0.55546875 0.06527777777777778 0.05078125 0.12083333333333333
0 0.915234375 0.8513888888888889 0.084375 0.1875
0 0.854296875 0.5465277777777777 0.0671875 0.15138888888888888
0 0.638671875 0.46875 0.0546875 0.125
0 0.49609375 0.06666666666666667 0.05 0.11805555555555555
0 0.565234375 0.22916666666666666 0.053125 0.12777777777777777
0 0.3 0.375 0.06875 0.1527777777777778
0 0.475390625 0.5673611111111111 0.07734375 0.1736111111111111
0 0.2671875 0.5152777777777777 0.08359375 0.18472222222222223
0 0.3640625 0.5069444444444444 0.08515625 0.19166666666666668
0 0.9359375 0.6291666666666667 0.0671875 0.14444444444444443
0 0.46484375 0.11458333333333333 0.05703125 0.13472222222222222
0 0.076171875 0.4652777777777778 0.10703125 0.23055555555555557
0 0.64375 0.6604166666666667 0.07578125 0.17083333333333334
0 0.573046875 0.08055555555555556 0.053125 0.12361111111111112
0 0.68671875 0.30972222222222223 0.053125 0.12222222222222222
0 0.623046875 0.07708333333333334 0.034375 0.0625
0 0.6484375 0.09930555555555555 0.0328125 0.059722222222222225
0 0.812890625 0.3138888888888889 0.05 0.12777777777777777
0 0.5453125 0.5347222222222222 0.0609375 0.14722222222222223
0 0.51953125 0.46458333333333335 0.08046875 0.18194444444444444
0 0.758203125 0.2125 0.040625 0.08333333333333333
0 0.980078125 0.5604166666666667 0.03984375 0.13194444444444445
0 0.26875 0.23055555555555557 0.03828125 0.0763888888888889
0 0.969921875 0.5402777777777777 0.05390625 0.12083333333333333
0 0.860546875 0.28194444444444444 0.040625 0.05694444444444444
0 0.275 0.30486111111111114 0.06328125 0.14305555555555555
0 0.245703125 0.29097222222222224 0.07734375 0.17083333333333334
0 0.223828125 0.2513888888888889 0.06796875 0.15833333333333333
0 0.7390625 0.1951388888888889 0.040625 0.08333333333333333
0 0.0375 0.17847222222222223 0.0421875 0.11944444444444445
0 0.712890625 0.14027777777777778 0.0203125 0.029166666666666667
0 0.716796875 0.18055555555555555 0.03515625 0.07222222222222222