0 0.615234375 0.20277777777777778 0.0359375 0.10833333333333334
0 0.509375 0.33125 0.0453125 0.14166666666666666
0 0.950390625 0.4375 0.05 0.14583333333333334
0 0.94765625 0.34930555555555554 0.04609375 0.14027777777777778
0 0.56171875 0.6854166666666667 0.05625 0.17083333333333334
0 0.60390625 0.8 0.05390625 0.1527777777777778
0 0.8234375 0.6708333333333333 0.05703125 0.16111111111111112
0 0.821484375 0.8409722222222222 0.0640625 0.19166666666666668
0 0.072265625 0.7888888888888889 0.0734375 0.18472222222222223
0 0.650390625 0.13680555555555557 0.0421875 0.12222222222222222
0 0.1046875 0.59375 0.06484375 0.19305555555555556
0 0.415625 0.1284722222222222 0.03671875 0.12222222222222222
0 0.927734375 0.24027777777777778 0.04296875 0.125
0 0.909765625 0.6180555555555556 0.05703125 0.1638888888888889
0 0.421875 0.29583333333333334 0.0421875 0.1388888888888889
0 0.519140625 0.9208333333333333 0.05078125 0.15833333333333333
0 0.556640625 0.26319444444444445 0.04921875 0.1527777777777778
0 0.376953125 0.4152777777777778 0.05234375 0.1736111111111111
0 0.075390625 0.01875 0.03359375 0.0375
0 0.76328125 0.1673611111111111 0.03515625 0.125
0 0.985546875 0.4444444444444444 0.02890625 0.125
0 0.631640625 0.4131944444444444 0.04453125 0.1375
0 0.330078125 0.38055555555555554 0.05546875 0.15694444444444444
0 0.700390625 0.11527777777777778 0.02890625 0.08194444444444444
0 0.98984375 0.14930555555555555 0.0203125 0.04027777777777778
0 0.5203125 0.07777777777777778 0.03046875 0.1125
0 0.54453125 0.06944444444444445 0.03359375 0.11388888888888889
0 0.08671875 0.058333333333333334 0.0515625 0.11666666666666667
0 0.90859375 0.19930555555555557 0.03515625 0.12083333333333333
0 0.463671875 0.09166666666666666 0.0328125 0.12222222222222222
0 0.577734375 0.034722222222222224 0.0390625 0.04722222222222222
0 0.49453125 0.10625 0.03828125 0.125
0 0.716015625 0.1 0.02734375 0.09444444444444444
0 0.333984375 0.2673611111111111 0.04375 0.10555555555555556
0 0.231640625 0.3861111111111111 0.03046875 0.06805555555555555
0 0.7484375 0.11458333333333333 0.034375 0.10277777777777777
0 0.19375 0.43125 0.04609375 0.15138888888888888
0 0.252734375 0.45416666666666666 0.05234375 0.14027777777777778
0 0.889453125 0.19583333333333333 0.0296875 0.11527777777777778
0 0.220703125 0.4576388888888889 0.0578125 0.16527777777777777
0 0.66953125 0.09791666666666667 0.03046875 0.06944444444444445
0 0.6640625 0.11597222222222223 0.034375 0.10555555555555556
0 0.901953125 0.6645833333333333 0.04375 0.08333333333333333