0 0.5609375 0.24305555555555555 0.03515625 0.12916666666666668
0 0.6296875 0.48125 0.0359375 0.12361111111111112
0 0.515234375 0.74375 0.0515625 0.1763888888888889
0 0.801953125 0.1451388888888889 0.034375 0.13333333333333333
0 0.6609375 0.36180555555555555 0.040625 0.15555555555555556
0 0.374609375 0.06180555555555556 0.0296875 0.10138888888888889
0 0.479296875 0.2965277777777778 0.03515625 0.1361111111111111
0 0.0546875 0.7736111111111111 0.05703125 0.16527777777777777
0 0.9265625 0.3076388888888889 0.046875 0.14722222222222223
0 0.283984375 0.7090277777777778 0.04609375 0.1486111111111111
0 0.618359375 0.10069444444444445 0.03515625 0.11388888888888889
0 0.486328125 0.052083333333333336 0.03046875 0.10416666666666667
0 0.31171875 0.9076388888888889 0.06015625 0.18333333333333332
0 0.359765625 0.11319444444444444 0.0328125 0.12222222222222222
0 0.433984375 0.9298611111111111 0.05390625 0.14027777777777778
0 0.965234375 0.16458333333333333 0.034375 0.11805555555555555
0 0.3796875 0.4756944444444444 0.046875 0.16805555555555557
0 0.51953125 0.04722222222222222 0.025 0.09444444444444444
0 0.530859375 0.5930555555555556 0.0578125 0.18611111111111112
0 0.030078125 0.2076388888888889 0.03828125 0.12916666666666668
0 0.98203125 0.6076388888888888 0.0359375 0.1763888888888889
0 0.44921875 0.04861111111111111 0.03203125 0.09027777777777778
0 0.630078125 0.027083333333333334 0.02421875 0.05416666666666667
0 0.717578125 0.0625 0.02734375 0.125
0 0.941015625 0.17083333333333334 0.03203125 0.10833333333333334
0 0.426171875 0.05486111111111111 0.0296875 0.09722222222222222
0 0.5453125 0.3680555555555556 0.02890625 0.12916666666666668
0 0.1109375 0.1597222222222222 0.03984375 0.12916666666666668
0 0.164453125 0.9840277777777777 0.05546875 0.03194444444444444
0 0.281640625 0.08402777777777778 0.0203125 0.09722222222222222
0 0.219921875 0.5486111111111112 0.046875 0.15694444444444444
0 0.223828125 0.4736111111111111 0.028125 0.06805555555555555
0 0.59609375 0.029861111111111113 0.0265625 0.059722222222222225
0 0.1890625 0.5298611111111111 0.03671875 0.14305555555555555
0 0.25234375 0.5305555555555556 0.04140625 0.1375
0 0.584765625 0.03611111111111111 0.0203125 0.06666666666666667