0 0.576953125 0.8 0.08046875 0.1638888888888889
0 0.71796875 0.4173611111111111 0.06484375 0.1375
0 0.391015625 0.9104166666666667 0.07578125 0.13472222222222222
0 0.861328125 0.40625 0.059375 0.12777777777777777
0 0.66328125 0.26944444444444443 0.059375 0.12777777777777777
0 0.619140625 0.16111111111111112 0.059375 0.125
0 0.353125 0.5923611111111111 0.08515625 0.18333333333333332
0 0.52109375 0.4166666666666667 0.06953125 0.15
0 0.8953125 0.8840277777777777 0.07890625 0.15833333333333333
0 0.644140625 0.19236111111111112 0.04921875 0.10555555555555556
0 0.16953125 0.6145833333333334 0.0921875 0.19166666666666668
0 0.453125 0.7888888888888889 0.10234375 0.21388888888888888
0 0.82265625 0.3597222222222222 0.05859375 0.12916666666666668
0 0.640234375 0.09722222222222222 0.040625 0.07222222222222222
0 0.776171875 0.27708333333333335 0.0515625 0.10833333333333334
0 0.446484375 0.2388888888888889 0.08828125 0.18333333333333332
0 0.062109375 0.5145833333333333 0.09296875 0.17777777777777778
0 0.764453125 0.24305555555555555 0.040625 0.07916666666666666
0 0.615234375 0.3326388888888889 0.05546875 0.125
0 0.976953125 0.6611111111111111 0.04609375 0.16111111111111112
0 0.973046875 0.7486111111111111 0.05390625 0.1361111111111111
0 0.530078125 0.009722222222222222 0.04140625 0.019444444444444445
0 0.590234375 0.030555555555555555 0.02578125 0.04583333333333333
0 0.608203125 0.05416666666666667 0.02890625 0.05277777777777778
0 0.2578125 0.25069444444444444 0.08203125 0.16805555555555557
0 0.290625 0.20625 0.0390625 0.075
0 0.731640625 0.21319444444444444 0.04765625 0.09166666666666666
0 0.2859375 0.2701388888888889 0.071875 0.14722222222222223
0 0.523046875 0.034027777777777775 0.05390625 0.06805555555555555
0 0.23671875 0.20902777777777778 0.071875 0.15416666666666667
0 0.049609375 0.5048611111111111 0.08203125 0.16527777777777777
0 0.055078125 0.5381944444444444 0.07578125 0.13333333333333333
0 0.71875 0.20277777777777778 0.0421875 0.0875