0 0.403125 0.5604166666666667 0.03828125 0.14583333333333334
0 0.499609375 0.16180555555555556 0.03515625 0.12222222222222222
0 0.962890625 0.5673611111111111 0.04921875 0.14444444444444443
0 0.66796875 0.14583333333333334 0.028125 0.12361111111111112
0 0.981640625 0.1527777777777778 0.03671875 0.12361111111111112
0 0.9703125 0.09027777777777778 0.03046875 0.12222222222222222
0 0.811328125 0.8083333333333333 0.04921875 0.19027777777777777
0 0.56171875 0.08541666666666667 0.02578125 0.1125
0 0.50625 0.5479166666666667 0.0390625 0.16111111111111112
0 0.67578125 0.89375 0.0453125 0.1638888888888889
0 0.897265625 0.12152777777777778 0.0546875 0.11666666666666667
0 0.532421875 0.16041666666666668 0.02578125 0.10555555555555556
0 0.03828125 0.1701388888888889 0.03515625 0.11527777777777778
0 0.935546875 0.09652777777777778 0.0296875 0.11805555555555555
0 0.61015625 0.7861111111111111 0.0515625 0.2
0 0.676171875 0.027777777777777776 0.025 0.05555555555555555
0 0.731640625 0.08125 0.0234375 0.125
0 0.551953125 0.9541666666666667 0.0609375 0.09166666666666666
0 0.10625 0.24583333333333332 0.0453125 0.14444444444444443
0 0.387890625 0.24305555555555555 0.03671875 0.1527777777777778
0 0.754296875 0.03819444444444445 0.03125 0.0763888888888889
0 0.64453125 0.03333333333333333 0.02109375 0.06666666666666667
0 0.610546875 0.03611111111111111 0.02421875 0.07222222222222222
0 0.51015625 0.05555555555555555 0.028125 0.1111111111111111
0 0.019921875 0.6173611111111111 0.03984375 0.17777777777777778
0 0.5515625 0.1701388888888889 0.021875 0.10833333333333334
0 0.5921875 0.04513888888888889 0.01875 0.06944444444444445
0 0.249609375 0.5069444444444444 0.03125 0.125
0 0.778125 0.9638888888888889 0.0515625 0.07222222222222222
0 0.218359375 0.5194444444444445 0.04140625 0.15416666666666667
0 0.189453125 0.4979166666666667 0.0375 0.15
0 0.0109375 0.3368055555555556 0.021875 0.13055555555555556
0 0.439453125 0.06527777777777778 0.0203125 0.09444444444444444
0 0.99296875 0.3375 0.0140625 0.0875
0 0.5203125 0.02013888888888889 0.01953125 0.04027777777777778
0 0.991015625 0.2298611111111111 0.01796875 0.09444444444444444
0 0.496875 0.01875 0.0171875 0.0375
0 0.587890625 0.04027777777777778 0.01796875 0.06944444444444445