0 0.785546875 0.5208333333333334 0.04140625 0.15555555555555556
0 0.76171875 0.7298611111111111 0.0609375 0.1875
0 0.61328125 0.5222222222222223 0.03984375 0.14583333333333334
0 0.15234375 0.4861111111111111 0.03984375 0.15
0 0.77578125 0.37569444444444444 0.0359375 0.14166666666666666
0 0.64140625 0.17569444444444443 0.02890625 0.12361111111111112
0 0.39140625 0.04861111111111111 0.0328125 0.09166666666666666
0 0.5296875 0.1597222222222222 0.034375 0.13055555555555556
0 0.577734375 0.09791666666666667 0.02265625 0.09305555555555556
0 0.410546875 0.48055555555555557 0.03515625 0.1486111111111111
0 0.623046875 0.9263888888888889 0.05546875 0.14166666666666666
0 0.886328125 0.06736111111111111 0.0296875 0.1111111111111111
0 0.49765625 0.22916666666666666 0.03203125 0.12777777777777777
0 0.916015625 0.12986111111111112 0.0328125 0.1111111111111111
0 0.69140625 0.05416666666666667 0.0234375 0.09305555555555556
0 0.368359375 0.6729166666666667 0.0421875 0.17916666666666667
0 0.06171875 0.1736111111111111 0.03125 0.12222222222222222
0 0.948828125 0.20347222222222222 0.0296875 0.11666666666666667
0 0.3859375 0.2826388888888889 0.03046875 0.1375
0 0.12265625 0.0875 0.02890625 0.1125
0 0.9 0.21319444444444444 0.046875 0.13194444444444445
0 0.956640625 0.02361111111111111 0.0234375 0.04722222222222222
0 0.042578125 0.8180555555555555 0.0578125 0.1763888888888889
0 0.738671875 0.0375 0.02421875 0.06944444444444445
0 0.202734375 0.0763888888888889 0.03046875 0.10555555555555556
0 0.85 0.06180555555555556 0.02890625 0.10416666666666667
0 0.31171875 0.22777777777777777 0.03125 0.08472222222222223
0 0.47890625 0.14166666666666666 0.02578125 0.10833333333333334
0 0.3171875 0.3236111111111111 0.04375 0.13472222222222222
0 0.9828125 0.7236111111111111 0.034375 0.13194444444444445
0 0.621484375 0.19444444444444445 0.02421875 0.11805555555555555
0 0.431640625 0.12986111111111112 0.03046875 0.11805555555555555
0 0.0921875 0.021527777777777778 0.02421875 0.043055555555555555
0 0.22578125 0.475 0.025 0.06111111111111111
0 0.455078125 0.12569444444444444 0.02578125 0.125
0 0.83515625 0.06527777777777778 0.0203125 0.09861111111111111
0 0.19765625 0.5333333333333333 0.04296875 0.1527777777777778
0 0.25234375 0.5340277777777778 0.03828125 0.13333333333333333
0 0.483203125 0.0375 0.01640625 0.06805555555555555
0 0.7359375 0.11388888888888889 0.028125 0.11944444444444445
0 0.19140625 0.02361111111111111 0.03203125 0.04722222222222222
0 0.99375 0.1326388888888889 0.0125 0.10416666666666667
0 0.21875 0.5520833333333334 0.04140625 0.14583333333333334
0 0.421875 0.00625 0.01640625 0.0125