0 0.933984375 0.2743055555555556 0.03828125 0.14166666666666666
0 0.49375 0.37222222222222223 0.0359375 0.13472222222222222
0 0.5890625 0.20972222222222223 0.02890625 0.10555555555555556
0 0.640234375 0.9229166666666667 0.05234375 0.15416666666666667
0 0.56953125 0.5916666666666667 0.040625 0.16944444444444445
0 0.876171875 0.8513888888888889 0.05546875 0.175
0 0.868359375 0.6826388888888889 0.0484375 0.1597222222222222
0 0.959765625 0.3701388888888889 0.0421875 0.14166666666666666
0 0.583203125 0.84375 0.04609375 0.1638888888888889
0 0.3859375 0.11666666666666667 0.0265625 0.1125
0 0.885546875 0.4479166666666667 0.04453125 0.15694444444444444
0 0.094921875 0.7944444444444444 0.05546875 0.18472222222222223
0 0.624609375 0.32222222222222224 0.03125 0.12361111111111112
0 0.36875 0.9472222222222222 0.06171875 0.10555555555555556
0 0.39765625 0.26875 0.028125 0.12222222222222222
0 0.535546875 0.28888888888888886 0.03984375 0.15138888888888888
0 0.018359375 0.5569444444444445 0.03671875 0.17916666666666667
0 0.73125 0.09027777777777778 0.02421875 0.12916666666666668
0 0.70078125 0.05 0.028125 0.09861111111111111
0 0.11640625 0.9118055555555555 0.0671875 0.17083333333333334
0 0.98984375 0.22152777777777777 0.0203125 0.10277777777777777
0 0.542578125 0.8152777777777778 0.03671875 0.175
0 0.608984375 0.0625 0.028125 0.1111111111111111
0 0.512890625 0.044444444444444446 0.02265625 0.08333333333333333
0 0.375 0.37222222222222223 0.0390625 0.15416666666666667
0 0.583984375 0.01597222222222222 0.0265625 0.03194444444444444
0 0.059375 0.15833333333333333 0.028125 0.11666666666666667
0 0.31796875 0.46458333333333335 0.05390625 0.1625
0 0.081640625 0.09583333333333334 0.0265625 0.09583333333333334
0 0.623828125 0.059027777777777776 0.025 0.11527777777777778
0 0.90546875 0.15555555555555556 0.0328125 0.125
0 0.890234375 0.09583333333333334 0.02890625 0.09861111111111111
0 0.428125 0.10208333333333333 0.025 0.11805555555555555
0 0.314453125 0.3541666666666667 0.0375 0.1111111111111111
0 0.909375 0.13194444444444445 0.0328125 0.07222222222222222
0 0.48671875 0.10416666666666667 0.02734375 0.11805555555555555
0 0.131640625 0.03819444444444445 0.0390625 0.07361111111111111
0 0.459375 0.10902777777777778 0.02734375 0.11805555555555555
0 0.99140625 0.35138888888888886 0.0171875 0.10833333333333334
0 0.226171875 0.4583333333333333 0.02265625 0.05555555555555555
0 0.87421875 0.10416666666666667 0.02421875 0.10972222222222222
0 0.191796875 0.5131944444444444 0.03359375 0.14722222222222223
0 0.21796875 0.5298611111111111 0.0453125 0.15138888888888888
0 0.6609375 0.052083333333333336 0.02578125 0.09305555555555556
0 0.253515625 0.5326388888888889 0.04921875 0.14444444444444443
0 0.650390625 0.04375 0.01875 0.075
0 0.662890625 0.020833333333333332 0.02109375 0.041666666666666664