0 0.40859375 0.5916666666666667 0.04765625 0.1625
0 0.48046875 0.16041666666666668 0.0421875 0.12777777777777777
0 0.961328125 0.06805555555555555 0.03828125 0.13055555555555556
0 0.96328125 0.4736111111111111 0.0578125 0.15694444444444444
0 0.944921875 0.034027777777777775 0.03984375 0.06805555555555555
0 0.503125 0.5284722222222222 0.04453125 0.15694444444444444
0 0.695703125 0.8326388888888889 0.05390625 0.15833333333333333
0 0.644140625 0.12152777777777778 0.0375 0.12777777777777777
0 0.825390625 0.7708333333333334 0.06015625 0.2013888888888889
0 0.53671875 0.08194444444444444 0.03359375 0.1125
0 0.51171875 0.15069444444444444 0.03125 0.10694444444444444
0 0.878515625 0.05694444444444444 0.04609375 0.11388888888888889
0 0.628515625 0.7763888888888889 0.0640625 0.20555555555555555
0 0.093359375 0.3111111111111111 0.053125 0.15
0 0.64765625 0.014583333333333334 0.0296875 0.029166666666666667
0 0.021484375 0.2569444444444444 0.04140625 0.12083333333333333
0 0.705859375 0.05277777777777778 0.03046875 0.10555555555555556
0 0.728125 0.018055555555555554 0.0328125 0.03611111111111111
0 0.910546875 0.041666666666666664 0.03828125 0.08333333333333333
0 0.571875 0.9298611111111111 0.07421875 0.13055555555555556
0 0.61640625 0.022222222222222223 0.025 0.044444444444444446
0 0.5828125 0.027777777777777776 0.028125 0.05555555555555555
0 0.372265625 0.2659722222222222 0.04765625 0.1638888888888889
0 0.803125 0.9180555555555555 0.053125 0.06388888888888888
0 0.531640625 0.1673611111111111 0.02890625 0.10833333333333334
0 0.032421875 0.7069444444444445 0.05546875 0.18611111111111112
0 0.564453125 0.03263888888888889 0.02265625 0.06527777777777778
0 0.4828125 0.05625 0.0375 0.1125
0 0.008984375 0.42569444444444443 0.01796875 0.13194444444444445
0 0.41328125 0.07916666666666666 0.028125 0.09583333333333334
0 0.252734375 0.5590277777777778 0.03984375 0.13333333333333333
0 0.978515625 0.23680555555555555 0.0234375 0.1111111111111111
0 0.22109375 0.5708333333333333 0.05234375 0.1638888888888889
0 0.190625 0.5534722222222223 0.0484375 0.16111111111111112
0 0.49140625 0.018055555555555554 0.021875 0.03611111111111111
0 0.4078125 0.0798611111111111 0.021875 0.09305555555555556
0 0.346875 0.0375 0.0234375 0.027777777777777776
0 0.56015625 0.03125 0.021875 0.0625
0 0.139453125 0.075 0.03046875 0.02638888888888889
0 0.46796875 0.020833333333333332 0.01875 0.0375
0 0.226171875 0.5013888888888889 0.02265625 0.05277777777777778
0 0.97578125 0.14305555555555555 0.0171875 0.09722222222222222