0 0.38984375 0.16597222222222222 0.06171875 0.12916666666666668
0 0.551171875 0.09444444444444444 0.06484375 0.1388888888888889
0 0.452734375 0.12152777777777778 0.0578125 0.12638888888888888
0 0.020703125 0.6354166666666666 0.04140625 0.12916666666666668
0 0.8796875 0.07847222222222222 0.08125 0.15694444444444444
0 0.7046875 0.5520833333333334 0.07734375 0.16527777777777777
0 0.884375 0.6 0.0828125 0.15694444444444444
0 0.415234375 0.14166666666666666 0.04921875 0.10833333333333334
0 0.777734375 0.68125 0.10390625 0.20972222222222223
0 0.469140625 0.7270833333333333 0.08828125 0.18611111111111112
0 0.638671875 0.7430555555555556 0.1078125 0.22777777777777777
0 0.48046875 0.4527777777777778 0.06953125 0.15416666666666667
0 0.364453125 0.09861111111111111 0.04296875 0.08055555555555556
0 0.2828125 0.22013888888888888 0.05234375 0.10972222222222222
0 0.341015625 0.4354166666666667 0.08671875 0.18333333333333332
0 0.0859375 0.5833333333333334 0.075 0.15416666666666667
0 0.460546875 0.01875 0.03984375 0.0375
0 0.252734375 0.21041666666666667 0.03359375 0.06388888888888888
0 0.26484375 0.76875 0.0828125 0.17222222222222222
0 0.663671875 0.8895833333333333 0.0546875 0.0763888888888889
0 0.463671875 0.21805555555555556 0.053125 0.12083333333333333
0 0.258203125 0.6965277777777777 0.0375 0.07083333333333333
0 0.325390625 0.11944444444444445 0.02265625 0.03888888888888889
0 0.30625 0.13958333333333334 0.02265625 0.03888888888888889
0 0.23359375 0.7833333333333333 0.06953125 0.15138888888888888
0 0.284765625 0.7291666666666666 0.06875 0.14583333333333334
0 0.448046875 0.029166666666666667 0.03515625 0.058333333333333334
0 0.0234375 0.7763888888888889 0.046875 0.11666666666666667