0 0.658984375 0.26458333333333334 0.0328125 0.13055555555555556
0 0.571484375 0.17916666666666667 0.02890625 0.11805555555555555
0 0.5 0.08402777777777778 0.03046875 0.11666666666666667
0 0.038671875 0.17291666666666666 0.0359375 0.10694444444444444
0 0.519140625 0.9173611111111111 0.0484375 0.16527777777777777
0 0.11484375 0.8777777777777778 0.05625 0.17777777777777778
0 0.409765625 0.775 0.04375 0.17222222222222222
0 0.943359375 0.43194444444444446 0.04453125 0.15
0 0.785546875 0.10833333333333334 0.02734375 0.11527777777777778
0 0.490234375 0.37916666666666665 0.03203125 0.1388888888888889
0 0.530078125 0.09305555555555556 0.0234375 0.10138888888888889
0 0.2578125 0.8416666666666667 0.04765625 0.18055555555555555
0 0.544140625 0.7340277777777777 0.05390625 0.19027777777777777
0 0.6484375 0.6326388888888889 0.0359375 0.1388888888888889
0 0.493359375 0.02638888888888889 0.028125 0.05277777777777778
0 0.1203125 0.16666666666666666 0.03828125 0.12638888888888888
0 0.659765625 0.06388888888888888 0.0265625 0.10555555555555556
0 0.433984375 0.025694444444444443 0.025 0.05138888888888889
0 0.38125 0.3590277777777778 0.04765625 0.18472222222222223
0 0.7296875 0.08125 0.0203125 0.11944444444444445
0 0.458984375 0.02847222222222222 0.0265625 0.05694444444444444
0 0.547265625 0.28194444444444444 0.02265625 0.11527777777777778
0 0.942578125 0.017361111111111112 0.0390625 0.034722222222222224
0 0.370703125 0.04652777777777778 0.0265625 0.09305555555555556
0 0.062109375 0.017361111111111112 0.03046875 0.034722222222222224
0 0.9828125 0.2125 0.034375 0.21666666666666667
0 0.644921875 0.03263888888888889 0.021875 0.06527777777777778
0 0.218359375 0.5222222222222223 0.04453125 0.15
0 0.391015625 0.02361111111111111 0.01953125 0.04722222222222222
0 0.348828125 0.06875 0.0265625 0.09444444444444444
0 0.61015625 0.034722222222222224 0.0234375 0.06944444444444445
0 0.233984375 0.44930555555555557 0.02578125 0.06944444444444445
0 0.250390625 0.5152777777777777 0.0375 0.12638888888888888
0 0.18828125 0.5048611111111111 0.03359375 0.14166666666666666
0 0.343359375 0.07152777777777777 0.01953125 0.0875