0 0.5 0.12569444444444444 0.03203125 0.1125
0 0.56640625 0.12569444444444444 0.028125 0.11527777777777778
0 0.803125 0.9159722222222222 0.053125 0.16111111111111112
0 0.662109375 0.7583333333333333 0.046875 0.15138888888888888
0 0.40078125 0.6388888888888888 0.04140625 0.15694444444444444
0 0.497265625 0.4673611111111111 0.0328125 0.14444444444444443
0 0.93984375 0.15069444444444444 0.05546875 0.12222222222222222
0 0.95078125 0.5048611111111111 0.0484375 0.1597222222222222
0 0.731640625 0.08055555555555556 0.02265625 0.12083333333333333
0 0.548046875 0.8902777777777777 0.0578125 0.21944444444444444
0 0.661328125 0.19166666666666668 0.03046875 0.13055555555555556
0 0.53046875 0.12222222222222222 0.02578125 0.09861111111111111
0 0.767578125 0.05694444444444444 0.02734375 0.1125
0 0.0390625 0.16944444444444445 0.0359375 0.10833333333333334
0 0.6734375 0.04236111111111111 0.0265625 0.08055555555555556
0 0.2421875 0.9458333333333333 0.05625 0.10416666666666667
0 0.67109375 0.8729166666666667 0.05078125 0.2
0 0.38203125 0.2847222222222222 0.0453125 0.16805555555555557
0 0.645703125 0.03263888888888889 0.01953125 0.06527777777777778
0 0.98515625 0.11666666666666667 0.0296875 0.11944444444444445
0 0.11484375 0.20416666666666666 0.0515625 0.14166666666666666
0 0.550390625 0.2125 0.0234375 0.11666666666666667
0 0.611328125 0.035416666666666666 0.0234375 0.07083333333333333
0 0.370703125 0.025694444444444443 0.0234375 0.05138888888888889
0 0.50234375 0.03819444444444445 0.028125 0.0763888888888889
0 0.219140625 0.51875 0.04296875 0.15
0 0.402734375 0.06319444444444444 0.0171875 0.1
0 0.986328125 0.0125 0.0265625 0.025
0 0.59375 0.04583333333333333 0.01953125 0.06805555555555555
0 0.96015625 0.10069444444444445 0.0265625 0.0763888888888889
0 0.23515625 0.45 0.02734375 0.06527777777777778
0 0.437890625 0.010416666666666666 0.0171875 0.020833333333333332
0 0.127734375 0.011805555555555555 0.02578125 0.022222222222222223
0 0.248828125 0.5055555555555555 0.0359375 0.12638888888888888
0 0.007421875 0.3076388888888889 0.0140625 0.10138888888888889
0 0.98671875 0.2625 0.0265625 0.18055555555555555
0 0.188671875 0.5 0.0328125 0.14305555555555555
0 0.4609375 0.014583333333333334 0.01484375 0.029166666666666667
0 0.987109375 0.2972222222222222 0.02578125 0.10555555555555556
0 0.96328125 0.11388888888888889 0.0265625 0.10277777777777777
0 0.590234375 0.04027777777777778 0.01796875 0.06805555555555555
0 0.4078125 0.0625 0.01953125 0.1
0 0.149609375 0.9895833333333334 0.05234375 0.020833333333333332
0 0.519921875 0.005555555555555556 0.021875 0.011111111111111112