0 0.7828125 0.09236111111111112 0.028125 0.12083333333333333
0 0.57109375 0.16666666666666666 0.02890625 0.11805555555555555
0 0.039453125 0.17222222222222222 0.03828125 0.1111111111111111
0 0.125 0.9152777777777777 0.06015625 0.1638888888888889
0 0.49921875 0.09652777777777778 0.0296875 0.1111111111111111
0 0.491015625 0.4027777777777778 0.034375 0.14166666666666666
0 0.65390625 0.6576388888888889 0.0421875 0.1361111111111111
0 0.948046875 0.4486111111111111 0.04453125 0.15555555555555556
0 0.526953125 0.9361111111111111 0.05078125 0.12083333333333333
0 0.546484375 0.7736111111111111 0.05390625 0.1986111111111111
0 0.5296875 0.09861111111111111 0.0234375 0.1
0 0.659765625 0.24513888888888888 0.034375 0.1388888888888889
0 0.255078125 0.8861111111111111 0.046875 0.18194444444444444
0 0.406640625 0.7395833333333334 0.04296875 0.17083333333333334
0 0.730859375 0.07916666666666666 0.01953125 0.12083333333333333
0 0.3765625 0.33958333333333335 0.04453125 0.1597222222222222
0 0.7421875 0.9555555555555556 0.06015625 0.08888888888888889
0 0.498046875 0.02638888888888889 0.0265625 0.05277777777777778
0 0.11953125 0.1763888888888889 0.03984375 0.13472222222222222
0 0.6640625 0.06041666666666667 0.0265625 0.10416666666666667
0 0.64609375 0.03125 0.02265625 0.0625
0 0.548828125 0.25833333333333336 0.02265625 0.11805555555555555
0 0.08203125 0.01597222222222222 0.0359375 0.03194444444444444
0 0.435546875 0.021527777777777778 0.01953125 0.043055555555555555
0 0.3703125 0.03333333333333333 0.025 0.06666666666666667
0 0.21953125 0.5201388888888889 0.04375 0.15
0 0.458984375 0.022222222222222223 0.01953125 0.044444444444444446
0 0.36796875 0.07361111111111111 0.02734375 0.08194444444444444
0 0.97890625 0.19444444444444445 0.0421875 0.22083333333333333
0 0.393359375 0.019444444444444445 0.01640625 0.03888888888888889
0 0.61171875 0.0375 0.0265625 0.075
0 0.234765625 0.44930555555555557 0.025 0.06527777777777778
0 0.9640625 0.01597222222222222 0.02890625 0.03194444444444444
0 0.250390625 0.5118055555555555 0.0359375 0.12777777777777777
0 0.98984375 0.2638888888888889 0.0203125 0.12916666666666668
0 0.3890625 0.01875 0.01875 0.0375
0 0.005859375 0.2708333333333333 0.0109375 0.11527777777777778
0 0.18984375 0.5041666666666667 0.03359375 0.14027777777777778
0 0.5953125 0.04861111111111111 0.0203125 0.06527777777777778
0 0.58984375 0.04513888888888889 0.01875 0.06527777777777778