0 0.67109375 0.1284722222222222 0.028125 0.11805555555555555
0 0.67734375 0.9263888888888889 0.04921875 0.14027777777777778
0 0.406640625 0.5354166666666667 0.0359375 0.14583333333333334
0 0.96796875 0.5972222222222222 0.0515625 0.15833333333333333
0 0.5 0.17152777777777778 0.03203125 0.11805555555555555
0 0.556640625 0.075 0.02421875 0.10138888888888889
0 0.77578125 0.9354166666666667 0.04921875 0.12222222222222222
0 0.816796875 0.7729166666666667 0.0453125 0.18611111111111112
0 0.880078125 0.11319444444444444 0.03515625 0.11388888888888889
0 0.975390625 0.14027777777777778 0.03671875 0.11666666666666667
0 0.5 0.5673611111111111 0.03671875 0.14722222222222223
0 0.961328125 0.0763888888888889 0.03125 0.11388888888888889
0 0.731640625 0.08194444444444444 0.02109375 0.11944444444444445
0 0.533203125 0.16944444444444445 0.02734375 0.10416666666666667
0 0.92578125 0.07847222222222222 0.03125 0.10972222222222222
0 0.390234375 0.22152777777777777 0.0328125 0.1375
0 0.985546875 0.2 0.02890625 0.11944444444444445
0 0.022265625 0.6472222222222223 0.04453125 0.18888888888888888
0 0.5859375 0.7472222222222222 0.0484375 0.1875
0 0.451953125 0.06111111111111111 0.02109375 0.09583333333333334
0 0.037109375 0.17152777777777778 0.03515625 0.11388888888888889
0 0.64375 0.034027777777777775 0.021875 0.06805555555555555
0 0.67578125 0.02013888888888889 0.02578125 0.04027777777777778
0 0.74765625 0.030555555555555555 0.02421875 0.06111111111111111
0 0.101953125 0.25833333333333336 0.05234375 0.14722222222222223
0 0.61015625 0.03680555555555556 0.0234375 0.07361111111111111
0 0.5921875 0.04027777777777778 0.01875 0.06388888888888888
0 0.51015625 0.06111111111111111 0.03125 0.12222222222222222
0 0.55234375 0.16180555555555556 0.01953125 0.09444444444444444
0 0.896484375 0.10694444444444444 0.028125 0.11805555555555555
0 0.2171875 0.51875 0.04375 0.1527777777777778
0 0.251953125 0.5111111111111111 0.03203125 0.12916666666666668
0 0.01328125 0.3548611111111111 0.02578125 0.14166666666666666
0 0.52109375 0.02013888888888889 0.02109375 0.04027777777777778
0 0.188671875 0.4930555555555556 0.034375 0.1486111111111111
0 0.552734375 0.9847222222222223 0.0640625 0.030555555555555555
0 0.22578125 0.45902777777777776 0.02109375 0.059722222222222225
0 0.50078125 0.022222222222222223 0.0203125 0.044444444444444446