0 0.7890625 0.5368055555555555 0.04375 0.1486111111111111
0 0.133984375 0.08055555555555556 0.03125 0.1125
0 0.6203125 0.9118055555555555 0.05078125 0.1763888888888889
0 0.7796875 0.39166666666666666 0.0375 0.14027777777777778
0 0.38828125 0.044444444444444446 0.0265625 0.08472222222222223
0 0.754296875 0.7368055555555556 0.053125 0.17083333333333334
0 0.57890625 0.10208333333333333 0.02265625 0.09444444444444444
0 0.4984375 0.2388888888888889 0.03125 0.125
0 0.691796875 0.052083333333333336 0.0234375 0.09305555555555556
0 0.146875 0.5104166666666666 0.0421875 0.1625
0 0.046875 0.8236111111111111 0.06015625 0.17916666666666667
0 0.981640625 0.6930555555555555 0.03671875 0.17222222222222222
0 0.624609375 0.18125 0.03046875 0.11666666666666667
0 0.951953125 0.2048611111111111 0.0359375 0.125
0 0.5328125 0.17291666666666666 0.0390625 0.14027777777777778
0 0.888671875 0.07152777777777777 0.03125 0.1111111111111111
0 0.95703125 0.022916666666666665 0.021875 0.04583333333333333
0 0.641015625 0.1673611111111111 0.028125 0.13055555555555556
0 0.060546875 0.17222222222222222 0.03203125 0.12083333333333333
0 0.3703125 0.6479166666666667 0.04375 0.18472222222222223
0 0.385546875 0.2722222222222222 0.0296875 0.1375
0 0.612109375 0.5069444444444444 0.03984375 0.14722222222222223
0 0.414453125 0.4666666666666667 0.04140625 0.15416666666666667
0 0.853125 0.06319444444444444 0.02890625 0.10416666666666667
0 0.209765625 0.06736111111111111 0.03046875 0.10833333333333334
0 0.453515625 0.12222222222222222 0.025 0.12222222222222222
0 0.73828125 0.03819444444444445 0.02734375 0.07083333333333333
0 0.42890625 0.12569444444444444 0.0265625 0.125
0 0.0953125 0.01597222222222222 0.0296875 0.03194444444444444
0 0.3125 0.23333333333333334 0.03203125 0.08611111111111111
0 0.316015625 0.32430555555555557 0.04296875 0.1375
0 0.905078125 0.21041666666666667 0.0484375 0.15138888888888888
0 0.4171875 0.022916666666666665 0.03046875 0.04583333333333333
0 0.484765625 0.03611111111111111 0.021875 0.06944444444444445
0 0.19765625 0.5208333333333334 0.03515625 0.14166666666666666
0 0.25078125 0.5319444444444444 0.03984375 0.12916666666666668
0 0.2265625 0.4701388888888889 0.0234375 0.05555555555555555
0 0.740625 0.08472222222222223 0.03125 0.16944444444444445
0 0.482421875 0.12708333333333333 0.02890625 0.11944444444444445
0 0.908984375 0.16458333333333333 0.04609375 0.15555555555555556
0 0.8375 0.06805555555555555 0.01875 0.10277777777777777
0 0.9171875 0.1284722222222222 0.03515625 0.0875
0 0.1984375 0.011805555555555555 0.03125 0.02361111111111111
0 0.734375 0.1076388888888889 0.02421875 0.12222222222222222
0 0.218359375 0.5472222222222223 0.03984375 0.15
0 0.99453125 0.12916666666666668 0.0109375 0.10416666666666667
0 0.1625 0.006944444444444444 0.028125 0.013888888888888888
0 0.6703125 0.0798611111111111 0.01953125 0.06805555555555555