0 0.562109375 0.10694444444444444 0.02734375 0.1111111111111111
0 0.664453125 0.1701388888888889 0.02890625 0.12361111111111112
0 0.500390625 0.1423611111111111 0.0296875 0.11527777777777778
0 0.917578125 0.14027777777777778 0.04609375 0.125
0 0.954296875 0.5354166666666667 0.0484375 0.14166666666666666
0 0.402734375 0.6006944444444444 0.03984375 0.15
0 0.549609375 0.9145833333333333 0.06015625 0.17083333333333334
0 0.806640625 0.8763888888888889 0.046875 0.20277777777777778
0 0.762109375 0.04861111111111111 0.0265625 0.09444444444444444
0 0.109375 0.23055555555555557 0.04609375 0.14166666666666666
0 0.0375 0.16944444444444445 0.03203125 0.1125
0 0.730859375 0.08125 0.021875 0.125
0 0.380078125 0.2708333333333333 0.04453125 0.15555555555555556
0 0.531640625 0.14375 0.02578125 0.10416666666666667
0 0.550390625 0.18888888888888888 0.0234375 0.10694444444444444
0 0.67578125 0.03333333333333333 0.02578125 0.06666666666666667
0 0.49921875 0.5083333333333333 0.03515625 0.15833333333333333
0 0.644140625 0.03333333333333333 0.0203125 0.06666666666666667
0 0.94609375 0.10347222222222222 0.02890625 0.10833333333333334
0 0.9890625 0.3055555555555556 0.021875 0.11388888888888889
0 0.670703125 0.8236111111111111 0.04140625 0.1597222222222222
0 0.9859375 0.17430555555555555 0.028125 0.125
0 0.610546875 0.03611111111111111 0.02265625 0.07222222222222222
0 0.507421875 0.04722222222222222 0.02890625 0.09444444444444444
0 0.979296875 0.10277777777777777 0.03671875 0.11527777777777778
0 0.59296875 0.04652777777777778 0.01875 0.06805555555555555
0 0.37265625 0.018055555555555554 0.01953125 0.03611111111111111
0 0.236328125 0.9868055555555556 0.05703125 0.02638888888888889
0 0.216796875 0.5152777777777777 0.04375 0.1597222222222222
0 0.252734375 0.5104166666666666 0.03671875 0.1361111111111111
0 0.425390625 0.06597222222222222 0.01484375 0.09444444444444444
0 0.65234375 0.8319444444444445 0.0703125 0.19027777777777777
0 0.229296875 0.4486111111111111 0.01953125 0.05138888888888889
0 0.187890625 0.4979166666666667 0.0375 0.1527777777777778
0 0.638671875 0.8319444444444445 0.04453125 0.17916666666666667
0 0.008203125 0.3138888888888889 0.015625 0.12361111111111112
0 0.5203125 0.0125 0.01796875 0.025
0 0.5890625 0.041666666666666664 0.0171875 0.06805555555555555
0 0.4953125 0.011805555555555555 0.015625 0.02361111111111111
0 0.46015625 0.008333333333333333 0.0171875 0.015277777777777777
0 0.007421875 0.6069444444444444 0.01484375 0.14305555555555555
0 0.440234375 0.00625 0.01640625 0.0125