0 0.617578125 0.36944444444444446 0.0328125 0.11666666666666667
0 0.569140625 0.3423611111111111 0.03359375 0.14027777777777778
0 0.9609375 0.49236111111111114 0.04765625 0.16111111111111112
0 0.495703125 0.5868055555555556 0.03984375 0.15
0 0.287890625 0.5527777777777778 0.0359375 0.1375
0 0.4390625 0.06666666666666667 0.0234375 0.11527777777777778
0 0.4890625 0.21388888888888888 0.028125 0.11944444444444445
0 0.378515625 0.6083333333333333 0.05234375 0.1875
0 0.2984375 0.7229166666666667 0.04453125 0.17777777777777778
0 0.50078125 0.027777777777777776 0.02734375 0.05555555555555555
0 0.369921875 0.17916666666666667 0.028125 0.12916666666666668
0 0.66953125 0.5118055555555555 0.03984375 0.15
0 0.826171875 0.24791666666666667 0.034375 0.1388888888888889
0 0.385546875 0.11527777777777778 0.0234375 0.1111111111111111
0 0.919921875 0.2673611111111111 0.04140625 0.1388888888888889
0 0.1140625 0.8201388888888889 0.053125 0.17916666666666667
0 0.616796875 0.17291666666666666 0.0296875 0.11527777777777778
0 0.459375 0.06458333333333334 0.028125 0.11527777777777778
0 0.12421875 0.08055555555555556 0.0328125 0.12083333333333333
0 0.55 0.48194444444444445 0.0265625 0.1375
0 0.5328125 0.025694444444444443 0.0234375 0.05138888888888889
0 0.95234375 0.16666666666666666 0.0328125 0.11944444444444445
0 0.73125 0.08194444444444444 0.0234375 0.12361111111111112
0 0.93359375 0.16111111111111112 0.03203125 0.1
0 0.508203125 0.45902777777777776 0.04296875 0.15138888888888888
0 0.22734375 0.06597222222222222 0.0234375 0.09444444444444444
0 0.05078125 0.15625 0.0296875 0.11944444444444445
0 0.778125 0.016666666666666666 0.03359375 0.03333333333333333
0 0.225 0.44583333333333336 0.0234375 0.0625
0 0.38203125 0.022222222222222223 0.0171875 0.044444444444444446
0 0.65390625 0.03611111111111111 0.028125 0.07222222222222222
0 0.01171875 0.6048611111111111 0.0234375 0.12083333333333333
0 0.25 0.5090277777777777 0.0328125 0.13194444444444445
0 0.21953125 0.5194444444444445 0.04296875 0.1527777777777778
0 0.190625 0.5006944444444444 0.03359375 0.14583333333333334
0 0.63359375 0.034027777777777775 0.02578125 0.06805555555555555
0 0.612109375 0.04097222222222222 0.0234375 0.06805555555555555