0 0.668359375 0.46805555555555556 0.03984375 0.1486111111111111
0 0.5671875 0.3138888888888889 0.03359375 0.1361111111111111
0 0.970703125 0.5409722222222222 0.05 0.1736111111111111
0 0.8234375 0.22847222222222222 0.0328125 0.13472222222222222
0 0.621484375 0.40694444444444444 0.03046875 0.11666666666666667
0 0.123046875 0.8958333333333334 0.053125 0.19305555555555556
0 0.50234375 0.6319444444444444 0.0421875 0.15
0 0.3796875 0.5611111111111111 0.04453125 0.16527777777777777
0 0.621484375 0.16041666666666668 0.02890625 0.11388888888888889
0 0.487109375 0.23958333333333334 0.02734375 0.12638888888888888
0 0.299609375 0.7722222222222223 0.05078125 0.17083333333333334
0 0.386328125 0.09027777777777778 0.0265625 0.10416666666666667
0 0.28515625 0.5979166666666667 0.03828125 0.14305555555555555
0 0.965234375 0.17708333333333334 0.028125 0.11805555555555555
0 0.923828125 0.2972222222222222 0.040625 0.14027777777777778
0 0.01875 0.6333333333333333 0.0375 0.16666666666666666
0 0.43828125 0.058333333333333334 0.02421875 0.1125
0 0.5 0.034027777777777775 0.02734375 0.06805555555555555
0 0.51015625 0.5027777777777778 0.04453125 0.16944444444444445
0 0.937890625 0.17847222222222223 0.028125 0.1111111111111111
0 0.368359375 0.15833333333333333 0.02734375 0.12638888888888888
0 0.55234375 0.44583333333333336 0.025 0.12916666666666668
0 0.73125 0.08402777777777778 0.0203125 0.12361111111111112
0 0.459375 0.06111111111111111 0.0265625 0.11666666666666667
0 0.050390625 0.15763888888888888 0.0296875 0.12083333333333333
0 0.123046875 0.09305555555555556 0.03828125 0.13055555555555556
0 0.53359375 0.03263888888888889 0.0203125 0.06527777777777778
0 0.809375 0.018055555555555554 0.03125 0.03611111111111111
0 0.648046875 0.035416666666666666 0.02109375 0.07083333333333333
0 0.219921875 0.5236111111111111 0.04140625 0.15138888888888888
0 0.24765625 0.06527777777777778 0.01796875 0.09444444444444444
0 0.224609375 0.4486111111111111 0.025 0.06388888888888888
0 0.250390625 0.5125 0.03515625 0.1361111111111111
0 0.62421875 0.034722222222222224 0.0265625 0.06944444444444445
0 0.38515625 0.013888888888888888 0.01640625 0.027777777777777776
0 0.190234375 0.5013888888888889 0.0359375 0.14722222222222223
0 0.946875 0.006944444444444444 0.021875 0.013888888888888888
0 0.60546875 0.03958333333333333 0.021875 0.07083333333333333