0 0.617578125 0.3770833333333333 0.034375 0.11944444444444445
0 0.56953125 0.3388888888888889 0.0328125 0.13472222222222222
0 0.96171875 0.4930555555555556 0.0484375 0.1597222222222222
0 0.49609375 0.5895833333333333 0.03984375 0.1527777777777778
0 0.2875 0.5569444444444445 0.0359375 0.13472222222222222
0 0.378125 0.6076388888888888 0.053125 0.19027777777777777
0 0.4390625 0.06666666666666667 0.0234375 0.11388888888888889
0 0.4890625 0.21597222222222223 0.02734375 0.11805555555555555
0 0.298046875 0.7263888888888889 0.04453125 0.17916666666666667
0 0.369140625 0.175 0.028125 0.12777777777777777
0 0.500390625 0.02847222222222222 0.02734375 0.05694444444444444
0 0.385546875 0.11458333333333333 0.02421875 0.1125
0 0.669921875 0.5090277777777777 0.0390625 0.1486111111111111
0 0.505078125 0.4625 0.04140625 0.1527777777777778
0 0.22890625 0.06666666666666667 0.02421875 0.09583333333333334
0 0.11484375 0.8277777777777777 0.05546875 0.18194444444444444
0 0.617578125 0.1701388888888889 0.0296875 0.11388888888888889
0 0.826953125 0.24513888888888888 0.03515625 0.1375
0 0.92109375 0.26875 0.0453125 0.15138888888888888
0 0.533203125 0.025694444444444443 0.0234375 0.05138888888888889
0 0.459375 0.06458333333333334 0.028125 0.11527777777777778
0 0.12421875 0.0798611111111111 0.0328125 0.11944444444444445
0 0.55078125 0.4798611111111111 0.0265625 0.1361111111111111
0 0.383203125 0.021527777777777778 0.01875 0.043055555555555555
0 0.73125 0.08194444444444444 0.02421875 0.12361111111111112
0 0.780078125 0.016666666666666666 0.02890625 0.03333333333333333
0 0.6546875 0.03611111111111111 0.0296875 0.07222222222222222
0 0.051171875 0.15625 0.03046875 0.12083333333333333
0 0.225 0.4465277777777778 0.0234375 0.0625
0 0.951953125 0.16597222222222222 0.0359375 0.12777777777777777
0 0.934375 0.1625 0.03203125 0.10694444444444444
0 0.012890625 0.6104166666666667 0.02578125 0.11944444444444445
0 0.250390625 0.5097222222222222 0.0328125 0.13333333333333333
0 0.220703125 0.5229166666666667 0.04140625 0.15
0 0.190625 0.5020833333333333 0.03203125 0.14444444444444443
0 0.6328125 0.0375 0.02734375 0.075
0 0.61171875 0.041666666666666664 0.02265625 0.06805555555555555