0 0.22421875 0.6972222222222222 0.06875 0.16944444444444445
0 0.615234375 0.23333333333333334 0.04765625 0.12638888888888888
0 0.565625 0.09791666666666667 0.04375 0.11805555555555555
0 0.453515625 0.8958333333333334 0.078125 0.20555555555555555
0 0.6234375 0.6770833333333334 0.05859375 0.14444444444444443
0 0.6875 0.36944444444444446 0.05078125 0.14583333333333334
0 0.07109375 0.6472222222222223 0.0859375 0.21805555555555556
0 0.366015625 0.7409722222222223 0.07109375 0.18888888888888888
0 0.8359375 0.2708333333333333 0.04609375 0.12222222222222222
0 0.939453125 0.6395833333333333 0.06484375 0.16944444444444445
0 0.22109375 0.8541666666666666 0.05859375 0.07083333333333333
0 0.59375 0.11666666666666667 0.0359375 0.10416666666666667
0 0.509375 0.025 0.0328125 0.05
0 0.509375 0.3645833333333333 0.04921875 0.14166666666666666
0 0.506640625 0.725 0.078125 0.20416666666666666
0 0.4453125 0.035416666666666666 0.0421875 0.07083333333333333
0 0.403515625 0.32569444444444445 0.06875 0.18055555555555555
0 0.7859375 0.2111111111111111 0.03671875 0.12222222222222222
0 0.716015625 0.16111111111111112 0.04375 0.11666666666666667
0 0.533984375 0.029166666666666667 0.02890625 0.058333333333333334
0 0.187890625 0.03194444444444444 0.05546875 0.06388888888888888
0 0.578515625 0.31527777777777777 0.0390625 0.12222222222222222
0 0.418359375 0.027777777777777776 0.03515625 0.05555555555555555
0 0.988671875 0.25 0.02265625 0.05
0 0.56328125 0.03611111111111111 0.0328125 0.05694444444444444
0 0.71171875 0.12291666666666666 0.03359375 0.07777777777777778
0 0.46796875 0.0125 0.0265625 0.025
0 0.98359375 0.48541666666666666 0.0328125 0.12361111111111112
0 0.226171875 0.3840277777777778 0.065625 0.16666666666666666
0 0.251171875 0.31875 0.0328125 0.07222222222222222
0 0.676953125 0.10902777777777778 0.034375 0.08333333333333333
0 0.199609375 0.35208333333333336 0.05234375 0.15
0 0.991796875 0.4895833333333333 0.01640625 0.14583333333333334
0 0.2578125 0.39375 0.06171875 0.15138888888888888
0 0.67109375 0.10694444444444444 0.0359375 0.08611111111111111
0 0.656640625 0.11458333333333333 0.0296875 0.058333333333333334
0 0.99375 0.4548611111111111 0.0125 0.20694444444444443