0 0.480859375 0.23125 0.065625 0.1361111111111111
0 0.602734375 0.3611111111111111 0.06640625 0.1361111111111111
0 0.421484375 0.33958333333333335 0.065625 0.1361111111111111
0 0.358203125 0.12638888888888888 0.0515625 0.10416666666666667
0 0.2703125 0.30694444444444446 0.0625 0.13055555555555556
0 0.57890625 0.6826388888888889 0.09140625 0.18611111111111112
0 0.266015625 0.24305555555555555 0.053125 0.10833333333333334
0 0.60078125 0.24375 0.078125 0.1625
0 0.5734375 0.9354166666666667 0.0765625 0.12916666666666668
0 0.4515625 0.95625 0.103125 0.0875
0 0.54375 0.5402777777777777 0.08671875 0.17916666666666667
0 0.3265625 0.1597222222222222 0.05 0.1
0 0.48671875 0.059722222222222225 0.0625 0.11944444444444445
0 0.394140625 0.5972222222222222 0.08828125 0.18055555555555555
0 0.38515625 0.09166666666666666 0.0453125 0.09444444444444444
0 0.307421875 0.1875 0.05078125 0.10416666666666667
0 0.3765625 0.8659722222222223 0.0875 0.17916666666666667
0 0.942578125 0.13680555555555557 0.0890625 0.18888888888888888
0 0.501953125 0.3458333333333333 0.059375 0.12638888888888888
0 0.023828125 0.6847222222222222 0.04765625 0.1361111111111111
0 0.1890625 0.3486111111111111 0.05625 0.1125
0 0.06640625 0.5597222222222222 0.06953125 0.14027777777777778
0 0.2546875 0.7326388888888888 0.040625 0.0763888888888889
0 0.273828125 0.7972222222222223 0.08359375 0.16805555555555557
0 0.446484375 0.020833333333333332 0.04140625 0.041666666666666664
0 0.440625 0.029861111111111113 0.040625 0.059722222222222225
0 0.241796875 0.8097222222222222 0.07109375 0.1486111111111111
0 0.296484375 0.7534722222222222 0.07421875 0.15138888888888888