0 0.566796875 0.5208333333333334 0.03984375 0.14722222222222223
0 0.593359375 0.24097222222222223 0.03046875 0.10972222222222222
0 0.49375 0.4173611111111111 0.0375 0.14166666666666666
0 0.08203125 0.9034722222222222 0.05546875 0.19305555555555556
0 0.93515625 0.31805555555555554 0.04140625 0.14444444444444443
0 0.87109375 0.39652777777777776 0.0390625 0.14583333333333334
0 0.391796875 0.23333333333333334 0.03046875 0.11805555555555555
0 0.8984375 0.7875 0.05546875 0.18333333333333332
0 0.909765625 0.1798611111111111 0.03515625 0.11944444444444445
0 0.643359375 0.8229166666666666 0.05 0.19444444444444445
0 0.977734375 0.4215277777777778 0.04453125 0.15138888888888888
0 0.380859375 0.08541666666666667 0.0234375 0.1125
0 0.540625 0.71875 0.03125 0.14722222222222223
0 0.90078125 0.9215277777777777 0.0609375 0.15138888888888888
0 0.53046875 0.32916666666666666 0.03828125 0.1527777777777778
0 0.55625 0.9173611111111111 0.04453125 0.16527777777777777
0 0.040234375 0.6131944444444445 0.0671875 0.16944444444444445
0 0.625390625 0.2916666666666667 0.03046875 0.11944444444444445
0 0.3703125 0.8972222222222223 0.05625 0.20277777777777778
0 0.312109375 0.525 0.05 0.16666666666666666
0 0.376171875 0.32708333333333334 0.0328125 0.14444444444444443
0 0.72890625 0.09305555555555556 0.02265625 0.12777777777777777
0 0.989453125 0.24305555555555555 0.02109375 0.11944444444444445
0 0.13046875 0.04375 0.028125 0.08472222222222223
0 0.60234375 0.04861111111111111 0.02578125 0.09444444444444444
0 0.487890625 0.12291666666666666 0.02578125 0.12638888888888888
0 0.428125 0.10347222222222222 0.025 0.11805555555555555
0 0.522265625 0.03333333333333333 0.02265625 0.06666666666666667
0 0.881640625 0.12083333333333333 0.0265625 0.10138888888888889
0 0.315234375 0.40069444444444446 0.0359375 0.11805555555555555
0 0.054296875 0.16180555555555556 0.03203125 0.12777777777777777
0 0.121484375 0.09513888888888888 0.03125 0.09305555555555556
0 0.1296875 0.9555555555555556 0.04921875 0.08888888888888889
0 0.22421875 0.4576388888888889 0.02421875 0.05694444444444444
0 0.45859375 0.10833333333333334 0.025 0.11527777777777778
0 0.690625 0.04791666666666667 0.02265625 0.09583333333333334
0 0.217578125 0.53125 0.0453125 0.15138888888888888
0 0.946484375 0.011805555555555555 0.02109375 0.02361111111111111
0 0.6515625 0.03611111111111111 0.0234375 0.07222222222222222
0 0.90390625 0.10347222222222222 0.03359375 0.09027777777777778
0 0.190625 0.5125 0.0359375 0.14444444444444443
0 0.251171875 0.5222222222222223 0.04140625 0.13333333333333333
0 0.659765625 0.06875 0.0171875 0.05555555555555555
0 0.00625 0.9347222222222222 0.0125 0.13055555555555556
0 0.614453125 0.04375 0.0296875 0.0875
0 0.11328125 0.9465277777777777 0.08515625 0.1
0 0.892578125 0.11458333333333333 0.04765625 0.1111111111111111