0 0.839453125 0.42777777777777776 0.08671875 0.19722222222222222
0 0.791796875 0.2965277777777778 0.07421875 0.17222222222222222
0 0.6296875 0.6541666666666667 0.078125 0.1875
0 0.702734375 0.6152777777777778 0.0796875 0.1736111111111111
0 0.908203125 0.24166666666666667 0.07890625 0.18333333333333332
0 0.108984375 0.30694444444444446 0.046875 0.09444444444444444
0 0.588671875 0.33194444444444443 0.05859375 0.1388888888888889
0 0.3171875 0.3034722222222222 0.0546875 0.13472222222222222
0 0.38046875 0.43819444444444444 0.06171875 0.15
0 0.837109375 0.04027777777777778 0.06796875 0.08055555555555556
0 0.45234375 0.3215277777777778 0.059375 0.14305555555555555
0 0.495703125 0.11944444444444445 0.04609375 0.10972222222222222
0 0.5203125 0.07222222222222222 0.05234375 0.12916666666666668
0 0.192578125 0.8895833333333333 0.08359375 0.1986111111111111
0 0.467578125 0.22430555555555556 0.0640625 0.15416666666666667
0 0.024609375 0.5166666666666667 0.04921875 0.13333333333333333
0 0.66796875 0.8715277777777778 0.0515625 0.09722222222222222
0 0.6171875 0.017361111111111112 0.0484375 0.034722222222222224
0 0.531640625 0.058333333333333334 0.05390625 0.11666666666666667
0 0.378515625 0.5888888888888889 0.075 0.18194444444444444
0 0.146484375 0.26805555555555555 0.0453125 0.08333333333333333
0 0.36953125 0.1840277777777778 0.05234375 0.12777777777777777
0 0.387109375 0.11041666666666666 0.04921875 0.12222222222222222
0 0.391015625 0.058333333333333334 0.040625 0.058333333333333334
0 0.307421875 0.5284722222222222 0.07734375 0.16944444444444445
0 0.28359375 0.4423611111111111 0.0546875 0.11388888888888889
0 0.34453125 0.1951388888888889 0.05078125 0.12777777777777777
0 0.40390625 0.11805555555555555 0.04375 0.1125
0 0.0671875 0.31875 0.03203125 0.05694444444444444
0 0.241015625 0.6708333333333333 0.0359375 0.06944444444444445
0 0.298046875 0.13194444444444445 0.0296875 0.04861111111111111
0 0.22109375 0.7402777777777778 0.06484375 0.15416666666666667
0 0.2515625 0.7375 0.075 0.17083333333333334
0 0.552734375 0.014583333333333334 0.03515625 0.029166666666666667
0 0.2796875 0.7027777777777777 0.07109375 0.15416666666666667
0 0.410546875 0.11458333333333333 0.05546875 0.13333333333333333