0 0.934375 0.27569444444444446 0.0390625 0.14027777777777778
0 0.589453125 0.2111111111111111 0.028125 0.10277777777777777
0 0.96171875 0.37083333333333335 0.0421875 0.14583333333333334
0 0.87890625 0.86875 0.05625 0.19444444444444445
0 0.5703125 0.5805555555555556 0.03984375 0.1625
0 0.49296875 0.37569444444444444 0.03671875 0.13472222222222222
0 0.63984375 0.9138888888888889 0.053125 0.16666666666666666
0 0.87109375 0.6881944444444444 0.0484375 0.1625
0 0.385546875 0.1125 0.02578125 0.11527777777777778
0 0.36953125 0.94375 0.06171875 0.1125
0 0.580078125 0.8465277777777778 0.04453125 0.1638888888888889
0 0.884375 0.4395833333333333 0.04296875 0.1486111111111111
0 0.021484375 0.5604166666666667 0.04296875 0.19583333333333333
0 0.62265625 0.05625 0.02578125 0.10972222222222222
0 0.542578125 0.8055555555555556 0.03671875 0.17083333333333334
0 0.905859375 0.16041666666666668 0.034375 0.12222222222222222
0 0.73125 0.09097222222222222 0.02421875 0.12916666666666668
0 0.98984375 0.2222222222222222 0.0203125 0.10833333333333334
0 0.70078125 0.049305555555555554 0.0265625 0.09861111111111111
0 0.62890625 0.32222222222222224 0.03203125 0.125
0 0.396875 0.2659722222222222 0.0296875 0.12777777777777777
0 0.534765625 0.28958333333333336 0.03984375 0.15416666666666667
0 0.0875 0.09791666666666667 0.0296875 0.1
0 0.115625 0.925 0.06171875 0.15
0 0.375 0.3680555555555556 0.040625 0.15833333333333333
0 0.096875 0.7951388888888888 0.06171875 0.18888888888888888
0 0.31796875 0.4701388888888889 0.04765625 0.15694444444444444
0 0.606640625 0.059722222222222225 0.02578125 0.11527777777777778
0 0.05625 0.15902777777777777 0.0265625 0.12361111111111112
0 0.514453125 0.04375 0.021875 0.08333333333333333
0 0.58984375 0.01597222222222222 0.03125 0.03194444444444444
0 0.428515625 0.10277777777777777 0.02734375 0.12083333333333333
0 0.876171875 0.10347222222222222 0.02421875 0.10833333333333334
0 0.48671875 0.10486111111111111 0.028125 0.11805555555555555
0 0.891796875 0.09444444444444444 0.02890625 0.09722222222222222
0 0.314453125 0.3527777777777778 0.03828125 0.11388888888888889
0 0.991015625 0.3576388888888889 0.01796875 0.10277777777777777
0 0.458984375 0.10902777777777778 0.028125 0.11805555555555555
0 0.13203125 0.0375 0.0375 0.07361111111111111
0 0.225 0.4583333333333333 0.02421875 0.058333333333333334
0 0.191796875 0.5131944444444444 0.034375 0.14722222222222223
0 0.217578125 0.5291666666666667 0.046875 0.1527777777777778
0 0.662109375 0.022222222222222223 0.0203125 0.044444444444444446
0 0.25234375 0.5229166666666667 0.04453125 0.1361111111111111
0 0.6609375 0.05138888888888889 0.02421875 0.1
0 0.64609375 0.041666666666666664 0.01796875 0.07083333333333333