0 0.5625 0.10625 0.0265625 0.10972222222222222
0 0.402734375 0.6034722222222222 0.0390625 0.15138888888888888
0 0.91953125 0.1423611111111111 0.046875 0.12222222222222222
0 0.664453125 0.17152777777777778 0.028125 0.12222222222222222
0 0.5 0.14097222222222222 0.0296875 0.11666666666666667
0 0.95390625 0.5305555555555556 0.04921875 0.1375
0 0.762890625 0.04861111111111111 0.02578125 0.09583333333333334
0 0.548828125 0.9166666666666666 0.05859375 0.16666666666666666
0 0.531640625 0.1423611111111111 0.02578125 0.10277777777777777
0 0.0375 0.16944444444444445 0.03125 0.1125
0 0.80625 0.8833333333333333 0.04609375 0.2013888888888889
0 0.730859375 0.08125 0.021875 0.125
0 0.3796875 0.27291666666666664 0.04453125 0.15555555555555556
0 0.550390625 0.18958333333333333 0.0234375 0.10833333333333334
0 0.946875 0.10972222222222222 0.028125 0.11527777777777778
0 0.109765625 0.22777777777777777 0.04453125 0.1375
0 0.498828125 0.5034722222222222 0.03515625 0.15833333333333333
0 0.675390625 0.034722222222222224 0.025 0.06944444444444445
0 0.67109375 0.8173611111111111 0.0421875 0.15833333333333333
0 0.986328125 0.175 0.02734375 0.12638888888888888
0 0.98828125 0.30486111111111114 0.0234375 0.11388888888888889
0 0.64453125 0.03333333333333333 0.0203125 0.06666666666666667
0 0.61015625 0.035416666666666666 0.02265625 0.07083333333333333
0 0.50703125 0.04722222222222222 0.02890625 0.09444444444444444
0 0.593359375 0.04652777777777778 0.01953125 0.06805555555555555
0 0.9796875 0.10277777777777777 0.0375 0.11527777777777778
0 0.372265625 0.018055555555555554 0.02109375 0.03611111111111111
0 0.2375 0.9847222222222223 0.05546875 0.030555555555555555
0 0.218359375 0.5194444444444445 0.04375 0.15416666666666667
0 0.229296875 0.44930555555555557 0.01953125 0.05277777777777778
0 0.25234375 0.5097222222222222 0.0375 0.13472222222222222
0 0.42421875 0.06527777777777778 0.01875 0.09722222222222222
0 0.191015625 0.49583333333333335 0.0375 0.1486111111111111
0 0.63828125 0.8340277777777778 0.04609375 0.1763888888888889
0 0.006640625 0.6083333333333333 0.01328125 0.14444444444444443
0 0.0078125 0.3145833333333333 0.015625 0.12222222222222222
0 0.519921875 0.0125 0.01796875 0.025
0 0.5890625 0.041666666666666664 0.01796875 0.06805555555555555
0 0.49609375 0.011111111111111112 0.01796875 0.020833333333333332
0 0.439453125 0.008333333333333333 0.01875 0.016666666666666666