0 0.637890625 0.4576388888888889 0.053125 0.125
0 0.59765625 0.4048611111111111 0.0625 0.15555555555555556
0 0.92734375 0.8055555555555556 0.0796875 0.18472222222222223
0 0.476953125 0.5756944444444444 0.0703125 0.16805555555555557
0 0.29375 0.40069444444444446 0.06328125 0.1486111111111111
0 0.53828125 0.059722222222222225 0.046875 0.11944444444444445
0 0.266796875 0.5611111111111111 0.078125 0.19027777777777777
0 0.554296875 0.225 0.05078125 0.12777777777777777
0 0.605078125 0.06458333333333334 0.03671875 0.06805555555555555
0 0.859375 0.5 0.06171875 0.1527777777777778
0 0.364453125 0.5145833333333333 0.08671875 0.20416666666666666
0 0.653125 0.6298611111111111 0.0703125 0.16666666666666666
0 0.450390625 0.11736111111111111 0.05546875 0.14027777777777778
0 0.93828125 0.5756944444444444 0.06796875 0.15555555555555556
0 0.478515625 0.06736111111111111 0.046875 0.12083333333333333
0 0.07421875 0.5291666666666667 0.09140625 0.20833333333333334
0 0.678125 0.28125 0.05234375 0.125
0 0.549609375 0.5180555555555556 0.0546875 0.14305555555555555
0 0.5578125 0.07152777777777777 0.0515625 0.125
0 0.5171875 0.46458333333333335 0.07421875 0.17222222222222222
0 0.805078125 0.2763888888888889 0.0484375 0.13055555555555556
0 0.98046875 0.5034722222222222 0.0390625 0.13472222222222222
0 0.634375 0.08472222222222223 0.03046875 0.059722222222222225
0 0.97265625 0.48680555555555555 0.05234375 0.11666666666666667
0 0.743359375 0.18055555555555555 0.04140625 0.08611111111111111
0 0.258203125 0.25972222222222224 0.03671875 0.0763888888888889
0 0.02890625 0.24861111111111112 0.04765625 0.13194444444444445
0 0.861328125 0.2465277777777778 0.03828125 0.05277777777777778
0 0.26796875 0.3347222222222222 0.059375 0.14444444444444443
0 0.7203125 0.15833333333333333 0.04140625 0.08055555555555556
0 0.2375 0.3229166666666667 0.0734375 0.17083333333333334
0 0.215234375 0.2875 0.0625 0.15694444444444444
0 0.70390625 0.15208333333333332 0.03515625 0.07777777777777778