0 0.56796875 0.4284722222222222 0.0359375 0.14722222222222223
0 0.490234375 0.5097222222222222 0.03828125 0.1486111111111111
0 0.296875 0.6166666666666667 0.046875 0.15416666666666667
0 0.5890625 0.027083333333333334 0.025 0.05416666666666667
0 0.94453125 0.40347222222222223 0.04296875 0.15833333333333333
0 0.29609375 0.47847222222222224 0.03359375 0.11805555555555555
0 0.385546875 0.16527777777777777 0.0265625 0.1125
0 0.603515625 0.30486111111111114 0.0265625 0.10833333333333334
0 0.84140625 0.3194444444444444 0.03984375 0.14305555555555555
0 0.078125 0.71875 0.053125 0.17916666666666667
0 0.658203125 0.6493055555555556 0.0453125 0.17916666666666667
0 0.491015625 0.17152777777777778 0.02578125 0.12777777777777777
0 0.428125 0.09027777777777778 0.025 0.11805555555555555
0 0.511328125 0.3923611111111111 0.03984375 0.15138888888888888
0 0.7296875 0.09027777777777778 0.01953125 0.125
0 0.375390625 0.7298611111111111 0.0546875 0.19444444444444445
0 0.544140625 0.5951388888888889 0.03203125 0.15
0 0.45703125 0.09513888888888888 0.02890625 0.11944444444444445
0 0.37734375 0.04583333333333333 0.02265625 0.0875
0 0.36953125 0.2423611111111111 0.03046875 0.1375
0 0.050390625 0.15902777777777777 0.02890625 0.12222222222222222
0 0.671484375 0.04513888888888889 0.02421875 0.0875
0 0.125390625 0.058333333333333334 0.03046875 0.11527777777777778
0 0.96875 0.9583333333333334 0.059375 0.08333333333333333
0 0.1765625 0.07847222222222222 0.02890625 0.09861111111111111
0 0.189453125 0.5097222222222222 0.03359375 0.1388888888888889
0 0.616796875 0.2125 0.03203125 0.09027777777777778
0 0.249609375 0.5152777777777777 0.03046875 0.13194444444444445
0 0.609765625 0.02638888888888889 0.0234375 0.05277777777777778
0 0.91015625 0.22291666666666668 0.03671875 0.1375
0 0.2203125 0.5277777777777778 0.03984375 0.15
0 0.702734375 0.016666666666666666 0.025 0.03333333333333333
0 0.99140625 0.3034722222222222 0.0171875 0.12222222222222222
0 0.636328125 0.043055555555555555 0.028125 0.08611111111111111
0 0.222265625 0.45625 0.02578125 0.05694444444444444
0 0.5421875 0.01597222222222222 0.015625 0.03194444444444444
0 0.9265625 0.13402777777777777 0.02734375 0.10416666666666667
0 0.98828125 0.9569444444444445 0.0234375 0.08472222222222223
0 0.945703125 0.010416666666666666 0.01796875 0.020833333333333332
0 0.501171875 0.01597222222222222 0.0203125 0.03194444444444444
0 0.99375 0.021527777777777778 0.0125 0.043055555555555555
0 0.64296875 0.03333333333333333 0.02578125 0.06666666666666667
0 0.520703125 0.014583333333333334 0.01640625 0.027777777777777776