0 0.47890625 0.44583333333333336 0.065625 0.15694444444444444
0 0.528515625 0.20833333333333334 0.053125 0.12361111111111112
0 0.859765625 0.05694444444444444 0.07109375 0.11388888888888889
0 0.295703125 0.20208333333333334 0.046875 0.11805555555555555
0 0.94453125 0.48819444444444443 0.0875 0.19305555555555556
0 0.56484375 0.4618055555555556 0.071875 0.17083333333333334
0 0.462890625 0.9076388888888889 0.10390625 0.18472222222222223
0 0.96640625 0.6083333333333333 0.0671875 0.15
0 0.807421875 0.1326388888888889 0.07109375 0.16527777777777777
0 0.112890625 0.9180555555555555 0.09609375 0.1638888888888889
0 0.6984375 0.6597222222222222 0.090625 0.2125
0 0.334375 0.32083333333333336 0.05234375 0.12361111111111112
0 0.487109375 0.32708333333333334 0.06796875 0.16111111111111112
0 0.33671875 0.6694444444444444 0.078125 0.175
0 0.616015625 0.013888888888888888 0.04765625 0.027777777777777776
0 0.56171875 0.2048611111111111 0.0546875 0.13055555555555556
0 0.487109375 0.03194444444444444 0.04453125 0.06388888888888888
0 0.9234375 0.09097222222222222 0.07109375 0.16944444444444445
0 0.308203125 0.5569444444444445 0.0578125 0.12916666666666668
0 0.640234375 0.8541666666666666 0.07265625 0.16527777777777777
0 0.584765625 0.6597222222222222 0.065625 0.16527777777777777
0 0.342578125 0.4111111111111111 0.0625 0.15416666666666667
0 0.057421875 0.34930555555555554 0.0453125 0.09722222222222222
0 0.405859375 0.16944444444444445 0.0515625 0.13333333333333333
0 0.02109375 0.5097222222222222 0.0421875 0.13333333333333333
0 0.416796875 0.050694444444444445 0.034375 0.06944444444444445
0 0.34296875 0.1875 0.0484375 0.12361111111111112
0 0.237890625 0.6597222222222222 0.0359375 0.07083333333333333
0 0.371875 0.17083333333333334 0.05 0.125
0 0.249609375 0.7298611111111111 0.0734375 0.16805555555555557
0 0.49765625 0.02361111111111111 0.0421875 0.04722222222222222
0 0.219921875 0.7354166666666667 0.0640625 0.15555555555555556
0 0.067578125 0.40208333333333335 0.04609375 0.09861111111111111
0 0.276953125 0.6993055555555555 0.06171875 0.14305555555555555
0 0.54375 0.009722222222222222 0.0265625 0.019444444444444445
0 0.5140625 0.009027777777777777 0.034375 0.018055555555555554