0 0.78359375 0.51875 0.04140625 0.15416666666666667
0 0.764453125 0.7333333333333333 0.06015625 0.18194444444444444
0 0.612890625 0.5361111111111111 0.03828125 0.1527777777777778
0 0.641796875 0.17916666666666667 0.02890625 0.125
0 0.38828125 0.05138888888888889 0.02578125 0.09305555555555556
0 0.775 0.3715277777777778 0.03515625 0.14583333333333334
0 0.887109375 0.06388888888888888 0.0328125 0.11388888888888889
0 0.6234375 0.9305555555555556 0.05625 0.13194444444444445
0 0.122265625 0.08958333333333333 0.0328125 0.1111111111111111
0 0.57734375 0.09444444444444444 0.02265625 0.09305555555555556
0 0.385546875 0.2875 0.03125 0.1361111111111111
0 0.15 0.48333333333333334 0.03828125 0.15
0 0.498046875 0.22708333333333333 0.03203125 0.12916666666666668
0 0.5296875 0.15763888888888888 0.034375 0.12916666666666668
0 0.04453125 0.8173611111111111 0.05703125 0.175
0 0.478125 0.14166666666666666 0.02578125 0.10694444444444444
0 0.412890625 0.4909722222222222 0.03671875 0.15
0 0.948046875 0.1986111111111111 0.03125 0.11944444444444445
0 0.69140625 0.05486111111111111 0.0234375 0.09305555555555556
0 0.368359375 0.6854166666666667 0.04375 0.18611111111111112
0 0.090625 0.024305555555555556 0.0265625 0.04861111111111111
0 0.91484375 0.125 0.03359375 0.10416666666666667
0 0.956640625 0.024305555555555556 0.0234375 0.04861111111111111
0 0.315234375 0.325 0.0390625 0.12916666666666668
0 0.73828125 0.03888888888888889 0.0234375 0.07222222222222222
0 0.61953125 0.19652777777777777 0.0234375 0.12083333333333333
0 0.061328125 0.175 0.0328125 0.12638888888888888
0 0.2 0.0763888888888889 0.03046875 0.10833333333333334
0 0.31171875 0.22569444444444445 0.03125 0.09166666666666666
0 0.98359375 0.7388888888888889 0.0328125 0.11388888888888889
0 0.431640625 0.1326388888888889 0.03046875 0.11944444444444445
0 0.84921875 0.06111111111111111 0.02890625 0.10555555555555556
0 0.896875 0.20972222222222223 0.0453125 0.12222222222222222
0 0.4546875 0.12638888888888888 0.02421875 0.12222222222222222
0 0.226171875 0.47430555555555554 0.0234375 0.05694444444444444
0 0.834375 0.06458333333333334 0.02109375 0.09583333333333334
0 0.252734375 0.5340277777777778 0.0375 0.13472222222222222
0 0.73984375 0.10902777777777778 0.02890625 0.12361111111111112
0 0.403125 0.02361111111111111 0.0234375 0.04722222222222222
0 0.19296875 0.5319444444444444 0.04296875 0.15
0 0.48203125 0.034027777777777775 0.015625 0.06805555555555555
0 0.190234375 0.020833333333333332 0.03125 0.041666666666666664
0 0.99375 0.13541666666666666 0.0125 0.10277777777777777
0 0.2171875 0.5465277777777777 0.04609375 0.15694444444444444
0 0.0546875 0.8888888888888888 0.0328125 0.05277777777777778
0 0.6734375 0.08263888888888889 0.02109375 0.06527777777777778
0 0.422265625 0.00625 0.0171875 0.0125
0 0.163671875 0.00625 0.025 0.0125