0 0.689453125 0.35833333333333334 0.059375 0.10972222222222222
0 0.50078125 0.8590277777777777 0.08828125 0.1638888888888889
0 0.92265625 0.8027777777777778 0.0765625 0.14166666666666666
0 0.487109375 0.7340277777777777 0.10078125 0.18611111111111112
0 0.56171875 0.36527777777777776 0.075 0.1375
0 0.53984375 0.11319444444444444 0.0640625 0.11944444444444445
0 0.719140625 0.9340277777777778 0.09296875 0.13194444444444445
0 0.79921875 0.9645833333333333 0.0953125 0.07083333333333333
0 0.495703125 0.2569444444444444 0.071875 0.13333333333333333
0 0.38515625 0.8895833333333333 0.0859375 0.15833333333333333
0 0.151953125 0.18055555555555555 0.10390625 0.19027777777777777
0 0.63359375 0.5576388888888889 0.06875 0.12638888888888888
0 0.937109375 0.69375 0.06875 0.12638888888888888
0 0.890625 0.875 0.084375 0.15555555555555556
0 0.621875 0.35138888888888886 0.084375 0.15555555555555556
0 0.053125 0.32083333333333336 0.10625 0.20277777777777778
0 0.935546875 0.9173611111111111 0.07734375 0.14305555555555555
0 0.738671875 0.34444444444444444 0.07265625 0.13333333333333333
0 0.82265625 0.47638888888888886 0.06484375 0.12083333333333333
0 0.704296875 0.17847222222222223 0.0390625 0.06805555555555555
0 0.784765625 0.37083333333333335 0.046875 0.08611111111111111
0 0.4203125 0.3138888888888889 0.09140625 0.16944444444444445
0 0.7515625 0.35347222222222224 0.06484375 0.12083333333333333
0 0.434765625 0.1375 0.0625 0.1125
0 0.59375 0.12222222222222222 0.0609375 0.11388888888888889
0 0.615234375 0.1638888888888889 0.0671875 0.12361111111111112
0 0.80390625 0.37430555555555556 0.05 0.09166666666666666
0 0.64921875 0.1638888888888889 0.0609375 0.11388888888888889
0 0.308984375 0.14583333333333334 0.040625 0.07361111111111111
0 0.39921875 0.22847222222222222 0.08828125 0.1625
0 0.665625 0.18263888888888888 0.05625 0.10416666666666667
0 0.8265625 0.4201388888888889 0.059375 0.10833333333333334
0 0.2640625 0.14652777777777778 0.0796875 0.14722222222222223
0 0.98125 0.8451388888888889 0.0375 0.09027777777777778
0 0.92109375 0.6180555555555556 0.05625 0.10555555555555556
0 0.934375 0.6402777777777777 0.06171875 0.11388888888888889
0 0.307421875 0.2222222222222222 0.0796875 0.14583333333333334
0 0.277734375 0.19583333333333333 0.09140625 0.16805555555555557
0 0.610546875 0.019444444444444445 0.02421875 0.03888888888888889
0 0.03828125 0.38125 0.065625 0.11666666666666667