0 0.738671875 0.8486111111111111 0.0890625 0.16805555555555557
0 0.691015625 0.32083333333333336 0.05703125 0.10833333333333334
0 0.948828125 0.8576388888888888 0.07265625 0.1375
0 0.69140625 0.95 0.0953125 0.1
0 0.543359375 0.89375 0.0875 0.16666666666666666
0 0.177734375 0.17222222222222222 0.0984375 0.18611111111111112
0 0.4734375 0.8076388888888889 0.09921875 0.18888888888888888
0 0.51796875 0.13125 0.06640625 0.12638888888888888
0 0.572265625 0.33611111111111114 0.07265625 0.1388888888888889
0 0.6296875 0.3145833333333333 0.07578125 0.14444444444444443
0 0.94296875 0.6520833333333333 0.06640625 0.12638888888888888
0 0.90234375 0.8104166666666667 0.08359375 0.15833333333333333
0 0.64296875 0.17430555555555555 0.0609375 0.11527777777777778
0 0.940625 0.7409722222222223 0.0640625 0.12083333333333333
0 0.73046875 0.35694444444444445 0.071875 0.13333333333333333
0 0.60234375 0.1486111111111111 0.06328125 0.12222222222222222
0 0.473828125 0.29583333333333334 0.075 0.14305555555555555
0 0.5953125 0.02013888888888889 0.03125 0.04027777777777778
0 0.055859375 0.3055555555555556 0.11171875 0.2361111111111111
0 0.8234375 0.45208333333333334 0.06640625 0.13055555555555556
0 0.61328125 0.5763888888888888 0.08125 0.1527777777777778
0 0.394140625 0.3625 0.09140625 0.175
0 0.404296875 0.19930555555555557 0.0921875 0.17222222222222222
0 0.930078125 0.5847222222222223 0.0578125 0.1111111111111111
0 0.805078125 0.3645833333333333 0.05078125 0.09722222222222222
0 0.584765625 0.11736111111111111 0.06171875 0.11944444444444445
0 0.385546875 0.9493055555555555 0.053125 0.09166666666666666
0 0.4375 0.11736111111111111 0.05703125 0.10555555555555556
0 0.917578125 0.5743055555555555 0.053125 0.10277777777777777
0 0.986328125 0.8069444444444445 0.02734375 0.1
0 0.271484375 0.2076388888888889 0.08828125 0.16666666666666666
0 0.30234375 0.1597222222222222 0.0375 0.06805555555555555
0 0.255859375 0.16041666666666668 0.08046875 0.1527777777777778
0 0.30078125 0.23402777777777778 0.078125 0.14722222222222223
0 0.779296875 0.36319444444444443 0.03828125 0.07222222222222222
0 0.833984375 0.41180555555555554 0.05703125 0.10833333333333334
0 0.741796875 0.3611111111111111 0.065625 0.12638888888888888
0 0.66328125 0.11527777777777778 0.0359375 0.0625