0 0.596484375 0.43125 0.06640625 0.15
0 0.855078125 0.5604166666666667 0.06640625 0.1486111111111111
0 0.68359375 0.31666666666666665 0.0546875 0.12361111111111112
0 0.306640625 0.3576388888888889 0.0703125 0.15694444444444444
0 0.494140625 0.075 0.05078125 0.11666666666666667
0 0.48046875 0.5527777777777778 0.075 0.16944444444444445
0 0.91875 0.8298611111111112 0.0828125 0.17916666666666667
0 0.07578125 0.44583333333333336 0.1078125 0.22083333333333333
0 0.4640625 0.12361111111111112 0.059375 0.1375
0 0.633203125 0.6847222222222222 0.07890625 0.17916666666666667
0 0.6390625 0.4576388888888889 0.05546875 0.12638888888888888
0 0.275 0.50625 0.084375 0.18194444444444444
0 0.553515625 0.06666666666666667 0.04921875 0.11805555555555555
0 0.5671875 0.225 0.0546875 0.13055555555555556
0 0.813671875 0.3173611111111111 0.05546875 0.13333333333333333
0 0.359375 0.5319444444444444 0.1015625 0.23194444444444445
0 0.572265625 0.08263888888888889 0.05234375 0.11944444444444445
0 0.52109375 0.4527777777777778 0.075 0.16944444444444445
0 0.515625 0.007638888888888889 0.0328125 0.015277777777777777
0 0.853125 0.275 0.04609375 0.06111111111111111
0 0.540625 0.5541666666666667 0.06015625 0.14583333333333334
0 0.623046875 0.07708333333333334 0.03046875 0.058333333333333334
0 0.980078125 0.5548611111111111 0.03984375 0.12916666666666668
0 0.938671875 0.6145833333333334 0.0765625 0.16527777777777777
0 0.224609375 0.25277777777777777 0.06640625 0.15833333333333333
0 0.267578125 0.23194444444444445 0.040625 0.07916666666666666
0 0.96953125 0.5395833333333333 0.05 0.11388888888888889
0 0.275390625 0.30486111111111114 0.0625 0.14305555555555555
0 0.64609375 0.09583333333333334 0.03125 0.058333333333333334
0 0.245703125 0.2951388888888889 0.075 0.16666666666666666
0 0.760546875 0.21666666666666667 0.0421875 0.0875
0 0.7078125 0.14375 0.02421875 0.041666666666666664
0 0.7359375 0.19722222222222222 0.04453125 0.09166666666666666
0 0.719921875 0.18055555555555555 0.040625 0.08472222222222223