0 0.491015625 0.47430555555555554 0.04296875 0.1375
0 0.590234375 0.27569444444444446 0.03515625 0.11666666666666667
0 0.841796875 0.29583333333333334 0.0421875 0.1486111111111111
0 0.3734375 0.19305555555555556 0.03359375 0.10833333333333334
0 0.566015625 0.4423611111111111 0.04140625 0.14444444444444443
0 0.953515625 0.8631944444444445 0.07421875 0.1638888888888889
0 0.3 0.4826388888888889 0.0390625 0.13194444444444445
0 0.54765625 0.6152777777777778 0.034375 0.14305555555555555
0 0.660546875 0.6729166666666667 0.0515625 0.1763888888888889
0 0.933984375 0.31805555555555554 0.04765625 0.15138888888888888
0 0.476953125 0.15625 0.03046875 0.12083333333333333
0 0.364453125 0.2798611111111111 0.0375 0.14027777777777778
0 0.5796875 0.029166666666666667 0.040625 0.058333333333333334
0 0.546484375 0.9652777777777778 0.0546875 0.06666666666666667
0 0.7125 0.06319444444444444 0.025 0.12638888888888888
0 0.61171875 0.23125 0.0328125 0.12361111111111112
0 0.30546875 0.6173611111111111 0.05390625 0.16111111111111112
0 0.44140625 0.10416666666666667 0.0328125 0.125
0 0.515625 0.3763888888888889 0.0453125 0.16111111111111112
0 0.897265625 0.16944444444444445 0.0421875 0.13333333333333333
0 0.360546875 0.06944444444444445 0.02734375 0.10416666666666667
0 0.411328125 0.10138888888888889 0.028125 0.11805555555555555
0 0.0671875 0.7291666666666666 0.0625 0.18194444444444444
0 0.392578125 0.8006944444444445 0.0671875 0.2222222222222222
0 0.040625 0.21388888888888888 0.03828125 0.12361111111111112
0 0.908984375 0.06805555555555555 0.03125 0.09444444444444444
0 0.109765625 0.10208333333333333 0.0359375 0.1111111111111111
0 0.221484375 0.4909722222222222 0.02734375 0.059722222222222225
0 0.65703125 0.03611111111111111 0.03125 0.07222222222222222
0 0.191015625 0.5472222222222223 0.040625 0.14166666666666666
0 0.98046875 0.22013888888888888 0.02421875 0.125
0 0.22109375 0.5631944444444444 0.0453125 0.15138888888888888
0 0.142578125 0.12430555555555556 0.03203125 0.1
0 0.883203125 0.08680555555555555 0.02890625 0.10416666666666667
0 0.249609375 0.5451388888888888 0.03828125 0.1375
0 0.627734375 0.034027777777777775 0.02890625 0.06805555555555555
0 0.519140625 0.020833333333333332 0.02265625 0.041666666666666664
0 0.6046875 0.030555555555555555 0.028125 0.06111111111111111
0 0.4828125 0.0125 0.0203125 0.025
0 0.987890625 0.43819444444444444 0.02421875 0.11805555555555555