0 0.538671875 0.39305555555555555 0.08359375 0.15
0 0.94921875 0.24930555555555556 0.1015625 0.1986111111111111
0 0.4765625 0.4840277777777778 0.08203125 0.1486111111111111
0 0.69765625 0.016666666666666666 0.0828125 0.03333333333333333
0 0.70078125 0.7784722222222222 0.08359375 0.1486111111111111
0 0.391796875 0.04791666666666667 0.05546875 0.09583333333333334
0 0.240625 0.3375 0.06171875 0.1111111111111111
0 0.533984375 0.8756944444444444 0.115625 0.20694444444444443
0 0.479296875 0.2111111111111111 0.0625 0.1125
0 0.69921875 0.4777777777777778 0.0984375 0.1763888888888889
0 0.590234375 0.5652777777777778 0.0765625 0.1388888888888889
0 0.49609375 0.17847222222222223 0.06875 0.12361111111111112
0 0.4609375 0.3680555555555556 0.0859375 0.15416666666666667
0 0.3015625 0.42777777777777776 0.0671875 0.12083333333333333
0 0.325 0.5 0.07734375 0.1388888888888889
0 0.354296875 0.2569444444444444 0.065625 0.11944444444444445
0 0.3859375 0.7916666666666666 0.09296875 0.16666666666666666
0 0.0453125 0.8027777777777778 0.06796875 0.12222222222222222
0 0.291796875 0.30069444444444443 0.06328125 0.11388888888888889
0 0.312890625 0.2652777777777778 0.07109375 0.12777777777777777
0 0.340234375 0.69375 0.08203125 0.1486111111111111
0 0.28359375 0.8090277777777778 0.0421875 0.075
0 0.980078125 0.3125 0.03984375 0.11944444444444445
0 0.3390625 0.11597222222222223 0.03515625 0.0625
0 0.280859375 0.8902777777777777 0.08046875 0.14444444444444443
0 0.30859375 0.8680555555555556 0.08671875 0.15555555555555556
0 0.092578125 0.6465277777777778 0.053125 0.09444444444444444
0 0.3265625 0.8229166666666666 0.075 0.13472222222222222
0 0.0515625 0.6333333333333333 0.053125 0.09583333333333334
0 0.309765625 0.14722222222222223 0.02265625 0.04027777777777778
0 0.409765625 0.025 0.04140625 0.05