0 0.64375 0.58125 0.040625 0.13472222222222222
0 0.4984375 0.07291666666666667 0.028125 0.1111111111111111
0 0.793359375 0.12777777777777777 0.03046875 0.11944444444444445
0 0.659375 0.2972222222222222 0.03359375 0.13333333333333333
0 0.56875 0.20208333333333334 0.03046875 0.12361111111111112
0 0.4859375 0.3506944444444444 0.03125 0.1361111111111111
0 0.408984375 0.8305555555555556 0.0453125 0.1736111111111111
0 0.518359375 0.8590277777777777 0.05078125 0.1736111111111111
0 0.371875 0.06041666666666667 0.025 0.11388888888888889
0 0.43671875 0.03125 0.02578125 0.0625
0 0.269140625 0.7902777777777777 0.04375 0.15416666666666667
0 0.2953125 0.9611111111111111 0.06171875 0.07777777777777778
0 0.530859375 0.0763888888888889 0.02265625 0.09722222222222222
0 0.121484375 0.15138888888888888 0.03515625 0.12777777777777777
0 0.0375 0.1736111111111111 0.03203125 0.1111111111111111
0 0.939453125 0.4013888888888889 0.04609375 0.15138888888888888
0 0.541015625 0.6881944444444444 0.053125 0.19722222222222222
0 0.380859375 0.39791666666666664 0.04296875 0.1597222222222222
0 0.459375 0.030555555555555555 0.02421875 0.06111111111111111
0 0.6484375 0.075 0.02890625 0.11527777777777778
0 0.546484375 0.3104166666666667 0.021875 0.12083333333333333
0 0.73046875 0.08333333333333333 0.02265625 0.12361111111111112
0 0.389453125 0.03194444444444444 0.0296875 0.06388888888888888
0 0.0984375 0.8277777777777777 0.04765625 0.15
0 0.4875 0.022222222222222223 0.0234375 0.044444444444444446
0 0.964453125 0.2326388888888889 0.0296875 0.12777777777777777
0 0.33125 0.06527777777777778 0.01875 0.09444444444444444
0 0.609765625 0.03333333333333333 0.02421875 0.06666666666666667
0 0.984765625 0.22291666666666668 0.03046875 0.17083333333333334
0 0.219140625 0.5229166666666667 0.04375 0.15138888888888888
0 0.232421875 0.4486111111111111 0.02421875 0.06388888888888888
0 0.0390625 0.019444444444444445 0.0296875 0.03888888888888889
0 0.923828125 0.01875 0.04375 0.0375
0 0.644140625 0.02361111111111111 0.02578125 0.04722222222222222
0 0.188671875 0.4986111111111111 0.040625 0.14166666666666666
0 0.24921875 0.5145833333333333 0.0375 0.1361111111111111
0 0.591015625 0.050694444444444445 0.02109375 0.044444444444444446