0 0.502734375 0.19444444444444445 0.03671875 0.12777777777777777
0 0.41328125 0.48333333333333334 0.03671875 0.14027777777777778
0 0.553515625 0.05 0.02578125 0.09583333333333334
0 0.94609375 0.05555555555555555 0.03359375 0.10972222222222222
0 0.9109375 0.059027777777777776 0.03359375 0.10833333333333334
0 0.674609375 0.09722222222222222 0.02734375 0.11805555555555555
0 0.733203125 0.0763888888888889 0.02421875 0.13472222222222222
0 0.039453125 0.6930555555555555 0.0609375 0.18333333333333332
0 0.825 0.6875 0.04296875 0.16666666666666666
0 0.690625 0.9784722222222222 0.05078125 0.043055555555555555
0 0.966796875 0.13541666666666666 0.03984375 0.17916666666666667
0 0.76953125 0.8784722222222222 0.04609375 0.17083333333333334
0 0.507421875 0.6305555555555555 0.03984375 0.16944444444444445
0 0.98046875 0.6548611111111111 0.0390625 0.18333333333333332
0 0.85078125 0.09583333333333334 0.0390625 0.11666666666666667
0 0.39765625 0.18888888888888888 0.034375 0.13472222222222222
0 0.534765625 0.19444444444444445 0.028125 0.11388888888888889
0 0.555859375 0.13125 0.01875 0.09444444444444444
0 0.029296875 0.17569444444444443 0.0359375 0.1125
0 0.012890625 0.3784722222222222 0.02578125 0.14305555555555555
0 0.64375 0.03263888888888889 0.01875 0.06527777777777778
0 0.09453125 0.2791666666666667 0.040625 0.14444444444444443
0 0.9625 0.15902777777777777 0.0359375 0.12777777777777777
0 0.6109375 0.034027777777777775 0.0234375 0.06805555555555555
0 0.76484375 0.9743055555555555 0.06015625 0.05138888888888889
0 0.56484375 0.68125 0.04609375 0.19305555555555556
0 0.522265625 0.08472222222222223 0.0265625 0.11944444444444445
0 0.87109375 0.09305555555555556 0.03203125 0.11666666666666667
0 0.21953125 0.5194444444444445 0.040625 0.15
0 0.501953125 0.05277777777777778 0.0265625 0.10138888888888889
0 0.19296875 0.49375 0.03671875 0.15
0 0.58984375 0.034027777777777775 0.01796875 0.06805555555555555
0 0.252734375 0.5069444444444444 0.034375 0.12916666666666668
0 0.963671875 0.10972222222222222 0.03828125 0.12083333333333333
0 0.623046875 0.9861111111111112 0.04296875 0.027777777777777776
0 0.519921875 0.027083333333333334 0.0234375 0.05416666666666667
0 0.2296875 0.45 0.01796875 0.05416666666666667
0 0.673828125 0.011111111111111112 0.0171875 0.022222222222222223
0 0.338671875 0.016666666666666666 0.01796875 0.03333333333333333
0 0.47109375 0.05763888888888889 0.02578125 0.09444444444444444
0 0.73828125 0.017361111111111112 0.025 0.034722222222222224