0 0.567578125 0.4756944444444444 0.06953125 0.1638888888888889
0 0.528515625 0.19444444444444445 0.0515625 0.12222222222222222
0 0.47578125 0.4270833333333333 0.065625 0.15694444444444444
0 0.8203125 0.15 0.06796875 0.1625
0 0.3421875 0.33194444444444443 0.0546875 0.13194444444444445
0 0.925 0.4826388888888889 0.0890625 0.1986111111111111
0 0.958984375 0.6131944444444445 0.08203125 0.1736111111111111
0 0.86328125 0.04861111111111111 0.0671875 0.09722222222222222
0 0.299609375 0.2013888888888889 0.046875 0.12083333333333333
0 0.491015625 0.3215277777777778 0.0671875 0.16666666666666666
0 0.919921875 0.08958333333333333 0.07265625 0.16527777777777777
0 0.586328125 0.6791666666666667 0.06171875 0.1597222222222222
0 0.643359375 0.8416666666666667 0.07734375 0.18472222222222223
0 0.7046875 0.7055555555555556 0.09140625 0.2222222222222222
0 0.49921875 0.035416666666666666 0.053125 0.07083333333333333
0 0.099609375 0.9097222222222222 0.10234375 0.18055555555555555
0 0.621484375 0.01597222222222222 0.04765625 0.03194444444444444
0 0.46796875 0.9173611111111111 0.0984375 0.16527777777777777
0 0.3453125 0.4305555555555556 0.065625 0.16111111111111112
0 0.5703125 0.2222222222222222 0.05546875 0.13333333333333333
0 0.33359375 0.6506944444444445 0.0890625 0.20416666666666666
0 0.059375 0.3368055555555556 0.04453125 0.09722222222222222
0 0.40546875 0.15902777777777777 0.0515625 0.13333333333333333
0 0.3078125 0.5375 0.06015625 0.1361111111111111
0 0.346875 0.18472222222222223 0.04765625 0.12361111111111112
0 0.02109375 0.49722222222222223 0.0421875 0.1361111111111111
0 0.060546875 0.39166666666666666 0.04765625 0.10694444444444444
0 0.418359375 0.05555555555555555 0.0359375 0.07777777777777778
0 0.237109375 0.6520833333333333 0.034375 0.06805555555555555
0 0.37578125 0.16875 0.0484375 0.12361111111111112
0 0.52109375 0.007638888888888889 0.0328125 0.015277777777777777
0 0.247265625 0.725 0.07421875 0.17083333333333334
0 0.21796875 0.7256944444444444 0.0640625 0.15694444444444444
0 0.276171875 0.6944444444444444 0.06953125 0.15416666666666667
0 0.548046875 0.011805555555555555 0.03515625 0.02361111111111111
0 0.17890625 0.20972222222222223 0.021875 0.030555555555555555
0 0.1953125 0.19375 0.0234375 0.027777777777777776