0 0.934375 0.27569444444444446 0.0390625 0.14166666666666666
0 0.5890625 0.21041666666666667 0.028125 0.10277777777777777
0 0.493359375 0.3736111111111111 0.0359375 0.13333333333333333
0 0.56953125 0.5847222222222223 0.040625 0.1638888888888889
0 0.87734375 0.8625 0.05625 0.19166666666666668
0 0.9609375 0.37083333333333335 0.04296875 0.14444444444444443
0 0.63984375 0.9145833333333333 0.05390625 0.16527777777777777
0 0.869140625 0.6861111111111111 0.04765625 0.16111111111111112
0 0.385546875 0.11388888888888889 0.02578125 0.11388888888888889
0 0.884765625 0.44513888888888886 0.04453125 0.15694444444444444
0 0.581640625 0.8381944444444445 0.04296875 0.16111111111111112
0 0.3703125 0.9458333333333333 0.06171875 0.10833333333333334
0 0.020703125 0.5569444444444445 0.04140625 0.19166666666666668
0 0.624609375 0.32083333333333336 0.03125 0.12361111111111112
0 0.730859375 0.09097222222222222 0.02421875 0.12777777777777777
0 0.39765625 0.26805555555555555 0.028125 0.125
0 0.541796875 0.8125 0.03828125 0.1763888888888889
0 0.535546875 0.29305555555555557 0.03984375 0.1527777777777778
0 0.90546875 0.15833333333333333 0.03359375 0.12361111111111112
0 0.98984375 0.22152777777777777 0.0203125 0.10694444444444444
0 0.09609375 0.79375 0.05703125 0.18472222222222223
0 0.701171875 0.05 0.0265625 0.09861111111111111
0 0.37578125 0.3659722222222222 0.04140625 0.15555555555555556
0 0.116796875 0.9145833333333333 0.06640625 0.1638888888888889
0 0.513671875 0.044444444444444446 0.021875 0.08333333333333333
0 0.05625 0.16041666666666668 0.0265625 0.12083333333333333
0 0.318359375 0.4666666666666667 0.05 0.1597222222222222
0 0.607421875 0.0625 0.02578125 0.1111111111111111
0 0.6234375 0.05694444444444444 0.025 0.1111111111111111
0 0.08359375 0.09930555555555555 0.02578125 0.09861111111111111
0 0.428125 0.10208333333333333 0.025 0.11944444444444445
0 0.908984375 0.13541666666666666 0.0328125 0.07083333333333333
0 0.48671875 0.10416666666666667 0.02734375 0.11666666666666667
0 0.890625 0.09513888888888888 0.02890625 0.10138888888888889
0 0.58359375 0.01597222222222222 0.02578125 0.03194444444444444
0 0.13125 0.03819444444444445 0.03984375 0.075
0 0.459375 0.10902777777777778 0.0265625 0.11666666666666667
0 0.991796875 0.35138888888888886 0.01640625 0.10694444444444444
0 0.314453125 0.35347222222222224 0.03828125 0.10555555555555556
0 0.225390625 0.4583333333333333 0.0234375 0.05694444444444444
0 0.874609375 0.10486111111111111 0.02265625 0.10694444444444444
0 0.191796875 0.5131944444444444 0.034375 0.14722222222222223
0 0.21796875 0.5298611111111111 0.0453125 0.1527777777777778
0 0.25390625 0.5319444444444444 0.04921875 0.14166666666666666
0 0.66171875 0.022222222222222223 0.02109375 0.044444444444444446
0 0.664453125 0.05277777777777778 0.01484375 0.0875
0 0.645703125 0.043055555555555555 0.0171875 0.06527777777777778