0 0.38515625 0.28402777777777777 0.075 0.13333333333333333
0 0.456640625 0.019444444444444445 0.06484375 0.03888888888888889
0 0.564453125 0.6048611111111111 0.08828125 0.15694444444444444
0 0.8140625 0.38472222222222224 0.08515625 0.15138888888888888
0 0.86015625 0.48819444444444443 0.0875 0.15555555555555556
0 0.7984375 0.18680555555555556 0.0984375 0.175
0 0.353125 0.10902777777777778 0.0484375 0.08611111111111111
0 0.422265625 0.5777777777777777 0.08125 0.14444444444444443
0 0.7640625 0.6770833333333334 0.0671875 0.11944444444444445
0 0.409375 0.24444444444444444 0.0625 0.1111111111111111
0 0.1203125 0.9763888888888889 0.0859375 0.04722222222222222
0 0.2984375 0.39166666666666666 0.075 0.13333333333333333
0 0.12890625 0.8666666666666667 0.08984375 0.1597222222222222
0 0.591015625 0.5402777777777777 0.10625 0.18888888888888888
0 0.916796875 0.05555555555555555 0.09296875 0.1111111111111111
0 0.385546875 0.15347222222222223 0.0515625 0.09166666666666666
0 0.415234375 0.010416666666666666 0.03828125 0.020833333333333332
0 0.034375 0.8673611111111111 0.065625 0.11666666666666667
0 0.36171875 0.17847222222222223 0.0578125 0.10277777777777777
0 0.39296875 0.03333333333333333 0.0421875 0.06666666666666667
0 0.312890625 0.2 0.05625 0.1
0 0.326171875 0.8118055555555556 0.0765625 0.1361111111111111
0 0.32734375 0.1423611111111111 0.040625 0.07222222222222222
0 0.32578125 0.18263888888888888 0.05078125 0.09027777777777778
0 0.277734375 0.8840277777777777 0.0890625 0.15833333333333333
0 0.30546875 0.8604166666666667 0.08671875 0.15416666666666667
0 0.194921875 0.3659722222222222 0.03125 0.05555555555555555
0 0.38125 0.05138888888888889 0.03984375 0.07083333333333333
0 0.28984375 0.7993055555555556 0.03125 0.05555555555555555