0 0.56171875 0.10486111111111111 0.02734375 0.1125
0 0.50078125 0.14375 0.0296875 0.11388888888888889
0 0.66484375 0.16458333333333333 0.02890625 0.12361111111111112
0 0.914453125 0.13958333333333334 0.0453125 0.12083333333333333
0 0.403125 0.5972222222222222 0.03984375 0.1486111111111111
0 0.80703125 0.8555555555555555 0.04609375 0.18472222222222223
0 0.95625 0.5451388888888888 0.04921875 0.16805555555555557
0 0.671875 0.8333333333333334 0.04375 0.15694444444444444
0 0.944140625 0.10972222222222222 0.03046875 0.12083333333333333
0 0.6328125 0.825 0.04609375 0.17916666666666667
0 0.11015625 0.23333333333333334 0.0484375 0.14305555555555555
0 0.760546875 0.04583333333333333 0.02578125 0.08888888888888889
0 0.73125 0.08194444444444444 0.021875 0.125
0 0.548828125 0.9215277777777777 0.06171875 0.15694444444444444
0 0.383984375 0.26180555555555557 0.04140625 0.14583333333333334
0 0.037890625 0.16944444444444445 0.034375 0.11388888888888889
0 0.532421875 0.14583333333333334 0.025 0.10277777777777777
0 0.498828125 0.5104166666666666 0.03359375 0.15555555555555556
0 0.98671875 0.17152777777777778 0.0265625 0.13194444444444445
0 0.676171875 0.03263888888888889 0.025 0.06527777777777778
0 0.55078125 0.18680555555555556 0.02265625 0.10555555555555556
0 0.64453125 0.03333333333333333 0.0203125 0.06666666666666667
0 0.507421875 0.04583333333333333 0.03046875 0.09166666666666666
0 0.978515625 0.1 0.03671875 0.1125
0 0.610546875 0.03611111111111111 0.0234375 0.07222222222222222
0 0.59296875 0.04513888888888889 0.01875 0.06805555555555555
0 0.373046875 0.017361111111111112 0.021875 0.034722222222222224
0 0.2515625 0.5097222222222222 0.0359375 0.13194444444444445
0 0.216796875 0.5166666666666667 0.0453125 0.15555555555555556
0 0.15546875 0.011111111111111112 0.02890625 0.022222222222222223
0 0.42734375 0.06666666666666667 0.0140625 0.09444444444444444
0 0.989453125 0.33819444444444446 0.02109375 0.05416666666666667
0 0.190625 0.4951388888888889 0.0375 0.1486111111111111
0 0.494921875 0.011805555555555555 0.01484375 0.02361111111111111
0 0.22890625 0.45 0.01953125 0.05277777777777778
0 0.988671875 0.3194444444444444 0.021875 0.09722222222222222
0 0.52109375 0.013194444444444444 0.01796875 0.02638888888888889
0 0.00859375 0.3159722222222222 0.0171875 0.13194444444444445
0 0.008203125 0.6138888888888889 0.015625 0.12083333333333333
0 0.988671875 0.29583333333333334 0.02265625 0.09027777777777778
0 0.5890625 0.04097222222222222 0.0171875 0.06944444444444445
0 0.237890625 0.9916666666666667 0.05 0.016666666666666666
0 0.52578125 0.0125 0.02109375 0.025