0 0.558203125 0.17708333333333334 0.034375 0.11805555555555555
0 0.483984375 0.08333333333333333 0.0328125 0.11388888888888889
0 0.12734375 0.9097222222222222 0.06171875 0.18055555555555555
0 0.651953125 0.5958333333333333 0.0421875 0.13333333333333333
0 0.533203125 0.9048611111111111 0.05703125 0.18333333333333332
0 0.65078125 0.25972222222222224 0.0359375 0.1375
0 0.940234375 0.37222222222222223 0.04921875 0.1597222222222222
0 0.27890625 0.8604166666666667 0.05234375 0.16527777777777777
0 0.483203125 0.36944444444444446 0.03515625 0.13472222222222222
0 0.7703125 0.07847222222222222 0.0328125 0.11388888888888889
0 0.0265625 0.23194444444444445 0.0390625 0.10972222222222222
0 0.514453125 0.08541666666666667 0.02578125 0.10138888888888889
0 0.423046875 0.8055555555555556 0.05078125 0.17916666666666667
0 0.41640625 0.0375 0.02421875 0.059722222222222225
0 0.55 0.7111111111111111 0.059375 0.19027777777777777
0 0.354296875 0.06736111111111111 0.028125 0.10277777777777777
0 0.041796875 0.07361111111111111 0.0359375 0.04027777777777778
0 0.712890625 0.05694444444444444 0.02421875 0.11388888888888889
0 0.376171875 0.39375 0.053125 0.175
0 0.639453125 0.05277777777777778 0.03203125 0.10277777777777777
0 0.109375 0.2125 0.04140625 0.13194444444444445
0 0.441015625 0.034722222222222224 0.0234375 0.059722222222222225
0 0.30390625 0.99375 0.053125 0.0125
0 0.626171875 0.027083333333333334 0.02578125 0.05416666666666667
0 0.4703125 0.02638888888888889 0.02734375 0.05
0 0.537890625 0.28125 0.025 0.12083333333333333
0 0.33046875 0.08958333333333333 0.03359375 0.09722222222222222
0 0.37265625 0.04375 0.0203125 0.06111111111111111
0 0.591015625 0.03333333333333333 0.02734375 0.06666666666666667
0 0.23203125 0.48333333333333334 0.0265625 0.06944444444444445
0 0.2203125 0.5576388888888889 0.04921875 0.15694444444444444
0 0.973046875 0.15208333333333332 0.03671875 0.20833333333333334
0 0.975 0.19444444444444445 0.03203125 0.12361111111111112
0 0.585546875 0.03333333333333333 0.02890625 0.06666666666666667
0 0.251171875 0.5458333333333333 0.04609375 0.1375
0 0.956640625 0.18125 0.0328125 0.13472222222222222
0 0.19296875 0.5354166666666667 0.0421875 0.14583333333333334
0 0.235546875 0.49027777777777776 0.0375 0.0875
0 0.56875 0.03819444444444445 0.02265625 0.05277777777777778
0 0.573046875 0.04027777777777778 0.0234375 0.05