0 0.569140625 0.5 0.0375 0.15138888888888888
0 0.9125 0.8458333333333333 0.05546875 0.18888888888888888
0 0.59453125 0.25416666666666665 0.02578125 0.10972222222222222
0 0.071875 0.9215277777777777 0.05859375 0.15416666666666667
0 0.368359375 0.8638888888888889 0.0640625 0.23055555555555557
0 0.934765625 0.3368055555555556 0.04375 0.14722222222222223
0 0.49140625 0.4409722222222222 0.03515625 0.1375
0 0.9828125 0.4388888888888889 0.034375 0.14583333333333334
0 0.860546875 0.3798611111111111 0.0390625 0.1527777777777778
0 0.729296875 0.09236111111111112 0.02109375 0.12361111111111112
0 0.525 0.3423611111111111 0.03828125 0.15138888888888888
0 0.64609375 0.7791666666666667 0.0515625 0.2013888888888889
0 0.3796875 0.07222222222222222 0.0234375 0.1111111111111111
0 0.309375 0.5472222222222223 0.04296875 0.14166666666666666
0 0.043359375 0.6298611111111111 0.0515625 0.16944444444444445
0 0.541796875 0.93125 0.04609375 0.13472222222222222
0 0.6234375 0.26875 0.0296875 0.12222222222222222
0 0.540234375 0.6895833333333333 0.03359375 0.1527777777777778
0 0.373046875 0.3055555555555556 0.03203125 0.14305555555555555
0 0.91171875 0.9555555555555556 0.0609375 0.08888888888888889
0 0.310546875 0.4236111111111111 0.034375 0.12777777777777777
0 0.908984375 0.19166666666666668 0.0359375 0.12222222222222222
0 0.5984375 0.044444444444444446 0.028125 0.08611111111111111
0 0.3875 0.21180555555555555 0.02890625 0.12222222222222222
0 0.98984375 0.2604166666666667 0.0203125 0.11527777777777778
0 0.489453125 0.13125 0.025 0.12361111111111112
0 0.223828125 0.4548611111111111 0.025 0.059722222222222225
0 0.683203125 0.0625 0.025 0.06805555555555555
0 0.123828125 0.9729166666666667 0.053125 0.05416666666666667
0 0.053515625 0.1597222222222222 0.03046875 0.11944444444444445
0 0.5296875 0.02638888888888889 0.021875 0.05277777777777778
0 0.428515625 0.10069444444444445 0.02578125 0.11805555555555555
0 0.12890625 0.04097222222222222 0.0296875 0.08194444444444444
0 0.45703125 0.10625 0.0265625 0.12083333333333333
0 0.889453125 0.12152777777777778 0.0296875 0.10694444444444444
0 0.18984375 0.5111111111111111 0.034375 0.14027777777777778
0 0.21875 0.5291666666666667 0.0421875 0.1486111111111111
0 0.987109375 0.014583333333333334 0.0234375 0.029166666666666667
0 0.946484375 0.011111111111111112 0.0203125 0.022222222222222223
0 0.249609375 0.5201388888888889 0.03125 0.12777777777777777
0 0.130078125 0.09375 0.02734375 0.0875
0 0.655078125 0.06041666666666667 0.01640625 0.059722222222222225
0 0.68828125 0.021527777777777778 0.02421875 0.043055555555555555
0 0.65 0.021527777777777778 0.02421875 0.043055555555555555
0 0.00546875 0.8888888888888888 0.01015625 0.11666666666666667
0 0.6078125 0.04027777777777778 0.03203125 0.08055555555555556
0 0.9125 0.10902777777777778 0.0296875 0.09444444444444444
0 0.628515625 0.0375 0.0203125 0.06666666666666667