0 0.784765625 0.5194444444444445 0.04140625 0.15833333333333333
0 0.152734375 0.48541666666666666 0.0390625 0.1527777777777778
0 0.76328125 0.7326388888888888 0.0609375 0.18472222222222223
0 0.64140625 0.17847222222222223 0.02890625 0.12638888888888888
0 0.61328125 0.5284722222222222 0.03828125 0.15138888888888888
0 0.38828125 0.05 0.025 0.09166666666666666
0 0.885546875 0.06666666666666667 0.03046875 0.10972222222222222
0 0.623046875 0.9284722222222223 0.05625 0.1361111111111111
0 0.775390625 0.37222222222222223 0.0359375 0.14583333333333334
0 0.577734375 0.09652777777777778 0.02265625 0.09305555555555556
0 0.5296875 0.15763888888888888 0.034375 0.12916666666666668
0 0.123046875 0.08819444444444445 0.03203125 0.10833333333333334
0 0.496875 0.22777777777777777 0.0328125 0.12916666666666668
0 0.9484375 0.2013888888888889 0.03046875 0.11805555555555555
0 0.4125 0.48680555555555555 0.0375 0.15
0 0.691015625 0.05416666666666667 0.02421875 0.09305555555555556
0 0.915625 0.12291666666666666 0.0328125 0.09861111111111111
0 0.385546875 0.28541666666666665 0.0296875 0.14027777777777778
0 0.201171875 0.075 0.0296875 0.10416666666666667
0 0.368359375 0.6798611111111111 0.04296875 0.18472222222222223
0 0.06171875 0.175 0.03203125 0.12361111111111112
0 0.0421875 0.8166666666666667 0.05703125 0.175
0 0.478125 0.14166666666666666 0.02578125 0.10694444444444444
0 0.956640625 0.024305555555555556 0.0234375 0.04861111111111111
0 0.090234375 0.022916666666666665 0.0265625 0.04583333333333333
0 0.73828125 0.03819444444444445 0.02421875 0.07083333333333333
0 0.31171875 0.22708333333333333 0.03046875 0.08888888888888889
0 0.315625 0.32430555555555557 0.03984375 0.13194444444444445
0 0.849609375 0.06111111111111111 0.02890625 0.10555555555555556
0 0.620703125 0.19583333333333333 0.0234375 0.11944444444444445
0 0.899609375 0.21041666666666667 0.046875 0.13055555555555556
0 0.43203125 0.13125 0.03203125 0.11944444444444445
0 0.9828125 0.7277777777777777 0.034375 0.13055555555555556
0 0.2265625 0.4736111111111111 0.02421875 0.058333333333333334
0 0.4546875 0.12569444444444444 0.02578125 0.125
0 0.834375 0.06458333333333334 0.0203125 0.09583333333333334
0 0.73984375 0.10555555555555556 0.0296875 0.13055555555555556
0 0.252734375 0.5340277777777778 0.0375 0.13472222222222222
0 0.196875 0.5340277777777778 0.0421875 0.15138888888888888
0 0.4828125 0.03611111111111111 0.015625 0.06805555555555555
0 0.99375 0.13194444444444445 0.0125 0.10833333333333334
0 0.191796875 0.02013888888888889 0.03203125 0.04027777777777778
0 0.21796875 0.5520833333333334 0.04375 0.1486111111111111
0 0.408203125 0.024305555555555556 0.028125 0.04861111111111111
0 0.423046875 0.00625 0.0171875 0.0125