0 0.594140625 0.7819444444444444 0.0765625 0.16666666666666666
0 0.7109375 0.3798611111111111 0.05859375 0.1375
0 0.063671875 0.5951388888888889 0.08984375 0.1763888888888889
0 0.41640625 0.9263888888888889 0.075 0.1361111111111111
0 0.853125 0.3416666666666667 0.05546875 0.12916666666666668
0 0.598828125 0.13819444444444445 0.0546875 0.12361111111111112
0 0.6484375 0.2423611111111111 0.05390625 0.12638888888888888
0 0.3609375 0.6284722222222222 0.0796875 0.18888888888888888
0 0.515625 0.4097222222222222 0.0640625 0.15138888888888888
0 0.914453125 0.8111111111111111 0.07734375 0.17083333333333334
0 0.625 0.16666666666666666 0.04609375 0.10833333333333334
0 0.471875 0.7902777777777777 0.09453125 0.2125
0 0.760546875 0.22708333333333333 0.04921875 0.1111111111111111
0 0.179296875 0.6729166666666667 0.08671875 0.19583333333333333
0 0.8125 0.3013888888888889 0.053125 0.13194444444444445
0 0.43125 0.2520833333333333 0.08359375 0.18888888888888888
0 0.615625 0.07361111111111111 0.0390625 0.06944444444444445
0 0.747265625 0.19375 0.0375 0.0763888888888889
0 0.49296875 0.03263888888888889 0.0515625 0.06527777777777778
0 0.603515625 0.3138888888888889 0.05 0.12638888888888888
0 0.581640625 0.03680555555555556 0.02734375 0.05138888888888889
0 0.982421875 0.5756944444444444 0.03515625 0.1763888888888889
0 0.56171875 0.019444444444444445 0.025 0.03888888888888889
0 0.24453125 0.2972222222222222 0.07734375 0.16944444444444445
0 0.27421875 0.24722222222222223 0.03828125 0.075
0 0.712890625 0.17152777777777778 0.0453125 0.09305555555555556
0 0.97890625 0.6569444444444444 0.0421875 0.14166666666666666
0 0.27421875 0.3111111111111111 0.06796875 0.15
0 0.220703125 0.2590277777777778 0.0640625 0.15138888888888888
0 0.7 0.1638888888888889 0.03984375 0.0875
0 0.6953125 0.15694444444444444 0.040625 0.08888888888888889