0 0.812890625 0.1798611111111111 0.0296875 0.13194444444444445
0 0.56875 0.25833333333333336 0.03046875 0.12777777777777777
0 0.62890625 0.48680555555555555 0.03203125 0.12638888888888888
0 0.485546875 0.28888888888888886 0.0296875 0.12916666666666668
0 0.5 0.049305555555555554 0.0265625 0.09444444444444444
0 0.3703125 0.11180555555555556 0.028125 0.12361111111111112
0 0.5078125 0.7298611111111111 0.046875 0.16805555555555557
0 0.38671875 0.05416666666666667 0.0265625 0.09861111111111111
0 0.6640625 0.3875 0.03671875 0.1527777777777778
0 0.421484375 0.9402777777777778 0.0484375 0.11666666666666667
0 0.29765625 0.8791666666666667 0.05546875 0.18055555555555555
0 0.93046875 0.34305555555555556 0.04140625 0.13333333333333333
0 0.5234375 0.5770833333333333 0.0421875 0.16527777777777777
0 0.46328125 0.04513888888888889 0.0265625 0.08888888888888889
0 0.62890625 0.11944444444444445 0.03125 0.11527777777777778
0 0.381640625 0.4756944444444444 0.04296875 0.16666666666666666
0 0.533203125 0.04722222222222222 0.0203125 0.09027777777777778
0 0.044921875 0.7263888888888889 0.05 0.1638888888888889
0 0.438671875 0.049305555555555554 0.025 0.09583333333333334
0 0.282421875 0.6805555555555556 0.04296875 0.1638888888888889
0 0.973828125 0.20833333333333334 0.03046875 0.11666666666666667
0 0.98125 0.6388888888888888 0.0375 0.18333333333333332
0 0.73046875 0.08194444444444444 0.0234375 0.12638888888888888
0 0.95078125 0.20694444444444443 0.0296875 0.10972222222222222
0 0.1484375 0.9680555555555556 0.05390625 0.06388888888888888
0 0.644140625 0.03333333333333333 0.02109375 0.06666666666666667
0 0.86171875 0.019444444444444445 0.03828125 0.03888888888888889
0 0.55 0.37430555555555556 0.025 0.12222222222222222
0 0.03828125 0.1701388888888889 0.03671875 0.12083333333333333
0 0.28984375 0.06527777777777778 0.03046875 0.09861111111111111
0 0.121875 0.11875 0.03671875 0.125
0 0.2234375 0.4486111111111111 0.0265625 0.059722222222222225
0 0.219140625 0.5215277777777778 0.04296875 0.15138888888888888
0 0.992578125 0.025694444444444443 0.01484375 0.05138888888888889
0 0.6125 0.03333333333333333 0.025 0.06666666666666667
0 0.601953125 0.04375 0.02265625 0.06944444444444445
0 0.188671875 0.5 0.0328125 0.14027777777777778
0 0.2515625 0.5076388888888889 0.03828125 0.1361111111111111
0 0.94609375 0.006944444444444444 0.021875 0.013888888888888888