0 0.5015625 0.1527777777777778 0.03359375 0.12222222222222222
0 0.675 0.8458333333333333 0.04453125 0.1361111111111111
0 0.665625 0.15069444444444444 0.02890625 0.12222222222222222
0 0.905078125 0.1284722222222222 0.0375 0.11527777777777778
0 0.959765625 0.5555555555555556 0.0484375 0.15694444444444444
0 0.971875 0.09375 0.0328125 0.10972222222222222
0 0.561328125 0.10138888888888889 0.02734375 0.11805555555555555
0 0.403125 0.5840277777777778 0.03984375 0.15694444444444444
0 0.10859375 0.2375 0.04453125 0.14166666666666666
0 0.500390625 0.5194444444444445 0.034375 0.14722222222222223
0 0.806640625 0.8361111111111111 0.05078125 0.19166666666666668
0 0.98515625 0.1625 0.0296875 0.12777777777777777
0 0.3875 0.24930555555555556 0.03671875 0.14305555555555555
0 0.676171875 0.02847222222222222 0.02578125 0.05694444444444444
0 0.73203125 0.08263888888888889 0.02421875 0.12361111111111112
0 0.531640625 0.15347222222222223 0.025 0.10138888888888889
0 0.03828125 0.16944444444444445 0.03515625 0.11527777777777778
0 0.758203125 0.041666666666666664 0.0265625 0.08333333333333333
0 0.937890625 0.09722222222222222 0.03203125 0.11388888888888889
0 0.624609375 0.7923611111111111 0.04921875 0.20277777777777778
0 0.546484375 0.9388888888888889 0.06640625 0.12222222222222222
0 0.644140625 0.034027777777777775 0.0203125 0.06805555555555555
0 0.506640625 0.05138888888888889 0.03359375 0.10138888888888889
0 0.776953125 0.9770833333333333 0.05703125 0.04583333333333333
0 0.610546875 0.03611111111111111 0.02421875 0.07222222222222222
0 0.55078125 0.1798611111111111 0.0234375 0.1111111111111111
0 0.010546875 0.33402777777777776 0.0203125 0.13194444444444445
0 0.592578125 0.04583333333333333 0.01796875 0.06666666666666667
0 0.250390625 0.5125 0.03359375 0.12777777777777777
0 0.435546875 0.06597222222222222 0.01953125 0.09305555555555556
0 0.020703125 0.6097222222222223 0.04140625 0.17083333333333334
0 0.218359375 0.51875 0.04375 0.15833333333333333
0 0.189453125 0.49930555555555556 0.03828125 0.1486111111111111
0 0.990625 0.32222222222222224 0.01875 0.11666666666666667
0 0.520703125 0.013888888888888888 0.01953125 0.027777777777777776
0 0.587890625 0.041666666666666664 0.01640625 0.06805555555555555
0 0.228125 0.45208333333333334 0.01953125 0.05277777777777778