0 0.570703125 0.10277777777777777 0.0609375 0.14166666666666666
0 0.4703125 0.11180555555555556 0.053125 0.12361111111111112
0 0.406640625 0.15486111111111112 0.0578125 0.12916666666666668
0 0.452734375 0.7236111111111111 0.07890625 0.18194444444444444
0 0.017578125 0.5590277777777778 0.03515625 0.12916666666666668
0 0.70390625 0.5840277777777778 0.0734375 0.16527777777777777
0 0.87734375 0.65625 0.0796875 0.15833333333333333
0 0.903515625 0.13680555555555557 0.07890625 0.17083333333333334
0 0.63046875 0.7708333333333334 0.1 0.2222222222222222
0 0.43359375 0.13125 0.04609375 0.10833333333333334
0 0.483984375 0.45625 0.065625 0.15694444444444444
0 0.762890625 0.7138888888888889 0.10546875 0.22777777777777777
0 0.34453125 0.4097222222222222 0.08203125 0.18888888888888888
0 0.385546875 0.08333333333333333 0.0421875 0.08333333333333333
0 0.26796875 0.1736111111111111 0.0328125 0.06388888888888888
0 0.083203125 0.5236111111111111 0.07265625 0.15833333333333333
0 0.4765625 0.20902777777777778 0.04921875 0.12222222222222222
0 0.48515625 0.016666666666666666 0.0375 0.03333333333333333
0 0.253125 0.7326388888888888 0.07734375 0.17083333333333334
0 0.30078125 0.19027777777777777 0.04296875 0.10138888888888889
0 0.250390625 0.6583333333333333 0.03828125 0.07083333333333333
0 0.2203125 0.7402777777777778 0.0640625 0.15138888888888888
0 0.325 0.11041666666666666 0.02265625 0.0375
0 0.273828125 0.69375 0.06640625 0.14722222222222223
0 0.34453125 0.09375 0.02109375 0.0375
0 0.47109375 0.02638888888888889 0.034375 0.05277777777777778
0 0.01640625 0.7027777777777777 0.0328125 0.11666666666666667