0 0.137890625 0.9354166666666667 0.053125 0.12916666666666668
0 0.8171875 0.19583333333333333 0.03125 0.13055555555555556
0 0.6234375 0.4583333333333333 0.034375 0.12777777777777777
0 0.569921875 0.2791666666666667 0.03125 0.12777777777777777
0 0.29609375 0.8326388888888889 0.05 0.18194444444444444
0 0.0328125 0.6791666666666667 0.05078125 0.16111111111111112
0 0.487109375 0.2708333333333333 0.03046875 0.12916666666666668
0 0.50234375 0.04513888888888889 0.0296875 0.0875
0 0.9265625 0.3236111111111111 0.040625 0.14166666666666666
0 0.977734375 0.5895833333333333 0.04453125 0.17083333333333334
0 0.66796875 0.41180555555555554 0.03515625 0.1361111111111111
0 0.375390625 0.5118055555555555 0.04453125 0.16944444444444445
0 0.5015625 0.6902777777777778 0.04296875 0.1597222222222222
0 0.36875 0.12638888888888888 0.02890625 0.12777777777777777
0 0.972265625 0.1951388888888889 0.03359375 0.11527777777777778
0 0.51875 0.55625 0.0453125 0.1736111111111111
0 0.4609375 0.05277777777777778 0.02578125 0.10416666666666667
0 0.534375 0.041666666666666664 0.0203125 0.07916666666666666
0 0.28359375 0.6444444444444445 0.040625 0.14583333333333334
0 0.626171875 0.13125 0.02734375 0.10555555555555556
0 0.42109375 0.9659722222222222 0.053125 0.06805555555555555
0 0.3859375 0.06875 0.0265625 0.10694444444444444
0 0.94609375 0.19166666666666668 0.03359375 0.10972222222222222
0 0.43984375 0.05416666666666667 0.02421875 0.10555555555555556
0 0.73125 0.08333333333333333 0.02265625 0.12638888888888888
0 0.123046875 0.11458333333333333 0.04375 0.13472222222222222
0 0.04453125 0.16597222222222222 0.034375 0.11527777777777778
0 0.55078125 0.4048611111111111 0.0234375 0.13194444444444445
0 0.64609375 0.034722222222222224 0.02421875 0.06944444444444445
0 0.840234375 0.021527777777777778 0.03359375 0.043055555555555555
0 0.21875 0.5194444444444445 0.04140625 0.15416666666666667
0 0.224609375 0.44930555555555557 0.02578125 0.06388888888888888
0 0.275390625 0.06597222222222222 0.02109375 0.09861111111111111
0 0.620703125 0.030555555555555555 0.02265625 0.06111111111111111
0 0.189453125 0.5013888888888889 0.034375 0.14722222222222223
0 0.603515625 0.043055555555555555 0.021875 0.06527777777777778
0 0.25078125 0.5104166666666666 0.03671875 0.13333333333333333
0 0.946875 0.006944444444444444 0.02265625 0.013888888888888888