0 0.625 0.5652777777777778 0.05234375 0.14027777777777778
0 0.549609375 0.06527777777777778 0.040625 0.11527777777777778
0 0.59453125 0.2673611111111111 0.04375 0.13333333333333333
0 0.507421875 0.3104166666666667 0.0421875 0.14027777777777778
0 0.378125 0.8798611111111111 0.06484375 0.18194444444444444
0 0.4796875 0.7861111111111111 0.06328125 0.1875
0 0.255859375 0.8375 0.06796875 0.18611111111111112
0 0.25625 0.6444444444444445 0.05625 0.1597222222222222
0 0.839453125 0.2722222222222222 0.04765625 0.13472222222222222
0 0.678125 0.4083333333333333 0.0484375 0.14444444444444443
0 0.417578125 0.06041666666666667 0.04140625 0.12083333333333333
0 0.43828125 0.03263888888888889 0.03125 0.06527777777777778
0 0.51796875 0.6277777777777778 0.06484375 0.18194444444444444
0 0.939453125 0.5152777777777777 0.05859375 0.15416666666666667
0 0.353515625 0.029166666666666667 0.03828125 0.058333333333333334
0 0.5796875 0.0763888888888889 0.03046875 0.1
0 0.50859375 0.03958333333333333 0.0328125 0.07916666666666666
0 0.387109375 0.40902777777777777 0.0671875 0.2013888888888889
0 0.487890625 0.03611111111111111 0.03359375 0.07222222222222222
0 0.6921875 0.09097222222222222 0.03125 0.07361111111111111
0 0.988671875 0.3875 0.02265625 0.13333333333333333
0 0.05 0.6 0.07734375 0.19166666666666668
0 0.92890625 0.15763888888888888 0.0421875 0.05
0 0.975390625 0.37430555555555556 0.04140625 0.11944444444444445
0 0.083203125 0.041666666666666664 0.04453125 0.08333333333333333
0 0.56328125 0.3715277777777778 0.03671875 0.13055555555555556
0 0.678515625 0.1597222222222222 0.0390625 0.11805555555555555
0 0.771484375 0.16944444444444445 0.0375 0.13055555555555556
0 0.9578125 0.8479166666666667 0.0453125 0.18333333333333332
0 0.168359375 0.03958333333333333 0.05078125 0.07916666666666666
0 0.239453125 0.35555555555555557 0.02734375 0.06527777777777778
0 0.220703125 0.4236111111111111 0.06015625 0.16666666666666666
0 0.530078125 0.022222222222222223 0.02265625 0.044444444444444446
0 0.66015625 0.07847222222222222 0.03203125 0.07083333333333333
0 0.194140625 0.3958333333333333 0.046875 0.14722222222222223
0 0.255078125 0.42430555555555555 0.053125 0.14722222222222223
0 0.64296875 0.08958333333333333 0.02734375 0.06527777777777778