0 0.9578125 0.28888888888888886 0.05546875 0.16666666666666666
0 0.485546875 0.4083333333333333 0.04765625 0.15138888888888888
0 0.919140625 0.8055555555555556 0.071875 0.18888888888888888
0 0.86953125 0.3333333333333333 0.053125 0.17222222222222222
0 0.57265625 0.5388888888888889 0.053125 0.16944444444444445
0 0.901171875 0.6513888888888889 0.0609375 0.17777777777777778
0 0.598828125 0.8666666666666667 0.06484375 0.17777777777777778
0 0.040234375 0.70625 0.07109375 0.19444444444444445
0 0.40390625 0.9270833333333334 0.0703125 0.14583333333333334
0 0.669921875 0.8305555555555556 0.0640625 0.19166666666666668
0 0.60859375 0.26944444444444443 0.03984375 0.13194444444444445
0 0.574609375 0.04513888888888889 0.04296875 0.09027777777777778
0 0.5703125 0.20833333333333334 0.0328125 0.10972222222222222
0 0.916015625 0.19375 0.04921875 0.15138888888888888
0 0.88046875 0.07430555555555556 0.0453125 0.13472222222222222
0 0.311328125 0.5555555555555556 0.05078125 0.16111111111111112
0 0.07578125 0.19791666666666666 0.0359375 0.10138888888888889
0 0.349609375 0.13194444444444445 0.03515625 0.12361111111111112
0 0.15546875 0.9833333333333333 0.0671875 0.03333333333333333
0 0.696875 0.052083333333333336 0.034375 0.10416666666666667
0 0.373046875 0.27569444444444446 0.0375 0.12638888888888888
0 0.51640625 0.2986111111111111 0.046875 0.1527777777777778
0 0.1203125 0.9236111111111112 0.071875 0.1527777777777778
0 0.36484375 0.37222222222222223 0.04453125 0.15
0 0.098046875 0.13819444444444445 0.03828125 0.0875
0 0.963671875 0.11875 0.03046875 0.11944444444444445
0 0.66015625 0.029166666666666667 0.0328125 0.058333333333333334
0 0.559765625 0.75 0.046875 0.16944444444444445
0 0.482421875 0.03819444444444445 0.02890625 0.0763888888888889
0 0.86484375 0.025694444444444443 0.0296875 0.05138888888888889
0 0.458203125 0.12291666666666666 0.0328125 0.11944444444444445
0 0.036328125 0.2708333333333333 0.03828125 0.12638888888888888
0 0.84375 0.03888888888888889 0.034375 0.07777777777777778
0 0.397265625 0.12430555555555556 0.03515625 0.12222222222222222
0 0.428515625 0.12291666666666666 0.03359375 0.11805555555555555
0 0.308984375 0.43680555555555556 0.0453125 0.14166666666666666
0 0.223828125 0.5270833333333333 0.028125 0.06527777777777778
0 0.618359375 0.03194444444444444 0.03046875 0.06388888888888888
0 0.194140625 0.5895833333333333 0.04375 0.15138888888888888
0 0.2234375 0.6013888888888889 0.0546875 0.16111111111111112
0 0.25390625 0.5861111111111111 0.0484375 0.14027777777777778
0 0.22890625 0.07569444444444444 0.0265625 0.029166666666666667
0 0.61015625 0.020833333333333332 0.0265625 0.041666666666666664
0 0.980078125 0.25972222222222224 0.01953125 0.10416666666666667