0 0.91484375 0.8534722222222222 0.0546875 0.18194444444444444
0 0.069921875 0.925 0.05859375 0.14305555555555555
0 0.569921875 0.49166666666666664 0.03671875 0.15
0 0.489453125 0.44166666666666665 0.03515625 0.13194444444444445
0 0.37109375 0.8513888888888889 0.06484375 0.2388888888888889
0 0.04453125 0.6368055555555555 0.04921875 0.1763888888888889
0 0.729296875 0.09305555555555556 0.02109375 0.12361111111111112
0 0.53984375 0.68125 0.03359375 0.15138888888888888
0 0.647265625 0.7666666666666667 0.05234375 0.20277777777777778
0 0.856640625 0.37222222222222223 0.03984375 0.14722222222222223
0 0.934765625 0.3375 0.04375 0.14444444444444443
0 0.525 0.34930555555555554 0.0390625 0.15555555555555556
0 0.37890625 0.06875 0.0234375 0.10833333333333334
0 0.594921875 0.2569444444444444 0.02578125 0.1111111111111111
0 0.30703125 0.55 0.04296875 0.1527777777777778
0 0.98359375 0.4444444444444444 0.0328125 0.15138888888888888
0 0.3734375 0.3034722222222222 0.03359375 0.14444444444444443
0 0.53984375 0.9340277777777778 0.05078125 0.13055555555555556
0 0.055859375 0.15763888888888888 0.03046875 0.11805555555555555
0 0.309765625 0.42777777777777776 0.034375 0.125
0 0.909375 0.19236111111111112 0.0359375 0.12638888888888888
0 0.6015625 0.04027777777777778 0.0328125 0.08055555555555556
0 0.917578125 0.9625 0.06328125 0.075
0 0.387109375 0.20972222222222223 0.028125 0.12222222222222222
0 0.48984375 0.13472222222222222 0.02421875 0.11944444444444445
0 0.622265625 0.26875 0.03046875 0.12222222222222222
0 0.11640625 0.9770833333333333 0.0375 0.04583333333333333
0 0.2234375 0.45555555555555555 0.025 0.058333333333333334
0 0.98984375 0.2625 0.0203125 0.11527777777777778
0 0.427734375 0.09930555555555555 0.025 0.11944444444444445
0 0.45703125 0.10486111111111111 0.0265625 0.12083333333333333
0 0.127734375 0.03958333333333333 0.03125 0.07916666666666666
0 0.18984375 0.5104166666666666 0.034375 0.14027777777777778
0 0.53125 0.027083333333333334 0.021875 0.05416666666666667
0 0.218359375 0.5291666666666667 0.040625 0.14583333333333334
0 0.88984375 0.12361111111111112 0.02890625 0.10694444444444444
0 0.9875 0.015277777777777777 0.02265625 0.030555555555555555
0 0.946484375 0.011111111111111112 0.0203125 0.022222222222222223
0 0.132421875 0.10069444444444445 0.028125 0.08194444444444444
0 0.91328125 0.10902777777777778 0.0265625 0.09166666666666666
0 0.649609375 0.04722222222222222 0.0296875 0.09166666666666666
0 0.68203125 0.059722222222222225 0.02109375 0.06944444444444445
0 0.250390625 0.5173611111111112 0.0359375 0.125
0 0.005078125 0.91875 0.01015625 0.13472222222222222
0 0.65078125 0.02013888888888889 0.028125 0.04027777777777778
0 0.50078125 0.006944444444444444 0.0203125 0.013888888888888888