0 0.847265625 0.35625 0.0453125 0.14583333333333334
0 0.578125 0.3854166666666667 0.04453125 0.14305555555555555
0 0.6234375 0.3729166666666667 0.0375 0.11666666666666667
0 0.41640625 0.10486111111111111 0.0359375 0.11388888888888889
0 0.491796875 0.5548611111111111 0.05234375 0.15833333333333333
0 0.63984375 0.22291666666666668 0.03828125 0.11944444444444445
0 0.291796875 0.4701388888888889 0.0484375 0.14305555555555555
0 0.65859375 0.6 0.05390625 0.16666666666666666
0 0.956640625 0.5611111111111111 0.05859375 0.1625
0 0.513671875 0.19722222222222222 0.03515625 0.12638888888888888
0 0.084375 0.6798611111111111 0.075 0.19722222222222222
0 0.371875 0.6173611111111111 0.06875 0.21944444444444444
0 0.39765625 0.16805555555555557 0.03984375 0.13472222222222222
0 0.287890625 0.6326388888888889 0.0578125 0.16805555555555557
0 0.470703125 0.06180555555555556 0.0328125 0.11944444444444445
0 0.491796875 0.06666666666666667 0.03671875 0.11388888888888889
0 0.516015625 0.4388888888888889 0.0515625 0.16111111111111112
0 0.7625 0.14652777777777778 0.03359375 0.13055555555555556
0 0.548046875 0.5319444444444444 0.0390625 0.14444444444444443
0 0.7890625 0.08125 0.03671875 0.03611111111111111
0 0.161328125 0.02361111111111111 0.05078125 0.04722222222222222
0 0.08203125 0.05555555555555555 0.0390625 0.1111111111111111
0 0.538671875 0.02847222222222222 0.0234375 0.05138888888888889
0 0.25 0.02638888888888889 0.03125 0.05277777777777778
0 0.96953125 0.27152777777777776 0.0375 0.12638888888888888
0 0.41796875 0.017361111111111112 0.0265625 0.034722222222222224
0 0.19375 0.4270833333333333 0.04375 0.1527777777777778
0 0.696484375 0.08194444444444444 0.03203125 0.08055555555555556
0 0.230078125 0.3819444444444444 0.03203125 0.07361111111111111
0 0.56015625 0.03194444444444444 0.025 0.04861111111111111
0 0.2203125 0.4534722222222222 0.05390625 0.15833333333333333
0 0.251953125 0.44583333333333336 0.04296875 0.1375
0 0.940625 0.32708333333333334 0.05234375 0.1486111111111111
0 0.630859375 0.04375 0.021875 0.034722222222222224
0 0.66875 0.07708333333333334 0.034375 0.08472222222222223
0 0.951171875 0.2638888888888889 0.03671875 0.11388888888888889
0 0.64921875 0.07013888888888889 0.03125 0.07916666666666666
0 0.98125 0.12291666666666666 0.02109375 0.019444444444444445