0 0.825 0.6708333333333333 0.04921875 0.16666666666666666
0 0.933203125 0.5666666666666667 0.0453125 0.16666666666666666
0 0.012890625 0.11944444444444445 0.02578125 0.09722222222222222
0 0.584375 0.7416666666666667 0.0421875 0.1736111111111111
0 0.8125 0.5222222222222223 0.04140625 0.15555555555555556
0 0.61953125 0.4125 0.03203125 0.12361111111111112
0 0.6625 0.7506944444444444 0.0453125 0.15138888888888888
0 0.496875 0.3013888888888889 0.03203125 0.13055555555555556
0 0.586328125 0.15 0.0265625 0.10138888888888889
0 0.405078125 0.3590277777777778 0.03203125 0.1375
0 0.378515625 0.1909722222222222 0.02890625 0.12777777777777777
0 0.61640625 0.125 0.02734375 0.11944444444444445
0 0.184765625 0.041666666666666664 0.028125 0.08055555555555556
0 0.92109375 0.2902777777777778 0.03984375 0.1388888888888889
0 0.89375 0.11041666666666666 0.03359375 0.12222222222222222
0 0.08671875 0.8715277777777778 0.05859375 0.19305555555555556
0 0.9734375 0.275 0.03359375 0.1388888888888889
0 0.56875 0.9638888888888889 0.03671875 0.07222222222222222
0 0.05859375 0.16944444444444445 0.03125 0.12083333333333333
0 0.13046875 0.6270833333333333 0.04609375 0.17222222222222222
0 0.533203125 0.2222222222222222 0.03515625 0.14027777777777778
0 0.7265625 0.1 0.02421875 0.125
0 0.36875 0.49375 0.0390625 0.16527777777777777
0 0.228515625 0.03263888888888889 0.0359375 0.06527777777777778
0 0.632421875 0.11180555555555556 0.0265625 0.12916666666666668
0 0.4875 0.06319444444444444 0.028125 0.11944444444444445
0 0.953515625 0.02013888888888889 0.02109375 0.04027777777777778
0 0.68359375 0.04791666666666667 0.02265625 0.09305555555555556
0 0.453125 0.11666666666666667 0.028125 0.12222222222222222
0 0.31640625 0.38472222222222224 0.05078125 0.14722222222222223
0 0.718359375 0.04722222222222222 0.025 0.09027777777777778
0 0.315234375 0.2881944444444444 0.03515625 0.09305555555555556
0 0.50078125 0.017361111111111112 0.03515625 0.034722222222222224
0 0.14609375 0.02013888888888889 0.02421875 0.04027777777777778
0 0.3984375 0.017361111111111112 0.028125 0.034722222222222224
0 0.22421875 0.46875 0.025 0.05694444444444444
0 0.49921875 0.08541666666666667 0.02265625 0.10694444444444444
0 0.427734375 0.10902777777777778 0.02734375 0.12222222222222222
0 0.865625 0.08263888888888889 0.02578125 0.10416666666666667
0 0.190234375 0.51875 0.03515625 0.14305555555555555
0 0.21953125 0.5388888888888889 0.04296875 0.15416666666666667
0 0.921484375 0.19722222222222222 0.0375 0.12083333333333333
0 0.9921875 0.16527777777777777 0.015625 0.10833333333333334
0 0.251953125 0.525 0.04375 0.13472222222222222
0 0.6640625 0.07361111111111111 0.02109375 0.06527777777777778
0 0.85 0.08541666666666667 0.0203125 0.10416666666666667
0 0.50625 0.075 0.03203125 0.14305555555555555