0 0.668359375 0.5840277777777778 0.0765625 0.15555555555555556
0 0.63046875 0.3840277777777778 0.06875 0.14027777777777778
0 0.859765625 0.5652777777777778 0.06796875 0.1388888888888889
0 0.058203125 0.1875 0.09375 0.18472222222222223
0 0.2203125 0.5777777777777777 0.0953125 0.1875
0 0.61328125 0.6013888888888889 0.065625 0.13333333333333333
0 0.64609375 0.12777777777777777 0.0515625 0.10138888888888889
0 0.395703125 0.375 0.10078125 0.20277777777777778
0 0.2875 0.7923611111111111 0.06953125 0.12222222222222222
0 0.902734375 0.8020833333333334 0.07890625 0.15694444444444444
0 0.54765625 0.04097222222222222 0.0578125 0.08194444444444444
0 0.059375 0.5041666666666667 0.0765625 0.13472222222222222
0 0.51484375 0.058333333333333334 0.0625 0.11666666666666667
0 0.43125 0.6847222222222222 0.090625 0.18333333333333332
0 0.725 0.3236111111111111 0.0578125 0.11666666666666667
0 0.559375 0.3076388888888889 0.0671875 0.14027777777777778
0 0.975 0.7409722222222223 0.05 0.13472222222222222
0 0.942578125 0.4638888888888889 0.04609375 0.07361111111111111
0 0.673828125 0.1625 0.046875 0.09444444444444444
0 0.59609375 0.07013888888888889 0.05078125 0.10416666666666667
0 0.615234375 0.09236111111111112 0.05078125 0.10277777777777777
0 0.494921875 0.5826388888888889 0.09296875 0.18888888888888888
0 0.26640625 0.40902777777777777 0.07734375 0.15555555555555556
0 0.823828125 0.39375 0.06015625 0.12916666666666668
0 0.576171875 0.4638888888888889 0.06015625 0.12916666666666668
0 0.76875 0.2659722222222222 0.03984375 0.07777777777777778
0 0.964453125 0.7111111111111111 0.05703125 0.11388888888888889
0 0.7484375 0.2361111111111111 0.03984375 0.075
0 0.73125 0.23125 0.03828125 0.075
0 0.28984375 0.1763888888888889 0.0421875 0.07777777777777778
0 0.262890625 0.23125 0.08359375 0.16805555555555557
0 0.245703125 0.18263888888888888 0.075 0.1527777777777778
0 0.29375 0.2513888888888889 0.07578125 0.15138888888888888