0 0.630859375 0.525 0.03828125 0.13194444444444445
0 0.568359375 0.2361111111111111 0.03046875 0.12222222222222222
0 0.501953125 0.05694444444444444 0.02890625 0.10833333333333334
0 0.487109375 0.31527777777777777 0.02890625 0.13472222222222222
0 0.295703125 0.9152777777777777 0.05234375 0.1638888888888889
0 0.933984375 0.3625 0.046875 0.12777777777777777
0 0.5109375 0.7888888888888889 0.04609375 0.17222222222222222
0 0.274609375 0.7305555555555555 0.0421875 0.15694444444444444
0 0.80703125 0.15763888888888888 0.0328125 0.12361111111111112
0 0.458984375 0.0375 0.0265625 0.075
0 0.371484375 0.09097222222222222 0.02890625 0.11666666666666667
0 0.0734375 0.7631944444444444 0.05625 0.16666666666666666
0 0.422265625 0.9111111111111111 0.0484375 0.175
0 0.387109375 0.04722222222222222 0.02265625 0.09166666666666666
0 0.5328125 0.05763888888888889 0.02109375 0.09722222222222222
0 0.306640625 0.06666666666666667 0.028125 0.09166666666666666
0 0.663671875 0.34791666666666665 0.03359375 0.1375
0 0.53125 0.6215277777777778 0.04765625 0.16944444444444445
0 0.437890625 0.03888888888888889 0.025 0.07777777777777778
0 0.886328125 0.02013888888888889 0.03984375 0.04027777777777778
0 0.3796875 0.44375 0.04921875 0.19166666666666668
0 0.980859375 0.2222222222222222 0.034375 0.12777777777777777
0 0.644140625 0.030555555555555555 0.02265625 0.06111111111111111
0 0.0390625 0.17083333333333334 0.03125 0.11944444444444445
0 0.548046875 0.3451388888888889 0.0234375 0.12083333333333333
0 0.730078125 0.08402777777777778 0.021875 0.12361111111111112
0 0.984765625 0.7 0.03046875 0.1736111111111111
0 0.639453125 0.10069444444444445 0.02890625 0.12083333333333333
0 0.953515625 0.21944444444444444 0.02734375 0.11527777777777778
0 0.481640625 0.02013888888888889 0.02109375 0.04027777777777778
0 0.229296875 0.44722222222222224 0.021875 0.058333333333333334
0 0.122265625 0.13472222222222222 0.0390625 0.12916666666666668
0 0.991796875 0.025 0.01640625 0.05
0 0.21796875 0.5222222222222223 0.04296875 0.15416666666666667
0 0.609375 0.03333333333333333 0.025 0.06666666666666667
0 0.2515625 0.5090277777777777 0.0390625 0.1361111111111111
0 0.192578125 0.4979166666666667 0.0375 0.14027777777777778
0 0.59453125 0.049305555555555554 0.02265625 0.059722222222222225