0 0.4875 0.1736111111111111 0.05625 0.13194444444444445
0 0.591796875 0.18680555555555556 0.06171875 0.14444444444444443
0 0.651171875 0.46944444444444444 0.07265625 0.15833333333333333
0 0.394140625 0.12013888888888889 0.053125 0.12361111111111112
0 0.4515625 0.38055555555555554 0.06328125 0.15138888888888888
0 0.49609375 0.8583333333333333 0.08125 0.18611111111111112
0 0.3640625 0.9298611111111111 0.078125 0.14027777777777778
0 0.609765625 0.8256944444444444 0.0921875 0.20972222222222223
0 0.276171875 0.20416666666666666 0.0515625 0.12361111111111112
0 0.074609375 0.4826388888888889 0.0625 0.14166666666666666
0 0.015625 0.5666666666666667 0.03125 0.125
0 0.3265625 0.12916666666666668 0.03828125 0.0763888888888889
0 0.87421875 0.08194444444444444 0.078125 0.1638888888888889
0 0.4234375 0.09652777777777778 0.04375 0.10555555555555556
0 0.347265625 0.10972222222222222 0.0359375 0.07222222222222222
0 0.586328125 0.6465277777777778 0.096875 0.21944444444444444
0 0.367578125 0.49583333333333335 0.07578125 0.17222222222222222
0 0.49296875 0.28958333333333336 0.04921875 0.125
0 0.285546875 0.1638888888888889 0.040625 0.0763888888888889
0 0.52890625 0.030555555555555555 0.053125 0.06111111111111111
0 0.370703125 0.0798611111111111 0.03203125 0.05694444444444444
0 0.483203125 0.015277777777777777 0.03671875 0.030555555555555555
0 0.252734375 0.7395833333333334 0.07734375 0.17083333333333334
0 0.242578125 0.24027777777777778 0.03828125 0.10138888888888889
0 0.246875 0.6631944444444444 0.03671875 0.075
0 0.219140625 0.7409722222222223 0.07109375 0.15833333333333333
0 0.278125 0.7097222222222223 0.06640625 0.1486111111111111
0 0.471484375 0.027777777777777776 0.03203125 0.05555555555555555