0 0.408203125 0.5145833333333333 0.03515625 0.14166666666666666
0 0.671875 0.11805555555555555 0.02890625 0.11805555555555555
0 0.55546875 0.07083333333333333 0.0265625 0.1111111111111111
0 0.821484375 0.7361111111111112 0.04375 0.16527777777777777
0 0.771875 0.9215277777777777 0.0484375 0.15138888888888888
0 0.680078125 0.9409722222222222 0.04921875 0.11527777777777778
0 0.5015625 0.18055555555555555 0.03046875 0.11666666666666667
0 0.733984375 0.08125 0.02578125 0.12222222222222222
0 0.534765625 0.17777777777777778 0.02890625 0.10972222222222222
0 0.95390625 0.07222222222222222 0.03203125 0.12222222222222222
0 0.024609375 0.6673611111111111 0.04921875 0.18333333333333332
0 0.97265625 0.6020833333333333 0.05234375 0.13472222222222222
0 0.921484375 0.075 0.03203125 0.1125
0 0.971875 0.13055555555555556 0.03515625 0.11944444444444445
0 0.38671875 0.21944444444444444 0.03828125 0.14444444444444443
0 0.5 0.5930555555555556 0.03671875 0.16666666666666666
0 0.9828125 0.18888888888888888 0.034375 0.12916666666666668
0 0.86484375 0.11180555555555556 0.0359375 0.11666666666666667
0 0.57890625 0.7131944444444445 0.0453125 0.21666666666666667
0 0.64375 0.03333333333333333 0.02109375 0.06666666666666667
0 0.099609375 0.26666666666666666 0.0515625 0.14583333333333334
0 0.61015625 0.03611111111111111 0.0234375 0.07222222222222222
0 0.0359375 0.1736111111111111 0.03359375 0.11666666666666667
0 0.744140625 0.02847222222222222 0.01875 0.05694444444444444
0 0.592578125 0.04236111111111111 0.01875 0.06388888888888888
0 0.456640625 0.059722222222222225 0.0234375 0.09444444444444444
0 0.55390625 0.15625 0.01953125 0.08194444444444444
0 0.0125 0.35833333333333334 0.02421875 0.14027777777777778
0 0.2515625 0.5097222222222222 0.0328125 0.12638888888888888
0 0.674609375 0.01875 0.02109375 0.0375
0 0.189453125 0.4979166666666667 0.03515625 0.14583333333333334
0 0.218359375 0.5208333333333334 0.040625 0.15138888888888888
0 0.88984375 0.10138888888888889 0.02890625 0.125
0 0.226171875 0.45625 0.01875 0.05416666666666667
0 0.519921875 0.08194444444444444 0.03046875 0.10138888888888889
0 0.51953125 0.022916666666666665 0.02421875 0.04583333333333333
0 0.74921875 0.03194444444444444 0.025 0.059722222222222225
0 0.521484375 0.015277777777777777 0.0234375 0.030555555555555555
0 0.946875 0.005555555555555556 0.0296875 0.011111111111111112
0 0.5 0.025694444444444443 0.01875 0.05