0 0.593359375 0.23541666666666666 0.02890625 0.10555555555555556
0 0.567578125 0.5277777777777778 0.040625 0.15138888888888888
0 0.49375 0.41388888888888886 0.0375 0.14027777777777778
0 0.39140625 0.23541666666666666 0.03125 0.11944444444444445
0 0.87265625 0.40347222222222223 0.03984375 0.1486111111111111
0 0.898046875 0.9180555555555555 0.0609375 0.15833333333333333
0 0.08203125 0.8979166666666667 0.05390625 0.20416666666666666
0 0.9765625 0.40902777777777777 0.04609375 0.14305555555555555
0 0.89609375 0.7722222222222223 0.05390625 0.175
0 0.93984375 0.30416666666666664 0.03984375 0.14027777777777778
0 0.558203125 0.9125 0.04375 0.16805555555555557
0 0.38125 0.08611111111111111 0.0234375 0.10972222222222222
0 0.540234375 0.73125 0.0328125 0.15555555555555556
0 0.371484375 0.8965277777777778 0.05703125 0.20277777777777778
0 0.64296875 0.8416666666666667 0.0515625 0.20972222222222223
0 0.605859375 0.052083333333333336 0.0328125 0.10277777777777777
0 0.53125 0.3236111111111111 0.0390625 0.1527777777777778
0 0.7296875 0.09375 0.02109375 0.12638888888888888
0 0.62890625 0.29791666666666666 0.03203125 0.12638888888888888
0 0.312890625 0.5236111111111111 0.05078125 0.16111111111111112
0 0.038671875 0.6145833333333334 0.06796875 0.16944444444444445
0 0.37421875 0.33402777777777776 0.03515625 0.15138888888888888
0 0.98984375 0.23819444444444443 0.0203125 0.11527777777777778
0 0.48828125 0.12083333333333333 0.02578125 0.11805555555555555
0 0.13046875 0.044444444444444446 0.02890625 0.08611111111111111
0 0.31484375 0.40069444444444446 0.03515625 0.12222222222222222
0 0.909765625 0.18125 0.0359375 0.12361111111111112
0 0.058203125 0.16111111111111112 0.028125 0.12222222222222222
0 0.691015625 0.04791666666666667 0.02265625 0.09583333333333334
0 0.428515625 0.10347222222222222 0.025 0.11666666666666667
0 0.88203125 0.12222222222222222 0.0296875 0.10277777777777777
0 0.22421875 0.4576388888888889 0.0234375 0.05555555555555555
0 0.521484375 0.034722222222222224 0.02265625 0.06944444444444445
0 0.116796875 0.09444444444444444 0.02578125 0.09305555555555556
0 0.45859375 0.10902777777777778 0.025 0.11527777777777778
0 0.129296875 0.95 0.046875 0.1
0 0.946875 0.011805555555555555 0.02109375 0.02361111111111111
0 0.904296875 0.11180555555555556 0.03125 0.10972222222222222
0 0.63046875 0.035416666666666666 0.01953125 0.07083333333333333
0 0.2171875 0.5305555555555556 0.04609375 0.1527777777777778
0 0.191015625 0.5125 0.03515625 0.14444444444444443
0 0.984375 0.011111111111111112 0.01875 0.022222222222222223
0 0.651953125 0.03611111111111111 0.0234375 0.07222222222222222
0 0.25078125 0.5229166666666667 0.04296875 0.13472222222222222
0 0.66015625 0.05 0.01640625 0.09444444444444444
0 0.00625 0.9416666666666667 0.01171875 0.11527777777777778
0 0.269140625 0.009722222222222222 0.01953125 0.019444444444444445
0 0.906640625 0.14444444444444443 0.03515625 0.1111111111111111
0 0.285546875 0.00625 0.01953125 0.0125
0 0.10625 0.9409722222222222 0.09453125 0.1111111111111111