0 0.569140625 0.4215277777777778 0.03359375 0.14722222222222223
0 0.29453125 0.48680555555555555 0.034375 0.13333333333333333
0 0.490234375 0.5097222222222222 0.0375 0.1388888888888889
0 0.60546875 0.3111111111111111 0.0265625 0.10833333333333334
0 0.94140625 0.40902777777777777 0.04453125 0.15416666666666667
0 0.080078125 0.7194444444444444 0.0515625 0.1763888888888889
0 0.49140625 0.17222222222222222 0.02421875 0.12222222222222222
0 0.66171875 0.6340277777777777 0.04140625 0.16666666666666666
0 0.375 0.7243055555555555 0.05703125 0.20694444444444443
0 0.296484375 0.6284722222222222 0.04375 0.1638888888888889
0 0.5453125 0.5805555555555556 0.0296875 0.14305555555555555
0 0.429296875 0.08888888888888889 0.02578125 0.11388888888888889
0 0.83984375 0.30694444444444446 0.03671875 0.1388888888888889
0 0.45703125 0.09444444444444444 0.028125 0.12083333333333333
0 0.515234375 0.40069444444444446 0.040625 0.16111111111111112
0 0.58984375 0.025694444444444443 0.02265625 0.05138888888888889
0 0.385546875 0.16319444444444445 0.0265625 0.11805555555555555
0 0.3734375 0.24097222222222223 0.03046875 0.13333333333333333
0 0.12578125 0.06041666666666667 0.0359375 0.12083333333333333
0 0.05078125 0.15902777777777777 0.0296875 0.12361111111111112
0 0.730078125 0.08958333333333333 0.0203125 0.125
0 0.669921875 0.044444444444444446 0.02109375 0.08472222222222223
0 0.973828125 0.9701388888888889 0.05234375 0.059722222222222225
0 0.37734375 0.041666666666666664 0.02265625 0.08333333333333333
0 0.17890625 0.07569444444444444 0.02421875 0.09722222222222222
0 0.61640625 0.21736111111111112 0.028125 0.09861111111111111
0 0.18984375 0.5090277777777777 0.03359375 0.14027777777777778
0 0.71328125 0.017361111111111112 0.02265625 0.034722222222222224
0 0.249609375 0.5145833333333333 0.03046875 0.13055555555555556
0 0.220703125 0.5277777777777778 0.04140625 0.15
0 0.221875 0.4548611111111111 0.02578125 0.059722222222222225
0 0.5015625 0.017361111111111112 0.01875 0.034722222222222224
0 0.640234375 0.04236111111111111 0.02890625 0.08472222222222223
0 0.54375 0.013888888888888888 0.015625 0.027777777777777776
0 0.9921875 0.30694444444444446 0.015625 0.10972222222222222
0 0.92890625 0.13472222222222222 0.0265625 0.10138888888888889
0 0.946484375 0.009722222222222222 0.01875 0.019444444444444445
0 0.913671875 0.20277777777777778 0.03671875 0.075
0 0.61953125 0.035416666666666666 0.02734375 0.06944444444444445
0 0.90859375 0.2652777777777778 0.0234375 0.07083333333333333
0 0.9125 0.13541666666666666 0.025 0.09166666666666666
0 0.99453125 0.020833333333333332 0.0109375 0.041666666666666664
0 0.5203125 0.014583333333333334 0.015625 0.029166666666666667
0 0.612109375 0.02638888888888889 0.02109375 0.05277777777777778