0 0.562109375 0.10625 0.02734375 0.1111111111111111
0 0.66484375 0.1673611111111111 0.02890625 0.12361111111111112
0 0.915625 0.13958333333333334 0.0453125 0.12361111111111112
0 0.50078125 0.14305555555555555 0.0296875 0.11388888888888889
0 0.402734375 0.5993055555555555 0.03984375 0.14722222222222223
0 0.80703125 0.8666666666666667 0.04609375 0.19305555555555556
0 0.109375 0.23125 0.04609375 0.14027777777777778
0 0.9546875 0.5465277777777777 0.0484375 0.16111111111111112
0 0.54921875 0.91875 0.0609375 0.1625
0 0.761328125 0.04791666666666667 0.0265625 0.09305555555555556
0 0.67109375 0.8284722222222223 0.04296875 0.16111111111111112
0 0.384765625 0.2659722222222222 0.04296875 0.15138888888888888
0 0.037890625 0.16944444444444445 0.03203125 0.11388888888888889
0 0.730859375 0.08194444444444444 0.021875 0.125
0 0.53203125 0.14375 0.025 0.10277777777777777
0 0.55078125 0.1875 0.0234375 0.10555555555555556
0 0.676171875 0.03333333333333333 0.02578125 0.06666666666666667
0 0.63671875 0.8291666666666667 0.04296875 0.18055555555555555
0 0.49921875 0.5090277777777777 0.03515625 0.15694444444444444
0 0.64453125 0.03333333333333333 0.0203125 0.06666666666666667
0 0.9421875 0.10694444444444444 0.02890625 0.1125
0 0.507421875 0.04652777777777778 0.0296875 0.09305555555555556
0 0.98671875 0.16458333333333333 0.0265625 0.15138888888888888
0 0.610546875 0.03611111111111111 0.02265625 0.07222222222222222
0 0.978515625 0.10277777777777777 0.03671875 0.11527777777777778
0 0.98828125 0.30972222222222223 0.0234375 0.1125
0 0.59296875 0.04583333333333333 0.01953125 0.06805555555555555
0 0.373046875 0.018055555555555554 0.01875 0.03611111111111111
0 0.251953125 0.5090277777777777 0.0359375 0.13194444444444445
0 0.217578125 0.51875 0.04296875 0.15555555555555556
0 0.22890625 0.4486111111111111 0.01953125 0.05138888888888889
0 0.190625 0.49583333333333335 0.0375 0.14722222222222223
0 0.0078125 0.3159722222222222 0.015625 0.12083333333333333
0 0.520703125 0.0125 0.01796875 0.025
0 0.23984375 0.9881944444444445 0.05390625 0.02361111111111111
0 0.494921875 0.011805555555555555 0.01484375 0.02361111111111111
0 0.5890625 0.041666666666666664 0.0171875 0.06805555555555555
0 0.007421875 0.6083333333333333 0.01484375 0.1388888888888889
0 0.42578125 0.06527777777777778 0.01328125 0.09722222222222222
0 0.525390625 0.0125 0.02109375 0.025