0 0.955078125 0.28055555555555556 0.05703125 0.1638888888888889
0 0.484765625 0.3993055555555556 0.04765625 0.1527777777777778
0 0.914453125 0.7916666666666666 0.071875 0.20277777777777778
0 0.5734375 0.5444444444444444 0.05234375 0.1638888888888889
0 0.91484375 0.18055555555555555 0.046875 0.14166666666666666
0 0.56015625 0.7548611111111111 0.04453125 0.15416666666666667
0 0.03828125 0.6972222222222222 0.06875 0.2013888888888889
0 0.87265625 0.3347222222222222 0.05078125 0.16666666666666666
0 0.6015625 0.8534722222222222 0.0625 0.18194444444444444
0 0.673046875 0.8520833333333333 0.065625 0.20416666666666666
0 0.89453125 0.6284722222222222 0.0625 0.18194444444444444
0 0.568359375 0.20069444444444445 0.03359375 0.1111111111111111
0 0.121484375 0.9201388888888888 0.06953125 0.1597222222222222
0 0.876171875 0.06736111111111111 0.046875 0.13055555555555556
0 0.4015625 0.9368055555555556 0.0734375 0.12638888888888888
0 0.609375 0.28125 0.03984375 0.13472222222222222
0 0.516796875 0.2986111111111111 0.04765625 0.1597222222222222
0 0.35234375 0.14166666666666666 0.0359375 0.12638888888888888
0 0.69609375 0.052083333333333336 0.034375 0.10416666666666667
0 0.362890625 0.38333333333333336 0.046875 0.15416666666666667
0 0.576171875 0.04791666666666667 0.04765625 0.09583333333333334
0 0.9640625 0.11180555555555556 0.02890625 0.11944444444444445
0 0.661328125 0.02847222222222222 0.03515625 0.05694444444444444
0 0.376953125 0.2861111111111111 0.0390625 0.13472222222222222
0 0.0359375 0.26944444444444443 0.03828125 0.12638888888888888
0 0.31484375 0.5451388888888888 0.05234375 0.16805555555555557
0 0.0734375 0.2013888888888889 0.04140625 0.10416666666666667
0 0.098046875 0.13541666666666666 0.04140625 0.08472222222222223
0 0.48125 0.03958333333333333 0.028125 0.07916666666666666
0 0.1546875 0.9736111111111111 0.06875 0.05277777777777778
0 0.864453125 0.022222222222222223 0.03046875 0.044444444444444446
0 0.84296875 0.0375 0.03125 0.075
0 0.396484375 0.125 0.03359375 0.12222222222222222
0 0.42890625 0.12291666666666666 0.03515625 0.11944444444444445
0 0.45703125 0.11944444444444445 0.03515625 0.12361111111111112
0 0.307421875 0.4270833333333333 0.04453125 0.12777777777777777
0 0.22578125 0.08055555555555556 0.0296875 0.04027777777777778
0 0.22421875 0.5263888888888889 0.028125 0.06527777777777778
0 0.194921875 0.5895833333333333 0.0453125 0.15416666666666667
0 0.2234375 0.6006944444444444 0.05625 0.16111111111111112
0 0.62421875 0.03263888888888889 0.0265625 0.06527777777777778
0 0.60859375 0.021527777777777778 0.028125 0.043055555555555555
0 0.979296875 0.24444444444444444 0.0171875 0.08472222222222223
0 0.255859375 0.5826388888888889 0.05390625 0.14166666666666666
0 0.976171875 0.2520833333333333 0.0265625 0.11805555555555555
0 0.55546875 0.019444444444444445 0.0265625 0.03888888888888889