0 0.8359375 0.6951388888888889 0.04921875 0.1736111111111111
0 0.497265625 0.30486111111111114 0.0328125 0.12777777777777777
0 0.580859375 0.71875 0.04453125 0.16527777777777777
0 0.650390625 0.7618055555555555 0.053125 0.15416666666666667
0 0.928125 0.28888888888888886 0.03984375 0.13055555555555556
0 0.894140625 0.11527777777777778 0.03359375 0.12222222222222222
0 0.0234375 0.11805555555555555 0.03671875 0.09444444444444444
0 0.61953125 0.40902777777777777 0.0359375 0.13194444444444445
0 0.8203125 0.5319444444444444 0.04140625 0.14444444444444443
0 0.92890625 0.5493055555555556 0.04609375 0.15416666666666667
0 0.19296875 0.03958333333333333 0.03828125 0.07777777777777778
0 0.3796875 0.17777777777777778 0.028125 0.12361111111111112
0 0.56796875 0.9520833333333333 0.0359375 0.09583333333333334
0 0.9265625 0.20625 0.0359375 0.12083333333333333
0 0.126953125 0.6590277777777778 0.0484375 0.18611111111111112
0 0.584375 0.16041666666666668 0.02578125 0.10277777777777777
0 0.09296875 0.8868055555555555 0.06484375 0.16944444444444445
0 0.615234375 0.11527777777777778 0.028125 0.11527777777777778
0 0.405078125 0.3527777777777778 0.0328125 0.14027777777777778
0 0.97734375 0.2833333333333333 0.0328125 0.1361111111111111
0 0.320703125 0.4048611111111111 0.04296875 0.1486111111111111
0 0.058203125 0.16875 0.0328125 0.12222222222222222
0 0.535546875 0.22916666666666666 0.03984375 0.14583333333333334
0 0.72734375 0.10138888888888889 0.02265625 0.12083333333333333
0 0.849609375 0.09027777777777778 0.0234375 0.1
0 0.68125 0.043055555555555555 0.0234375 0.08611111111111111
0 0.36953125 0.4875 0.0421875 0.1763888888888889
0 0.953515625 0.019444444444444445 0.0203125 0.03888888888888889
0 0.71640625 0.04722222222222222 0.02421875 0.09166666666666666
0 0.31484375 0.30069444444444443 0.03828125 0.09027777777777778
0 0.485546875 0.06805555555555555 0.02421875 0.11527777777777778
0 0.455078125 0.11458333333333333 0.02890625 0.11944444444444445
0 0.146484375 0.021527777777777778 0.02578125 0.043055555555555555
0 0.63046875 0.10625 0.028125 0.12361111111111112
0 0.428515625 0.1076388888888889 0.02421875 0.11805555555555555
0 0.2328125 0.03263888888888889 0.034375 0.06527777777777778
0 0.991796875 0.1701388888888889 0.0171875 0.11805555555555555
0 0.225390625 0.4708333333333333 0.02578125 0.0625
0 0.86953125 0.08263888888888889 0.0234375 0.10694444444444444
0 0.4 0.014583333333333334 0.02578125 0.029166666666666667
0 0.509765625 0.018055555555555554 0.02421875 0.03611111111111111
0 0.499609375 0.07152777777777777 0.021875 0.11388888888888889
0 0.663671875 0.07361111111111111 0.021875 0.06527777777777778
0 0.18984375 0.5180555555555556 0.03515625 0.14166666666666666
0 0.218359375 0.5368055555555555 0.04609375 0.1527777777777778
0 0.253125 0.5256944444444445 0.04453125 0.13472222222222222
0 0.138671875 0.02638888888888889 0.03046875 0.05