0 0.32890625 0.9236111111111112 0.0703125 0.1527777777777778
0 0.51484375 0.16458333333333333 0.04921875 0.12638888888888888
0 0.43203125 0.09930555555555555 0.04453125 0.11805555555555555
0 0.582421875 0.8770833333333333 0.0796875 0.20555555555555555
0 0.6578125 0.5291666666666667 0.059375 0.14583333333333334
0 0.617578125 0.20902777777777778 0.05234375 0.14583333333333334
0 0.18515625 0.9645833333333333 0.0875 0.07083333333333333
0 0.461328125 0.8319444444444445 0.07265625 0.19027777777777777
0 0.71171875 0.022222222222222223 0.046875 0.044444444444444446
0 0.911328125 0.19166666666666668 0.06640625 0.16944444444444445
0 0.014453125 0.42916666666666664 0.02890625 0.11944444444444445
0 0.461328125 0.0875 0.03671875 0.10416666666666667
0 0.359765625 0.08472222222222223 0.0328125 0.06944444444444445
0 0.46640625 0.37777777777777777 0.05 0.14166666666666666
0 0.574609375 0.6826388888888889 0.0796875 0.20416666666666666
0 0.304296875 0.14305555555555555 0.04296875 0.12083333333333333
0 0.365625 0.44722222222222224 0.06953125 0.18055555555555555
0 0.65078125 0.020833333333333332 0.0375 0.041666666666666664
0 0.008203125 0.26875 0.01640625 0.05138888888888889
0 0.576953125 0.03194444444444444 0.04453125 0.06388888888888888
0 0.38359375 0.06944444444444445 0.0296875 0.06388888888888888
0 0.0828125 0.3763888888888889 0.05625 0.14444444444444443
0 0.509375 0.26944444444444443 0.03984375 0.12361111111111112
0 0.280078125 0.1638888888888889 0.0359375 0.10277777777777777
0 0.4109375 0.049305555555555554 0.0328125 0.05694444444444444
0 0.56171875 0.009027777777777777 0.034375 0.018055555555555554
0 0.318359375 0.10555555555555556 0.02734375 0.06388888888888888
0 0.90546875 0.03819444444444445 0.04375 0.0763888888888889
0 0.234765625 0.6680555555555555 0.06640625 0.16805555555555557
0 0.2359375 0.5888888888888889 0.0328125 0.07361111111111111
0 0.528125 0.020833333333333332 0.034375 0.041666666666666664
0 0.202734375 0.6666666666666666 0.05390625 0.15138888888888888
0 0.922265625 0.03611111111111111 0.04765625 0.07222222222222222
0 0.264453125 0.6451388888888889 0.0625 0.1527777777777778
0 0.523046875 0.02361111111111111 0.03671875 0.04722222222222222
0 0.51328125 0.027083333333333334 0.0296875 0.05416666666666667
0 0.91796875 0.03333333333333333 0.05625 0.06666666666666667