0 0.581640625 0.7243055555555555 0.04375 0.1638888888888889
0 0.82734375 0.6881944444444444 0.04765625 0.17916666666666667
0 0.935546875 0.5541666666666667 0.04296875 0.1597222222222222
0 0.815625 0.5270833333333333 0.040625 0.1486111111111111
0 0.497265625 0.30277777777777776 0.03203125 0.12777777777777777
0 0.0203125 0.11944444444444445 0.0390625 0.09166666666666666
0 0.61953125 0.4111111111111111 0.03515625 0.13055555555555556
0 0.651171875 0.7597222222222222 0.0578125 0.15555555555555556
0 0.37890625 0.18194444444444444 0.0296875 0.12361111111111112
0 0.615625 0.12083333333333333 0.02734375 0.11805555555555555
0 0.190234375 0.03888888888888889 0.03828125 0.0763888888888889
0 0.89375 0.1125 0.03359375 0.12083333333333333
0 0.926171875 0.28888888888888886 0.040625 0.1361111111111111
0 0.40546875 0.3548611111111111 0.03203125 0.1375
0 0.58359375 0.15486111111111112 0.02578125 0.09861111111111111
0 0.128125 0.6534722222222222 0.04765625 0.1875
0 0.56796875 0.9555555555555556 0.03828125 0.08888888888888889
0 0.976953125 0.27569444444444446 0.034375 0.13472222222222222
0 0.05859375 0.16944444444444445 0.03203125 0.12222222222222222
0 0.319921875 0.4 0.0421875 0.14027777777777778
0 0.231640625 0.03263888888888889 0.03515625 0.06527777777777778
0 0.08984375 0.8798611111111111 0.059375 0.1875
0 0.926171875 0.20625 0.0359375 0.13055555555555556
0 0.72890625 0.09930555555555555 0.021875 0.12222222222222222
0 0.534375 0.22708333333333333 0.03671875 0.14305555555555555
0 0.36875 0.49236111111111114 0.03984375 0.17083333333333334
0 0.505078125 0.019444444444444445 0.03125 0.03888888888888889
0 0.68203125 0.04652777777777778 0.02421875 0.09027777777777778
0 0.63203125 0.10625 0.02734375 0.11944444444444445
0 0.953515625 0.02013888888888889 0.0203125 0.04027777777777778
0 0.315625 0.29583333333333334 0.0359375 0.09027777777777778
0 0.487109375 0.06597222222222222 0.02734375 0.11527777777777778
0 0.4546875 0.11597222222222223 0.02734375 0.12083333333333333
0 0.1453125 0.022222222222222223 0.0265625 0.044444444444444446
0 0.71796875 0.04861111111111111 0.0265625 0.09444444444444444
0 0.991796875 0.16597222222222222 0.01640625 0.10972222222222222
0 0.8671875 0.08055555555555556 0.025 0.10555555555555556
0 0.499609375 0.07777777777777778 0.021875 0.11527777777777778
0 0.224609375 0.4701388888888889 0.02578125 0.06111111111111111
0 0.428515625 0.10833333333333334 0.02734375 0.12083333333333333
0 0.84921875 0.0875 0.02109375 0.10138888888888889
0 0.400390625 0.016666666666666666 0.02890625 0.03333333333333333
0 0.664453125 0.07430555555555556 0.02109375 0.06388888888888888
0 0.190234375 0.5173611111111112 0.03515625 0.14166666666666666
0 0.21875 0.5368055555555555 0.0453125 0.1527777777777778
0 0.253515625 0.5256944444444445 0.04453125 0.13472222222222222