0 0.839453125 0.7097222222222223 0.0484375 0.16944444444444445
0 0.619921875 0.3951388888888889 0.03515625 0.12638888888888888
0 0.578515625 0.7027777777777777 0.0484375 0.18055555555555555
0 0.61328125 0.10902777777777778 0.028125 0.1111111111111111
0 0.930078125 0.30069444444444443 0.04140625 0.13472222222222222
0 0.58828125 0.1625 0.02578125 0.10138888888888889
0 0.92734375 0.2222222222222222 0.0359375 0.1375
0 0.496484375 0.3125 0.0328125 0.13333333333333333
0 0.56484375 0.9375 0.0359375 0.12222222222222222
0 0.64609375 0.7625 0.04375 0.15416666666666667
0 0.381640625 0.17083333333333334 0.02734375 0.11944444444444445
0 0.123828125 0.6736111111111112 0.0515625 0.18055555555555555
0 0.405859375 0.3416666666666667 0.03046875 0.1361111111111111
0 0.9203125 0.5416666666666666 0.05 0.1638888888888889
0 0.8234375 0.5486111111111112 0.040625 0.15
0 0.894921875 0.12083333333333333 0.0328125 0.11666666666666667
0 0.025390625 0.11388888888888889 0.0296875 0.09444444444444444
0 0.534375 0.23194444444444445 0.0359375 0.14166666666666666
0 0.978515625 0.2791666666666667 0.03359375 0.1361111111111111
0 0.09375 0.8909722222222223 0.0609375 0.1763888888888889
0 0.3734375 0.4638888888888889 0.03515625 0.15555555555555556
0 0.201171875 0.03611111111111111 0.0296875 0.07222222222222222
0 0.321875 0.41388888888888886 0.0421875 0.15
0 0.663671875 0.06666666666666667 0.02421875 0.07916666666666666
0 0.7296875 0.09861111111111111 0.02421875 0.12361111111111112
0 0.05859375 0.16527777777777777 0.03046875 0.12083333333333333
0 0.630859375 0.1 0.0265625 0.12638888888888888
0 0.953125 0.018055555555555554 0.01875 0.03611111111111111
0 0.680859375 0.04652777777777778 0.021875 0.09305555555555556
0 0.87578125 0.07777777777777778 0.02109375 0.09166666666666666
0 0.5015625 0.06944444444444445 0.02265625 0.10555555555555556
0 0.484375 0.07361111111111111 0.02265625 0.11527777777777778
0 0.426953125 0.1076388888888889 0.02421875 0.11527777777777778
0 0.24140625 0.02638888888888889 0.01953125 0.05277777777777778
0 0.85234375 0.09097222222222222 0.02109375 0.10277777777777777
0 0.4578125 0.11388888888888889 0.02734375 0.11666666666666667
0 0.713671875 0.04583333333333333 0.02421875 0.09166666666666666
0 0.224609375 0.4666666666666667 0.0265625 0.059722222222222225
0 0.314453125 0.3034722222222222 0.03671875 0.10416666666666667
0 0.99140625 0.17708333333333334 0.0171875 0.09444444444444444
0 0.190625 0.5180555555555556 0.03671875 0.14166666666666666
0 0.147265625 0.022916666666666665 0.02421875 0.04583333333333333
0 0.2203125 0.5368055555555555 0.04453125 0.15555555555555556
0 0.399609375 0.011805555555555555 0.0203125 0.02361111111111111
0 0.251953125 0.5236111111111111 0.0390625 0.13333333333333333
0 0.1359375 0.025 0.03046875 0.05
0 0.5171875 0.018055555555555554 0.02109375 0.03611111111111111
0 0.991015625 0.007638888888888889 0.01640625 0.013888888888888888