0 0.85703125 0.48125 0.05546875 0.15
0 0.634765625 0.3798611111111111 0.0453125 0.11805555555555555
0 0.5828125 0.44305555555555554 0.0578125 0.15416666666666667
0 0.63671875 0.6951388888888889 0.06796875 0.17777777777777778
0 0.487890625 0.5138888888888888 0.05859375 0.15694444444444444
0 0.9421875 0.6479166666666667 0.0671875 0.16805555555555557
0 0.347265625 0.6416666666666667 0.08984375 0.22916666666666666
0 0.062890625 0.5173611111111112 0.0765625 0.20833333333333334
0 0.303125 0.38958333333333334 0.05546875 0.14722222222222223
0 0.503125 0.06666666666666667 0.0453125 0.12638888888888888
0 0.423046875 0.17291666666666666 0.05078125 0.14027777777777778
0 0.78984375 0.15138888888888888 0.03984375 0.04861111111111111
0 0.53515625 0.5868055555555556 0.04921875 0.15
0 0.544140625 0.1909722222222222 0.04296875 0.12777777777777777
0 0.526953125 0.42083333333333334 0.0640625 0.17222222222222222
0 0.28359375 0.5333333333333333 0.0671875 0.1736111111111111
0 0.45703125 0.020833333333333332 0.0359375 0.041666666666666664
0 0.445703125 0.1125 0.04609375 0.12777777777777777
0 0.525390625 0.08472222222222223 0.0453125 0.13055555555555556
0 0.66015625 0.28680555555555554 0.0484375 0.12777777777777777
0 0.789453125 0.22152777777777777 0.04375 0.14027777777777778
0 0.662109375 0.0875 0.028125 0.05277777777777778
0 0.2421875 0.31180555555555556 0.03671875 0.08194444444444444
0 0.25859375 0.38263888888888886 0.05078125 0.14027777777777778
0 0.736328125 0.1486111111111111 0.0375 0.09166666666666666
0 0.22890625 0.38055555555555554 0.0640625 0.16527777777777777
0 0.97578125 0.3840277777777778 0.04140625 0.1125
0 0.62265625 0.05694444444444444 0.01875 0.03194444444444444
0 0.581640625 0.04027777777777778 0.02421875 0.044444444444444446
0 0.2015625 0.34652777777777777 0.05625 0.15555555555555556
0 0.935546875 0.4625 0.05625 0.14027777777777778
0 0.958984375 0.37430555555555556 0.0484375 0.11944444444444445
0 0.59921875 0.04722222222222222 0.02109375 0.0375
0 0.711328125 0.13333333333333333 0.0390625 0.09027777777777778
0 0.689453125 0.11805555555555555 0.03828125 0.08333333333333333