0 0.48125 0.48819444444444443 0.08203125 0.15
0 0.700390625 0.021527777777777778 0.08515625 0.043055555555555555
0 0.484765625 0.2125 0.06171875 0.1125
0 0.7015625 0.7944444444444444 0.0734375 0.13055555555555556
0 0.955078125 0.2701388888888889 0.08984375 0.2125
0 0.538671875 0.39305555555555555 0.0859375 0.15694444444444444
0 0.696484375 0.47638888888888886 0.10390625 0.19027777777777777
0 0.240625 0.325 0.05859375 0.10694444444444444
0 0.525390625 0.8597222222222223 0.12109375 0.22083333333333333
0 0.31796875 0.49027777777777776 0.0765625 0.1388888888888889
0 0.58515625 0.5583333333333333 0.0765625 0.14027777777777778
0 0.29765625 0.41597222222222224 0.065625 0.12083333333333333
0 0.3828125 0.79375 0.08828125 0.1597222222222222
0 0.39296875 0.04375 0.0515625 0.0875
0 0.358984375 0.2548611111111111 0.0625 0.11527777777777778
0 0.462890625 0.3715277777777778 0.0859375 0.15694444444444444
0 0.494140625 0.1701388888888889 0.0640625 0.11666666666666667
0 0.291796875 0.2902777777777778 0.06328125 0.11666666666666667
0 0.0421875 0.7902777777777777 0.06953125 0.12638888888888888
0 0.33671875 0.7020833333333333 0.0765625 0.14027777777777778
0 0.280078125 0.8027777777777778 0.03984375 0.07222222222222222
0 0.315625 0.2604166666666667 0.06875 0.125
0 0.343359375 0.10694444444444444 0.0375 0.06666666666666667
0 0.276953125 0.8833333333333333 0.07734375 0.14166666666666666
0 0.305078125 0.8611111111111112 0.0859375 0.15694444444444444
0 0.431640625 0.019444444444444445 0.05390625 0.03888888888888889
0 0.322265625 0.8159722222222222 0.0734375 0.13472222222222222
0 0.0859375 0.6166666666666667 0.05703125 0.10277777777777777
0 0.052734375 0.6236111111111111 0.05859375 0.10555555555555556
0 0.31328125 0.14166666666666666 0.02421875 0.043055555555555555
0 0.99296875 0.3263888888888889 0.0140625 0.07222222222222222