0 0.557421875 0.3763888888888889 0.04921875 0.15
0 0.588671875 0.28888888888888886 0.0421875 0.11944444444444445
0 0.80625 0.18125 0.0484375 0.14583333333333334
0 0.403515625 0.73125 0.07421875 0.20416666666666666
0 0.494140625 0.53125 0.05078125 0.15
0 0.670703125 0.5527777777777778 0.06171875 0.18472222222222223
0 0.124609375 0.8909722222222223 0.071875 0.20694444444444443
0 0.934765625 0.26805555555555555 0.05859375 0.16805555555555557
0 0.297265625 0.5736111111111111 0.04765625 0.14166666666666666
0 0.38828125 0.1125 0.03671875 0.12083333333333333
0 0.583984375 0.1701388888888889 0.040625 0.12222222222222222
0 0.3171875 0.7138888888888889 0.05859375 0.16666666666666666
0 0.342578125 0.26666666666666666 0.040625 0.13472222222222222
0 0.502734375 0.41388888888888886 0.05625 0.16944444444444445
0 0.349609375 0.19375 0.0375 0.12222222222222222
0 0.457421875 0.19375 0.03671875 0.12916666666666668
0 0.410546875 0.10902777777777778 0.03828125 0.12222222222222222
0 0.681640625 0.041666666666666664 0.03671875 0.08333333333333333
0 0.32890625 0.08611111111111111 0.02890625 0.0763888888888889
0 0.15859375 0.18055555555555555 0.04296875 0.10416666666666667
0 0.08671875 0.19791666666666666 0.05078125 0.1375
0 0.02265625 0.31527777777777777 0.04453125 0.13333333333333333
0 0.554296875 0.5430555555555555 0.0421875 0.15416666666666667
0 0.5328125 0.0125 0.025 0.025
0 0.875 0.09513888888888888 0.05 0.14027777777777778
0 0.6109375 0.020833333333333332 0.034375 0.041666666666666664
0 0.223046875 0.5486111111111112 0.034375 0.08055555555555556
0 0.891796875 0.034722222222222224 0.03671875 0.06944444444444445
0 0.449609375 0.027083333333333334 0.02421875 0.043055555555555555
0 0.228515625 0.6208333333333333 0.05625 0.16111111111111112
0 0.46875 0.018055555555555554 0.0203125 0.03611111111111111
0 0.255859375 0.5972222222222222 0.04375 0.1388888888888889
0 0.1953125 0.6118055555555556 0.0484375 0.1527777777777778
0 0.49140625 0.009722222222222222 0.0171875 0.019444444444444445
0 0.872265625 0.034027777777777775 0.03984375 0.06805555555555555
0 0.56328125 0.027083333333333334 0.0328125 0.05416666666666667
0 0.58671875 0.019444444444444445 0.034375 0.03888888888888889
0 0.96171875 0.12361111111111112 0.01875 0.0625