0 0.535546875 0.3784722222222222 0.06953125 0.14722222222222223
0 0.66484375 0.325 0.0546875 0.11388888888888889
0 0.52890625 0.6527777777777778 0.08515625 0.18055555555555555
0 0.492578125 0.9604166666666667 0.08359375 0.07916666666666666
0 0.9390625 0.6979166666666666 0.07109375 0.15138888888888888
0 0.479296875 0.8666666666666667 0.096875 0.2
0 0.761328125 0.9409722222222222 0.08984375 0.11805555555555555
0 0.655078125 0.47152777777777777 0.06484375 0.1375
0 0.4453125 0.8159722222222222 0.075 0.1638888888888889
0 0.9296875 0.7881944444444444 0.07578125 0.15694444444444444
0 0.078515625 0.3729166666666667 0.1 0.20416666666666666
0 0.255859375 0.7805555555555556 0.06875 0.11388888888888889
0 0.84921875 0.8236111111111111 0.0875 0.17916666666666667
0 0.384765625 0.20625 0.05703125 0.11527777777777778
0 0.427734375 0.2798611111111111 0.07578125 0.1625
0 0.5109375 0.07152777777777777 0.0546875 0.12222222222222222
0 0.35625 0.29930555555555555 0.0921875 0.18888888888888888
0 0.594921875 0.3458333333333333 0.075 0.1597222222222222
0 0.64140625 0.12222222222222222 0.04375 0.09305555555555556
0 0.05 0.49583333333333335 0.1 0.20833333333333334
0 0.816796875 0.36041666666666666 0.05703125 0.13055555555555556
0 0.719921875 0.2298611111111111 0.0546875 0.11805555555555555
0 0.94921875 0.5708333333333333 0.0640625 0.1361111111111111
0 0.9890625 0.7027777777777777 0.021875 0.11388888888888889
0 0.803125 0.2972222222222222 0.05390625 0.1111111111111111
0 0.075 0.10902777777777778 0.09140625 0.19722222222222222
0 0.47578125 0.22083333333333333 0.06328125 0.1388888888888889
0 0.966796875 0.8131944444444444 0.05078125 0.12083333333333333
0 0.77109375 0.2652777777777778 0.05390625 0.11388888888888889
0 0.73515625 0.23680555555555555 0.053125 0.11944444444444445
0 0.553515625 0.09305555555555556 0.05390625 0.12222222222222222
0 0.949609375 0.5097222222222222 0.05234375 0.1125
0 0.603125 0.14444444444444443 0.06015625 0.13194444444444445
0 0.579296875 0.12638888888888888 0.06328125 0.1361111111111111
0 0.23203125 0.22847222222222222 0.0703125 0.15555555555555556
0 0.277734375 0.2152777777777778 0.03203125 0.0625
0 0.70390625 0.15208333333333332 0.03046875 0.04861111111111111
0 0.250390625 0.2708333333333333 0.07890625 0.16666666666666666
0 0.278515625 0.3013888888888889 0.08125 0.16666666666666666
0 0.933984375 0.5027777777777778 0.05 0.1111111111111111