0 0.851953125 0.35347222222222224 0.0375 0.14722222222222223
0 0.490234375 0.46805555555555556 0.03671875 0.1486111111111111
0 0.9296875 0.8951388888888889 0.06171875 0.17916666666666667
0 0.59921875 0.2701388888888889 0.028125 0.10694444444444444
0 0.56953125 0.4701388888888889 0.0390625 0.15138888888888888
0 0.5359375 0.9569444444444445 0.06171875 0.08611111111111111
0 0.06171875 0.95625 0.0625 0.0875
0 0.376953125 0.058333333333333334 0.025 0.10694444444444444
0 0.652734375 0.7229166666666667 0.046875 0.18194444444444444
0 0.729296875 0.09166666666666666 0.02109375 0.12361111111111112
0 0.380078125 0.7972222222222223 0.0578125 0.2013888888888889
0 0.938671875 0.3590277777777778 0.04296875 0.14722222222222223
0 0.598046875 0.03611111111111111 0.03359375 0.07222222222222222
0 0.540625 0.6541666666666667 0.0296875 0.15555555555555556
0 0.384765625 0.19444444444444445 0.028125 0.11805555555555555
0 0.90859375 0.17222222222222222 0.04765625 0.2013888888888889
0 0.490625 0.1486111111111111 0.021875 0.12083333333333333
0 0.370703125 0.2791666666666667 0.0328125 0.1361111111111111
0 0.301953125 0.5722222222222222 0.04375 0.15
0 0.0546875 0.66875 0.0515625 0.18333333333333332
0 0.621875 0.2534722222222222 0.028125 0.11666666666666667
0 0.05390625 0.15694444444444444 0.0328125 0.11666666666666667
0 0.522265625 0.3597222222222222 0.03828125 0.1486111111111111
0 0.428125 0.09444444444444444 0.0234375 0.11805555555555555
0 0.223046875 0.45555555555555555 0.02421875 0.059722222222222225
0 0.308203125 0.4465277777777778 0.03671875 0.13194444444444445
0 0.45703125 0.10208333333333333 0.028125 0.125
0 0.676171875 0.04791666666666667 0.02421875 0.09166666666666666
0 0.989453125 0.27569444444444446 0.02109375 0.12777777777777777
0 0.646484375 0.044444444444444446 0.02734375 0.08888888888888889
0 0.5359375 0.022916666666666665 0.02265625 0.044444444444444446
0 0.21875 0.5277777777777778 0.040625 0.14722222222222223
0 0.18984375 0.5097222222222222 0.03515625 0.1388888888888889
0 0.99140625 0.020833333333333332 0.0171875 0.041666666666666664
0 0.988671875 0.47430555555555554 0.02265625 0.14722222222222223
0 0.248828125 0.5166666666666667 0.03359375 0.12638888888888888
0 0.94609375 0.011111111111111112 0.021875 0.020833333333333332
0 0.93125 0.9875 0.0515625 0.02638888888888889
0 0.15078125 0.09236111111111112 0.0296875 0.09027777777777778
0 0.115625 0.9875 0.03984375 0.025
0 0.50078125 0.011805555555555555 0.0203125 0.02361111111111111
0 0.123046875 0.05138888888888889 0.021875 0.1
0 0.005078125 0.8583333333333333 0.009375 0.09166666666666666