0 0.569921875 0.14097222222222222 0.028125 0.11666666666666667
0 0.657421875 0.6861111111111111 0.04140625 0.1361111111111111
0 0.662109375 0.22152777777777777 0.03046875 0.12916666666666668
0 0.403125 0.6958333333333333 0.03984375 0.15
0 0.501171875 0.10694444444444444 0.0296875 0.11388888888888889
0 0.77734375 0.07222222222222222 0.028125 0.11666666666666667
0 0.13828125 0.9381944444444444 0.05859375 0.12361111111111112
0 0.951171875 0.46805555555555556 0.04609375 0.15833333333333333
0 0.25546875 0.9083333333333333 0.0484375 0.1597222222222222
0 0.53046875 0.10277777777777777 0.02265625 0.09722222222222222
0 0.52890625 0.9611111111111111 0.05703125 0.07777777777777778
0 0.382421875 0.32013888888888886 0.03828125 0.15
0 0.730859375 0.07361111111111111 0.01953125 0.12083333333333333
0 0.03984375 0.16875 0.03828125 0.11388888888888889
0 0.96640625 0.16111111111111112 0.05234375 0.14583333333333334
0 0.80703125 0.9673611111111111 0.05859375 0.06527777777777778
0 0.4953125 0.41944444444444445 0.0328125 0.14305555555555555
0 0.71015625 0.9270833333333334 0.05859375 0.14305555555555555
0 0.498828125 0.02847222222222222 0.0296875 0.05694444444444444
0 0.55078125 0.8104166666666667 0.0546875 0.2111111111111111
0 0.6703125 0.04513888888888889 0.02421875 0.08888888888888889
0 0.983203125 0.26458333333333334 0.03359375 0.13055555555555556
0 0.548046875 0.23194444444444445 0.021875 0.11527777777777778
0 0.646484375 0.03125 0.02265625 0.0625
0 0.123046875 0.18472222222222223 0.04921875 0.14166666666666666
0 0.372265625 0.05486111111111111 0.02890625 0.10555555555555556
0 0.437890625 0.013888888888888888 0.01953125 0.027777777777777776
0 0.009375 0.28958333333333336 0.01796875 0.08888888888888889
0 0.2203125 0.5159722222222223 0.0453125 0.1527777777777778
0 0.611328125 0.035416666666666666 0.02734375 0.07083333333333333
0 0.459375 0.019444444444444445 0.01796875 0.03888888888888889
0 0.2359375 0.44583333333333336 0.02421875 0.06111111111111111
0 0.978125 0.14930555555555555 0.04375 0.15
0 0.2515625 0.5013888888888889 0.040625 0.13472222222222222
0 0.393359375 0.011111111111111112 0.0171875 0.022222222222222223
0 0.18984375 0.5006944444444444 0.03359375 0.14305555555555555
0 0.970703125 0.011805555555555555 0.0375 0.02361111111111111
0 0.596484375 0.04236111111111111 0.01875 0.06805555555555555
0 0.709765625 0.9798611111111111 0.03984375 0.04027777777777778