0 0.84453125 0.6083333333333333 0.0453125 0.17083333333333334
0 0.930078125 0.23402777777777778 0.034375 0.12222222222222222
0 0.620703125 0.7743055555555556 0.0453125 0.13194444444444445
0 0.494140625 0.3402777777777778 0.034375 0.13472222222222222
0 0.575390625 0.6548611111111111 0.04375 0.17083333333333334
0 0.942578125 0.33125 0.04140625 0.14166666666666666
0 0.5890625 0.1763888888888889 0.02578125 0.09861111111111111
0 0.11484375 0.7270833333333333 0.05234375 0.18333333333333332
0 0.85703125 0.7638888888888888 0.0515625 0.1736111111111111
0 0.903515625 0.1361111111111111 0.0328125 0.125
0 0.10625 0.9131944444444444 0.0578125 0.17222222222222222
0 0.90859375 0.5 0.04140625 0.16111111111111112
0 0.55234375 0.8840277777777777 0.03671875 0.16111111111111112
0 0.61875 0.08819444444444445 0.03671875 0.10972222222222222
0 0.2203125 0.02638888888888889 0.028125 0.05277777777777778
0 0.382421875 0.14791666666666667 0.0296875 0.12777777777777777
0 0.630078125 0.36180555555555555 0.0359375 0.12638888888888888
0 0.5359375 0.25763888888888886 0.0359375 0.14583333333333334
0 0.73125 0.09652777777777778 0.025 0.12361111111111112
0 0.98671875 0.30277777777777776 0.0265625 0.1361111111111111
0 0.371875 0.425 0.03984375 0.16111111111111112
0 0.139453125 0.02847222222222222 0.03125 0.05694444444444444
0 0.406640625 0.31319444444444444 0.0375 0.1375
0 0.483984375 0.08333333333333333 0.0265625 0.11666666666666667
0 0.709375 0.05138888888888889 0.0265625 0.10277777777777777
0 0.990625 0.20208333333333334 0.01875 0.11527777777777778
0 0.191796875 0.5145833333333333 0.0328125 0.14166666666666666
0 0.4296875 0.10347222222222222 0.025 0.12083333333333333
0 0.32109375 0.43680555555555556 0.0515625 0.16527777777777777
0 0.257421875 0.017361111111111112 0.02265625 0.034722222222222224
0 0.05703125 0.15069444444444444 0.03515625 0.15
0 0.459375 0.1076388888888889 0.03125 0.12361111111111112
0 0.316015625 0.32430555555555557 0.0421875 0.09583333333333334
0 0.95390625 0.017361111111111112 0.02578125 0.034722222222222224
0 0.8796875 0.09305555555555556 0.02734375 0.11388888888888889
0 0.508203125 0.05416666666666667 0.025 0.10555555555555556
0 0.54765625 0.018055555555555554 0.02265625 0.03611111111111111
0 0.67421875 0.03611111111111111 0.02265625 0.07222222222222222
0 0.638671875 0.9840277777777777 0.04375 0.03194444444444444
0 0.225390625 0.46111111111111114 0.025 0.05694444444444444
0 0.251953125 0.5229166666666667 0.040625 0.13194444444444445
0 0.219921875 0.5354166666666667 0.04375 0.15138888888888888
0 0.007421875 0.5451388888888888 0.01484375 0.15138888888888888
0 0.859375 0.11041666666666666 0.01953125 0.0763888888888889
0 0.664453125 0.07013888888888889 0.01796875 0.0625
0 0.631640625 0.05138888888888889 0.02578125 0.06944444444444445
0 0.99296875 0.009027777777777777 0.0140625 0.018055555555555554
0 0.655859375 0.04722222222222222 0.01953125 0.043055555555555555
0 0.051171875 0.0875 0.0234375 0.06527777777777778