0 0.568359375 0.35555555555555557 0.034375 0.14305555555555555
0 0.82890625 0.25625 0.03671875 0.13055555555555556
0 0.43828125 0.06875 0.02421875 0.1125
0 0.959375 0.47152777777777777 0.04609375 0.16666666666666666
0 0.290625 0.54375 0.03828125 0.1388888888888889
0 0.6171875 0.1798611111111111 0.02890625 0.10972222222222222
0 0.112109375 0.80625 0.0625 0.2
0 0.386328125 0.11875 0.02578125 0.10972222222222222
0 0.495703125 0.575 0.040625 0.15694444444444444
0 0.489453125 0.20416666666666666 0.02578125 0.11805555555555555
0 0.371484375 0.18680555555555556 0.02890625 0.12777777777777777
0 0.301171875 0.6902777777777778 0.0484375 0.15555555555555556
0 0.614453125 0.35833333333333334 0.028125 0.11666666666666667
0 0.669140625 0.5458333333333333 0.04140625 0.16666666666666666
0 0.38046875 0.625 0.04609375 0.18333333333333332
0 0.458203125 0.07013888888888889 0.028125 0.11388888888888889
0 0.91875 0.25833333333333336 0.04375 0.14722222222222223
0 0.731640625 0.08125 0.02265625 0.125
0 0.509765625 0.4444444444444444 0.04296875 0.16111111111111112
0 0.221875 0.06458333333333334 0.02890625 0.09027777777777778
0 0.5296875 0.022222222222222223 0.021875 0.044444444444444446
0 0.125 0.07291666666666667 0.03828125 0.12361111111111112
0 0.54921875 0.50625 0.028125 0.1375
0 0.950390625 0.15833333333333333 0.028125 0.11666666666666667
0 0.048046875 0.15138888888888888 0.03359375 0.12638888888888888
0 0.6578125 0.03611111111111111 0.02421875 0.07222222222222222
0 0.502734375 0.02361111111111111 0.021875 0.04722222222222222
0 0.382421875 0.022916666666666665 0.0171875 0.04583333333333333
0 0.25 0.5069444444444444 0.0328125 0.13194444444444445
0 0.22421875 0.44722222222222224 0.0265625 0.0625
0 0.92890625 0.15694444444444444 0.028125 0.10694444444444444
0 0.22109375 0.5215277777777778 0.0421875 0.15138888888888888
0 0.190625 0.5020833333333333 0.03359375 0.14444444444444443
0 0.762109375 0.013888888888888888 0.0390625 0.027777777777777776
0 0.596875 0.010416666666666666 0.01796875 0.020833333333333332
0 0.6359375 0.034722222222222224 0.025 0.06944444444444445
0 0.612890625 0.03958333333333333 0.0234375 0.06527777777777778