0 0.81171875 0.50625 0.04375 0.15833333333333333
0 0.579296875 0.14166666666666666 0.0265625 0.1
0 0.8296875 0.65 0.04921875 0.16111111111111112
0 0.937109375 0.5590277777777778 0.04609375 0.175
0 0.4953125 0.29583333333333334 0.0328125 0.12638888888888888
0 0.9703125 0.2569444444444444 0.03671875 0.13333333333333333
0 0.376171875 0.1986111111111111 0.03125 0.13194444444444445
0 0.591015625 0.7555555555555555 0.046875 0.19166666666666668
0 0.618359375 0.41597222222222224 0.03515625 0.13333333333333333
0 0.133203125 0.6263888888888889 0.04921875 0.17083333333333334
0 0.672265625 0.7458333333333333 0.04453125 0.15694444444444444
0 0.2234375 0.041666666666666664 0.0390625 0.06805555555555555
0 0.176171875 0.052083333333333336 0.0265625 0.08333333333333333
0 0.888671875 0.09791666666666667 0.03671875 0.12361111111111112
0 0.618359375 0.12569444444444444 0.0375 0.11666666666666667
0 0.372265625 0.5069444444444444 0.03828125 0.1625
0 0.530078125 0.21736111111111112 0.03671875 0.14166666666666666
0 0.0890625 0.88125 0.06328125 0.1986111111111111
0 0.91796875 0.26805555555555555 0.04140625 0.14444444444444443
0 0.40390625 0.36736111111111114 0.03359375 0.1361111111111111
0 0.5734375 0.9673611111111111 0.0421875 0.0625
0 0.44765625 0.11666666666666667 0.0265625 0.12083333333333333
0 0.725390625 0.0875 0.02421875 0.13472222222222222
0 0.921875 0.175 0.0375 0.11944444444444445
0 0.94921875 0.013194444444444444 0.021875 0.02638888888888889
0 0.055078125 0.18333333333333332 0.03515625 0.125
0 0.680078125 0.044444444444444446 0.02265625 0.08888888888888889
0 0.315234375 0.38680555555555557 0.05625 0.15555555555555556
0 0.483984375 0.06458333333333334 0.02890625 0.12361111111111112
0 0.49453125 0.08958333333333333 0.021875 0.09722222222222222
0 0.393359375 0.021527777777777778 0.02890625 0.0375
0 0.142578125 0.029166666666666667 0.02421875 0.0375
0 0.3125 0.2881944444444444 0.03515625 0.0875
0 0.423046875 0.11180555555555556 0.028125 0.12083333333333333
0 0.40390625 0.3298611111111111 0.03203125 0.05694444444444444
0 0.006640625 0.1326388888888889 0.01328125 0.10138888888888889
0 0.86015625 0.06944444444444445 0.028125 0.10833333333333334
0 0.66015625 0.06736111111111111 0.021875 0.06805555555555555
0 0.713671875 0.044444444444444446 0.02734375 0.08888888888888889
0 0.219921875 0.5472222222222223 0.04453125 0.15416666666666667
0 0.190234375 0.5284722222222222 0.03671875 0.14444444444444443
0 0.988671875 0.15069444444444444 0.01640625 0.10555555555555556
0 0.22421875 0.4777777777777778 0.025 0.058333333333333334
0 0.84375 0.07222222222222222 0.0203125 0.10277777777777777
0 0.488671875 0.01597222222222222 0.02890625 0.03194444444444444
0 0.62890625 0.11041666666666666 0.02578125 0.12638888888888888
0 0.251171875 0.5326388888888889 0.040625 0.1361111111111111