0 0.671875 0.4486111111111111 0.05234375 0.1527777777777778
0 0.8421875 0.2986111111111111 0.04453125 0.14166666666666666
0 0.59296875 0.2972222222222222 0.0453125 0.1388888888888889
0 0.548046875 0.05555555555555555 0.03671875 0.09861111111111111
0 0.37578125 0.9166666666666666 0.06171875 0.1125
0 0.6265625 0.5208333333333334 0.0453125 0.13472222222222222
0 0.262109375 0.7868055555555555 0.07265625 0.18888888888888888
0 0.509375 0.2847222222222222 0.0421875 0.1388888888888889
0 0.412109375 0.07916666666666666 0.04140625 0.13055555555555556
0 0.937890625 0.4909722222222222 0.05546875 0.15
0 0.435546875 0.04097222222222222 0.03828125 0.08194444444444444
0 0.665625 0.1763888888888889 0.04140625 0.11805555555555555
0 0.48125 0.7256944444444444 0.0609375 0.175
0 0.5125 0.04652777777777778 0.034375 0.09305555555555556
0 0.378125 0.45416666666666666 0.06796875 0.19166666666666668
0 0.03046875 0.5479166666666667 0.0609375 0.1763888888888889
0 0.488671875 0.04375 0.03359375 0.0875
0 0.1 0.8319444444444445 0.06484375 0.09444444444444444
0 0.51328125 0.5784722222222223 0.06171875 0.18472222222222223
0 0.562109375 0.40069444444444446 0.0390625 0.13194444444444445
0 0.898828125 0.1486111111111111 0.04453125 0.05277777777777778
0 0.959375 0.7868055555555555 0.05625 0.19444444444444445
0 0.581640625 0.06597222222222222 0.03046875 0.09444444444444444
0 0.987109375 0.37222222222222223 0.02578125 0.125
0 0.268359375 0.5986111111111111 0.05859375 0.16666666666666666
0 0.771484375 0.16805555555555557 0.03671875 0.13333333333333333
0 0.08515625 0.04097222222222222 0.0484375 0.08194444444444444
0 0.69375 0.09236111111111112 0.03125 0.075
0 0.97421875 0.3597222222222222 0.040625 0.12083333333333333
0 0.17109375 0.034722222222222224 0.0546875 0.06944444444444445
0 0.666015625 0.08055555555555556 0.034375 0.07222222222222222
0 0.3375 0.02638888888888889 0.0375 0.05277777777777778
0 0.23359375 0.35555555555555557 0.0328125 0.06944444444444445
0 0.222265625 0.4263888888888889 0.05859375 0.1638888888888889
0 0.649609375 0.08472222222222223 0.028125 0.07777777777777778
0 0.2546875 0.4236111111111111 0.053125 0.14583333333333334
0 0.198828125 0.39166666666666666 0.0515625 0.1527777777777778
0 0.989453125 0.1673611111111111 0.02109375 0.020833333333333332