0 0.58671875 0.8006944444444445 0.07265625 0.1527777777777778
0 0.659375 0.24513888888888888 0.05625 0.125
0 0.17421875 0.6465277777777778 0.08515625 0.17916666666666667
0 0.717578125 0.39652777777777776 0.0625 0.14166666666666666
0 0.3640625 0.58125 0.07734375 0.17222222222222222
0 0.858984375 0.3638888888888889 0.05703125 0.12638888888888888
0 0.607421875 0.1597222222222222 0.0578125 0.12777777777777777
0 0.90390625 0.8597222222222223 0.084375 0.17777777777777778
0 0.448828125 0.2375 0.07109375 0.15694444444444444
0 0.634765625 0.17916666666666667 0.046875 0.10555555555555556
0 0.819140625 0.3277777777777778 0.0546875 0.12916666666666668
0 0.064453125 0.5743055555555555 0.084375 0.15555555555555556
0 0.398046875 0.9284722222222223 0.07109375 0.11527777777777778
0 0.51796875 0.4270833333333333 0.06640625 0.1486111111111111
0 0.56640625 0.9819444444444444 0.090625 0.03611111111111111
0 0.628125 0.08472222222222223 0.03984375 0.07083333333333333
0 0.97734375 0.60625 0.0453125 0.16527777777777777
0 0.45859375 0.8201388888888889 0.10625 0.23472222222222222
0 0.61640625 0.30486111111111114 0.05078125 0.12083333333333333
0 0.7734375 0.25 0.04609375 0.09861111111111111
0 0.75546875 0.21597222222222223 0.0359375 0.07361111111111111
0 0.976171875 0.7104166666666667 0.04765625 0.1486111111111111
0 0.513671875 0.022916666666666665 0.05078125 0.04583333333333333
0 0.251171875 0.2722222222222222 0.08125 0.17222222222222222
0 0.578125 0.021527777777777778 0.0234375 0.04027777777777778
0 0.284375 0.225 0.0375 0.07361111111111111
0 0.7234375 0.18888888888888888 0.0421875 0.08472222222222223
0 0.595703125 0.04513888888888889 0.02578125 0.04861111111111111
0 0.228515625 0.23194444444444445 0.06796875 0.1527777777777778
0 0.28203125 0.2875 0.07109375 0.15138888888888888
0 0.709375 0.18263888888888888 0.03515625 0.075
0 0.98828125 0.6125 0.0234375 0.1527777777777778