0 0.71171875 0.027777777777777776 0.0828125 0.05555555555555555
0 0.480859375 0.4875 0.0828125 0.15555555555555556
0 0.956640625 0.2965277777777778 0.08671875 0.20694444444444443
0 0.490234375 0.2111111111111111 0.0609375 0.11388888888888889
0 0.54140625 0.39652777777777776 0.08515625 0.1597222222222222
0 0.695703125 0.8027777777777778 0.078125 0.1375
0 0.244140625 0.3104166666666667 0.05859375 0.10972222222222222
0 0.69765625 0.49027777777777776 0.10234375 0.19166666666666668
0 0.519140625 0.8638888888888889 0.11796875 0.21944444444444444
0 0.402734375 0.04097222222222222 0.05234375 0.08194444444444444
0 0.5875 0.56875 0.0796875 0.15138888888888888
0 0.300390625 0.40347222222222223 0.06484375 0.12222222222222222
0 0.36328125 0.24583333333333332 0.0609375 0.11666666666666667
0 0.32109375 0.4840277777777778 0.075 0.14166666666666666
0 0.37734375 0.7854166666666667 0.08828125 0.1638888888888889
0 0.501171875 0.17152777777777778 0.0640625 0.12083333333333333
0 0.03671875 0.7611111111111111 0.06796875 0.12638888888888888
0 0.46484375 0.3680555555555556 0.08359375 0.15694444444444444
0 0.29609375 0.2777777777777778 0.0609375 0.11666666666666667
0 0.274609375 0.7895833333333333 0.040625 0.07361111111111111
0 0.335546875 0.6833333333333333 0.0765625 0.14305555555555555
0 0.320703125 0.25 0.0671875 0.12777777777777777
0 0.4421875 0.017361111111111112 0.053125 0.034722222222222224
0 0.351171875 0.09791666666666667 0.03359375 0.059722222222222225
0 0.298046875 0.8493055555555555 0.08515625 0.15833333333333333
0 0.26953125 0.86875 0.078125 0.14583333333333334
0 0.31640625 0.8055555555555556 0.071875 0.13472222222222222
0 0.990625 0.36527777777777776 0.01875 0.08055555555555556
0 0.0859375 0.6 0.05546875 0.10277777777777777
0 0.3203125 0.13055555555555556 0.02421875 0.041666666666666664
0 0.05 0.6013888888888889 0.053125 0.10138888888888889