0 0.403515625 0.5743055555555555 0.0390625 0.15555555555555556
0 0.500390625 0.15833333333333333 0.03515625 0.12222222222222222
0 0.984375 0.15625 0.03125 0.125
0 0.962109375 0.5597222222222222 0.04921875 0.1486111111111111
0 0.971484375 0.09097222222222222 0.0328125 0.11944444444444445
0 0.5015625 0.5291666666666667 0.0359375 0.15138888888888888
0 0.675 0.8673611111111111 0.0453125 0.15138888888888888
0 0.665625 0.15069444444444444 0.03046875 0.12222222222222222
0 0.8078125 0.8298611111111112 0.04921875 0.19305555555555556
0 0.5609375 0.09097222222222222 0.02734375 0.10833333333333334
0 0.53203125 0.15486111111111112 0.025 0.10277777777777777
0 0.902734375 0.12569444444444444 0.0390625 0.11666666666666667
0 0.61171875 0.7986111111111112 0.053125 0.19722222222222222
0 0.106640625 0.23680555555555555 0.0453125 0.14305555555555555
0 0.676171875 0.02847222222222222 0.0265625 0.05694444444444444
0 0.03828125 0.16944444444444445 0.03515625 0.11527777777777778
0 0.73203125 0.08263888888888889 0.0234375 0.12361111111111112
0 0.75703125 0.03958333333333333 0.028125 0.07916666666666666
0 0.937109375 0.09861111111111111 0.03125 0.12222222222222222
0 0.54609375 0.9409722222222222 0.06796875 0.11805555555555555
0 0.64453125 0.03333333333333333 0.02109375 0.06666666666666667
0 0.610546875 0.03611111111111111 0.02421875 0.07222222222222222
0 0.38671875 0.24375 0.03828125 0.15694444444444444
0 0.776953125 0.9722222222222222 0.05 0.05555555555555555
0 0.551171875 0.175 0.02265625 0.10416666666666667
0 0.02265625 0.61875 0.0453125 0.17916666666666667
0 0.5921875 0.04513888888888889 0.01875 0.06805555555555555
0 0.509375 0.05486111111111111 0.03125 0.10972222222222222
0 0.0109375 0.3347222222222222 0.02109375 0.12916666666666668
0 0.438671875 0.06527777777777778 0.02265625 0.09166666666666666
0 0.25078125 0.5125 0.0328125 0.12777777777777777
0 0.99140625 0.32708333333333334 0.0171875 0.10833333333333334
0 0.218359375 0.51875 0.04296875 0.15694444444444444
0 0.1890625 0.49583333333333335 0.03984375 0.15416666666666667
0 0.5203125 0.018055555555555554 0.01953125 0.03611111111111111
0 0.4328125 0.06527777777777778 0.01640625 0.09027777777777778
0 0.375 0.011805555555555555 0.021875 0.02361111111111111
0 0.5875 0.04097222222222222 0.01796875 0.06944444444444445
0 0.16640625 0.010416666666666666 0.0296875 0.020833333333333332
0 0.496484375 0.017361111111111112 0.0171875 0.034722222222222224
0 0.227734375 0.45069444444444445 0.01953125 0.05
0 0.994140625 0.23333333333333334 0.01171875 0.09583333333333334