0 0.594921875 0.34097222222222223 0.0515625 0.14027777777777778
0 0.275390625 0.5 0.0609375 0.15555555555555556
0 0.631640625 0.48125 0.04609375 0.12083333333333333
0 0.9875 0.42430555555555555 0.025 0.12638888888888888
0 0.669921875 0.5423611111111111 0.059375 0.16527777777777777
0 0.479296875 0.6458333333333334 0.0671875 0.18333333333333332
0 0.43046875 0.09444444444444444 0.0484375 0.13333333333333333
0 0.948046875 0.7784722222222222 0.075 0.18194444444444444
0 0.943359375 0.5222222222222223 0.059375 0.15694444444444444
0 0.455078125 0.05138888888888889 0.04296875 0.10277777777777777
0 0.525390625 0.2513888888888889 0.04765625 0.1388888888888889
0 0.266015625 0.6763888888888889 0.0765625 0.1875
0 0.87890625 0.19166666666666668 0.0390625 0.05138888888888889
0 0.025 0.40208333333333335 0.05 0.1763888888888889
0 0.670703125 0.2222222222222222 0.04453125 0.11805555555555555
0 0.51015625 0.5236111111111111 0.06875 0.18194444444444444
0 0.083984375 0.7055555555555556 0.09609375 0.21944444444444444
0 0.3765625 0.4965277777777778 0.0765625 0.20833333333333334
0 0.853515625 0.38472222222222224 0.0515625 0.1388888888888889
0 0.573046875 0.05555555555555555 0.03984375 0.08472222222222223
0 0.786328125 0.21319444444444444 0.03828125 0.12777777777777777
0 0.9734375 0.4083333333333333 0.04375 0.12222222222222222
0 0.50859375 0.05277777777777778 0.040625 0.10555555555555556
0 0.558984375 0.46805555555555556 0.04375 0.1388888888888889
0 0.52890625 0.05625 0.0421875 0.1125
0 0.605859375 0.06944444444444445 0.03203125 0.0763888888888889
0 0.714453125 0.125 0.03359375 0.07777777777777778
0 0.226953125 0.38333333333333336 0.06328125 0.16805555555555557
0 0.691796875 0.10972222222222222 0.034375 0.07083333333333333
0 0.24375 0.31527777777777777 0.0328125 0.07361111111111111
0 0.2015625 0.3486111111111111 0.05625 0.15694444444444444
0 0.26015625 0.3854166666666667 0.05859375 0.1486111111111111