0 0.837890625 0.2923611111111111 0.040625 0.14305555555555555
0 0.577734375 0.3298611111111111 0.04140625 0.14166666666666666
0 0.965234375 0.6256944444444444 0.05859375 0.18333333333333332
0 0.494921875 0.6291666666666667 0.05 0.1597222222222222
0 0.669140625 0.5 0.04921875 0.15555555555555556
0 0.6265625 0.4284722222222222 0.0375 0.12222222222222222
0 0.1015625 0.8222222222222222 0.06484375 0.20555555555555555
0 0.63828125 0.18055555555555555 0.0359375 0.12083333333333333
0 0.410546875 0.07152777777777777 0.0328125 0.10833333333333334
0 0.503125 0.2375 0.034375 0.12916666666666668
0 0.37734375 0.5416666666666666 0.05546875 0.17222222222222222
0 0.51015625 0.5027777777777778 0.0546875 0.17083333333333334
0 0.284375 0.7291666666666666 0.06015625 0.17916666666666667
0 0.38828125 0.13680555555555557 0.03515625 0.13055555555555556
0 0.9328125 0.3763888888888889 0.0484375 0.15
0 0.01796875 0.5361111111111111 0.0359375 0.18055555555555555
0 0.98125 0.26319444444444445 0.03515625 0.12083333333333333
0 0.9546875 0.2590277777777778 0.034375 0.1111111111111111
0 0.464453125 0.05416666666666667 0.03046875 0.10833333333333334
0 0.555078125 0.45694444444444443 0.03359375 0.13472222222222222
0 0.28046875 0.55625 0.046875 0.15
0 0.526953125 0.035416666666666666 0.03046875 0.06944444444444445
0 0.754296875 0.12916666666666668 0.02890625 0.12638888888888888
0 0.48515625 0.059027777777777776 0.034375 0.11805555555555555
0 0.073046875 0.07430555555555556 0.0359375 0.125
0 0.561328125 0.04097222222222222 0.0234375 0.06666666666666667
0 0.14921875 0.04652777777777778 0.046875 0.09305555555555556
0 0.674609375 0.06458333333333334 0.02421875 0.07222222222222222
0 0.219921875 0.47152777777777777 0.04921875 0.1597222222222222
0 0.830078125 0.07708333333333334 0.03125 0.041666666666666664
0 0.228515625 0.39791666666666664 0.0296875 0.06944444444444445
0 0.414453125 0.005555555555555556 0.01796875 0.011111111111111112
0 0.2515625 0.4652777777777778 0.04296875 0.1388888888888889
0 0.191796875 0.44305555555555554 0.04453125 0.1527777777777778
0 0.273046875 0.034722222222222224 0.02421875 0.06944444444444445
0 0.650390625 0.0625 0.028125 0.07777777777777778
0 0.9734375 0.09236111111111112 0.02265625 0.018055555555555554