0 0.464453125 0.15625 0.04609375 0.12916666666666668
0 0.625390625 0.10208333333333333 0.04140625 0.12777777777777777
0 0.70859375 0.7770833333333333 0.059375 0.15694444444444444
0 0.858203125 0.03263888888888889 0.05078125 0.06527777777777778
0 0.517578125 0.08958333333333333 0.0390625 0.12361111111111112
0 0.956640625 0.3958333333333333 0.065625 0.17083333333333334
0 0.0875 0.3736111111111111 0.059375 0.1527777777777778
0 0.83671875 0.7256944444444444 0.06953125 0.2013888888888889
0 0.364453125 0.29583333333333334 0.053125 0.1527777777777778
0 0.4140625 0.6180555555555556 0.05625 0.16805555555555557
0 0.50234375 0.5173611111111112 0.04921875 0.1597222222222222
0 0.682421875 0.03819444444444445 0.03671875 0.0763888888888889
0 0.940625 0.03819444444444445 0.0421875 0.0763888888888889
0 0.0171875 0.33194444444444443 0.034375 0.125
0 0.658984375 0.7513888888888889 0.065625 0.20833333333333334
0 0.494140625 0.1486111111111111 0.0359375 0.10972222222222222
0 0.5921875 0.9048611111111111 0.08125 0.1638888888888889
0 0.459375 0.05416666666666667 0.040625 0.10555555555555556
0 0.59140625 0.014583333333333334 0.0265625 0.029166666666666667
0 0.558203125 0.022916666666666665 0.03046875 0.04583333333333333
0 0.515625 0.17291666666666666 0.034375 0.11527777777777778
0 0.823828125 0.8763888888888889 0.05546875 0.058333333333333334
0 0.5421875 0.029166666666666667 0.025 0.058333333333333334
0 0.008984375 0.5020833333333333 0.01796875 0.1375
0 0.255859375 0.5979166666666667 0.04765625 0.1375
0 0.9609375 0.15694444444444444 0.0328125 0.12222222222222222
0 0.387890625 0.09513888888888888 0.02734375 0.09861111111111111
0 0.22578125 0.6145833333333334 0.06015625 0.17083333333333334
0 0.32421875 0.06319444444444444 0.02578125 0.030555555555555555
0 0.19609375 0.6006944444444444 0.053125 0.15833333333333333
0 0.039453125 0.7673611111111112 0.05546875 0.17777777777777778
0 0.469140625 0.015277777777777777 0.01953125 0.030555555555555555
0 0.227734375 0.5451388888888888 0.025 0.058333333333333334
0 0.537109375 0.027777777777777776 0.02265625 0.05555555555555555
0 0.442578125 0.025694444444444443 0.01796875 0.034722222222222224
0 0.4734375 0.013888888888888888 0.021875 0.027777777777777776
0 0.384765625 0.08541666666666667 0.02109375 0.07916666666666666