0 0.851171875 0.8694444444444445 0.06171875 0.19305555555555556
0 0.50234375 0.35347222222222224 0.04140625 0.1375
0 0.5640625 0.6208333333333333 0.05078125 0.1625
0 0.60625 0.2048611111111111 0.03046875 0.10416666666666667
0 0.955078125 0.41597222222222224 0.05234375 0.15416666666666667
0 0.94375 0.32222222222222224 0.0453125 0.14583333333333334
0 0.61640625 0.9583333333333334 0.0609375 0.08333333333333333
0 0.85 0.6944444444444444 0.0546875 0.1597222222222222
0 0.09375 0.6958333333333333 0.0578125 0.18472222222222223
0 0.588671875 0.8270833333333333 0.05 0.1638888888888889
0 0.548828125 0.28194444444444444 0.04296875 0.15138888888888888
0 0.635546875 0.3680555555555556 0.040625 0.12916666666666668
0 0.8984375 0.5215277777777778 0.05 0.15694444444444444
0 0.530078125 0.8472222222222222 0.0421875 0.16666666666666666
0 0.9203125 0.20833333333333334 0.040625 0.125
0 0.35 0.9513888888888888 0.05625 0.0625
0 0.403515625 0.10972222222222222 0.03125 0.12361111111111112
0 0.094140625 0.8513888888888889 0.06875 0.18194444444444444
0 0.409375 0.27569444444444446 0.03515625 0.1361111111111111
0 0.37890625 0.3763888888888889 0.04609375 0.16944444444444445
0 0.750390625 0.12916666666666668 0.03125 0.12916666666666668
0 0.5328125 0.052083333333333336 0.0265625 0.09444444444444444
0 0.99140625 0.41388888888888886 0.0171875 0.1361111111111111
0 0.63125 0.09444444444444444 0.03046875 0.1125
0 0.994921875 0.2833333333333333 0.01015625 0.11666666666666667
0 0.32265625 0.42083333333333334 0.06875 0.18194444444444444
0 0.7234375 0.08194444444444444 0.034375 0.10138888888888889
0 0.021875 0.4777777777777778 0.04375 0.175
0 0.503515625 0.09097222222222222 0.03046875 0.12083333333333333
0 0.16171875 0.007638888888888889 0.040625 0.015277777777777777
0 0.479296875 0.10277777777777777 0.03671875 0.12638888888888888
0 0.6875 0.07847222222222222 0.0328125 0.10416666666666667
0 0.326171875 0.3145833333333333 0.0390625 0.10833333333333334
0 0.44765625 0.09375 0.0296875 0.11944444444444445
0 0.6484375 0.08263888888888889 0.034375 0.12361111111111112
0 0.904296875 0.15625 0.03359375 0.11527777777777778
0 0.078515625 0.08680555555555555 0.04921875 0.1527777777777778
0 0.58984375 0.027777777777777776 0.0359375 0.03611111111111111
0 0.092578125 0.043055555555555555 0.03984375 0.08611111111111111
0 0.1921875 0.46458333333333335 0.03984375 0.15
0 0.973828125 0.08611111111111111 0.02109375 0.03194444444444444
0 0.89140625 0.15694444444444444 0.02734375 0.1111111111111111
0 0.219140625 0.4895833333333333 0.05 0.15555555555555556
0 0.254296875 0.4965277777777778 0.05625 0.15138888888888888
0 0.230078125 0.41805555555555557 0.0234375 0.059722222222222225