0 0.567578125 0.24444444444444444 0.03125 0.125
0 0.630078125 0.5013888888888889 0.0359375 0.125
0 0.810546875 0.16875 0.03203125 0.12777777777777777
0 0.5125 0.7618055555555555 0.0484375 0.17916666666666667
0 0.931640625 0.3527777777777778 0.04453125 0.14166666666666666
0 0.665234375 0.3638888888888889 0.034375 0.14027777777777778
0 0.277734375 0.69375 0.0421875 0.14444444444444443
0 0.3 0.8916666666666667 0.05390625 0.1736111111111111
0 0.500390625 0.05347222222222222 0.02734375 0.10277777777777777
0 0.48515625 0.3013888888888889 0.0296875 0.1375
0 0.3703125 0.09444444444444444 0.02734375 0.11805555555555555
0 0.3875 0.05 0.02578125 0.09583333333333334
0 0.420703125 0.9215277777777777 0.04765625 0.15
0 0.050390625 0.7354166666666667 0.0515625 0.15833333333333333
0 0.532421875 0.05277777777777778 0.021875 0.09444444444444444
0 0.631640625 0.11180555555555556 0.0296875 0.10694444444444444
0 0.528125 0.6048611111111111 0.05078125 0.18333333333333332
0 0.0390625 0.16805555555555557 0.03203125 0.12222222222222222
0 0.644140625 0.034027777777777775 0.02265625 0.06805555555555555
0 0.9765625 0.2111111111111111 0.03203125 0.11944444444444445
0 0.982421875 0.6513888888888889 0.03515625 0.1597222222222222
0 0.73046875 0.08263888888888889 0.0234375 0.125
0 0.378515625 0.46805555555555556 0.04609375 0.16527777777777777
0 0.123046875 0.1284722222222222 0.04140625 0.13472222222222222
0 0.876953125 0.02013888888888889 0.03359375 0.04027777777777778
0 0.461328125 0.044444444444444446 0.02890625 0.08611111111111111
0 0.548828125 0.3645833333333333 0.02265625 0.125
0 0.1484375 0.9791666666666666 0.05234375 0.041666666666666664
0 0.9515625 0.21388888888888888 0.03125 0.11388888888888889
0 0.4390625 0.04722222222222222 0.02578125 0.09166666666666666
0 0.296875 0.06458333333333334 0.015625 0.09305555555555556
0 0.22578125 0.44583333333333336 0.025 0.06111111111111111
0 0.9921875 0.025694444444444443 0.015625 0.05138888888888889
0 0.21875 0.5222222222222223 0.0421875 0.15416666666666667
0 0.609765625 0.034027777777777775 0.025 0.06805555555555555
0 0.18828125 0.49722222222222223 0.03125 0.1388888888888889
0 0.251953125 0.5083333333333333 0.0375 0.1361111111111111
0 0.596875 0.049305555555555554 0.01875 0.058333333333333334
0 0.94609375 0.006944444444444444 0.021875 0.0125