0 0.856640625 0.41805555555555557 0.05859375 0.13194444444444445
0 0.694140625 0.46041666666666664 0.06796875 0.15416666666666667
0 0.612109375 0.11944444444444445 0.0546875 0.12083333333333333
0 0.6390625 0.2972222222222222 0.059375 0.13472222222222222
0 0.334375 0.725 0.08515625 0.19166666666666668
0 0.606640625 0.6881944444444444 0.0703125 0.15
0 0.41875 0.8243055555555555 0.08828125 0.19166666666666668
0 0.52734375 0.35347222222222224 0.06328125 0.14444444444444443
0 0.197265625 0.7340277777777777 0.075 0.12222222222222222
0 0.502734375 0.03333333333333333 0.05234375 0.06666666666666667
0 0.2203125 0.5611111111111111 0.0796875 0.1736111111111111
0 0.567578125 0.035416666666666666 0.03828125 0.07083333333333333
0 0.639453125 0.15069444444444444 0.0453125 0.10416666666666667
0 0.41640625 0.3111111111111111 0.08359375 0.18472222222222223
0 0.48671875 0.6944444444444444 0.09609375 0.2125
0 0.742578125 0.24861111111111112 0.05703125 0.12777777777777777
0 0.58828125 0.05138888888888889 0.03671875 0.07361111111111111
0 0.591796875 0.37222222222222223 0.0515625 0.12638888888888888
0 0.813671875 0.32430555555555557 0.05234375 0.12777777777777777
0 0.525390625 0.017361111111111112 0.04296875 0.034722222222222224
0 0.058984375 0.44583333333333336 0.08515625 0.17916666666666667
0 0.615234375 0.06736111111111111 0.0328125 0.058333333333333334
0 0.465625 0.013194444444444444 0.046875 0.02638888888888889
0 0.914453125 0.7791666666666667 0.08203125 0.17222222222222222
0 0.71953125 0.1798611111111111 0.03828125 0.07916666666666666
0 0.98203125 0.6604166666666667 0.0359375 0.1736111111111111
0 0.975 0.6513888888888889 0.05 0.13055555555555556
0 0.245703125 0.28541666666666665 0.0796875 0.17083333333333334
0 0.9875 0.4270833333333333 0.025 0.07083333333333333
0 0.903125 0.8159722222222222 0.05234375 0.10138888888888889
0 0.27734375 0.23055555555555557 0.0375 0.07361111111111111
0 0.75234375 0.2013888888888889 0.0359375 0.06666666666666667
0 0.225390625 0.23819444444444443 0.0734375 0.15833333333333333
0 0.274609375 0.30416666666666664 0.06875 0.15
0 0.698828125 0.18055555555555555 0.03125 0.059722222222222225