0 0.517578125 0.3923611111111111 0.0640625 0.15138888888888888
0 0.47734375 0.7819444444444444 0.065625 0.1625
0 0.95546875 0.7180555555555556 0.0734375 0.16805555555555557
0 0.542578125 0.9333333333333333 0.08984375 0.13333333333333333
0 0.80078125 0.9326388888888889 0.084375 0.13472222222222222
0 0.55 0.6055555555555555 0.0703125 0.16805555555555557
0 0.046875 0.24375 0.090625 0.2111111111111111
0 0.94921875 0.6027777777777777 0.06328125 0.15138888888888888
0 0.64609375 0.3020833333333333 0.04765625 0.11527777777777778
0 0.282421875 0.8055555555555556 0.08984375 0.16944444444444445
0 0.487890625 0.8888888888888888 0.07890625 0.18611111111111112
0 0.055078125 0.5076388888888889 0.0859375 0.17916666666666667
0 0.866796875 0.7006944444444444 0.06953125 0.16944444444444445
0 0.946875 0.47152777777777777 0.06171875 0.1388888888888889
0 0.57421875 0.3402777777777778 0.0671875 0.16805555555555557
0 0.0515625 0.6270833333333333 0.090625 0.1763888888888889
0 0.7828125 0.225 0.046875 0.10972222222222222
0 0.477734375 0.06111111111111111 0.04921875 0.12222222222222222
0 0.802734375 0.28402777777777777 0.05078125 0.1361111111111111
0 0.659765625 0.4215277777777778 0.05703125 0.14305555555555555
0 0.41484375 0.2826388888888889 0.06875 0.16805555555555557
0 0.4546875 0.20555555555555555 0.0578125 0.14305555555555555
0 0.33125 0.3645833333333333 0.07421875 0.17916666666666667
0 0.994921875 0.5875 0.01015625 0.11388888888888889
0 0.61640625 0.0875 0.03828125 0.08888888888888889
0 0.69453125 0.16527777777777777 0.046875 0.12083333333333333
0 0.5203125 0.08263888888888889 0.0484375 0.125
0 0.5484375 0.11180555555555556 0.05 0.125
0 0.983984375 0.7138888888888889 0.03203125 0.08611111111111111
0 0.573046875 0.13194444444444445 0.05234375 0.13055555555555556
0 0.95625 0.40208333333333335 0.040625 0.09722222222222222
0 0.3578125 0.25555555555555554 0.0578125 0.12916666666666668
0 0.25625 0.26944444444444443 0.034375 0.06944444444444445
0 0.933984375 0.39791666666666664 0.04296875 0.1111111111111111
0 0.212890625 0.29791666666666666 0.0640625 0.1597222222222222
0 0.744921875 0.1951388888888889 0.040625 0.10277777777777777
0 0.233984375 0.33125 0.075 0.17083333333333334
0 0.68984375 0.11944444444444445 0.03515625 0.05416666666666667
0 0.70703125 0.17569444444444443 0.05234375 0.12361111111111112
0 0.2671875 0.3472222222222222 0.06796875 0.15138888888888888
0 0.735546875 0.1763888888888889 0.0359375 0.08194444444444444
0 0.946484375 0.4076388888888889 0.06015625 0.12638888888888888
0 0.95546875 0.45208333333333334 0.04921875 0.0875