0 0.501953125 0.15069444444444444 0.03359375 0.11944444444444445
0 0.665625 0.15208333333333332 0.02890625 0.12083333333333333
0 0.675 0.8430555555555556 0.04453125 0.14444444444444443
0 0.90546875 0.13194444444444445 0.0390625 0.11805555555555555
0 0.561328125 0.10277777777777777 0.02734375 0.11666666666666667
0 0.972265625 0.09583333333333334 0.03359375 0.1125
0 0.959375 0.5527777777777778 0.05 0.15694444444444444
0 0.10859375 0.2361111111111111 0.0453125 0.14027777777777778
0 0.80625 0.8354166666666667 0.05 0.1875
0 0.3890625 0.2534722222222222 0.03828125 0.14305555555555555
0 0.403125 0.5868055555555556 0.03984375 0.15694444444444444
0 0.500390625 0.5180555555555556 0.03359375 0.15138888888888888
0 0.6765625 0.029166666666666667 0.02578125 0.058333333333333334
0 0.938671875 0.09652777777777778 0.03203125 0.11527777777777778
0 0.731640625 0.08194444444444444 0.0234375 0.125
0 0.985546875 0.16666666666666666 0.02890625 0.12916666666666668
0 0.7578125 0.044444444444444446 0.025 0.08611111111111111
0 0.03828125 0.16944444444444445 0.034375 0.11527777777777778
0 0.62890625 0.8006944444444445 0.0453125 0.19722222222222222
0 0.53203125 0.1527777777777778 0.025 0.10277777777777777
0 0.546875 0.9284722222222223 0.0671875 0.14305555555555555
0 0.5078125 0.04861111111111111 0.03046875 0.09722222222222222
0 0.64453125 0.03333333333333333 0.01953125 0.06666666666666667
0 0.610546875 0.03611111111111111 0.0234375 0.07222222222222222
0 0.550390625 0.1840277777777778 0.02265625 0.10972222222222222
0 0.77734375 0.9791666666666666 0.05234375 0.041666666666666664
0 0.592578125 0.04583333333333333 0.01796875 0.06666666666666667
0 0.01015625 0.3326388888888889 0.01953125 0.13333333333333333
0 0.25 0.5131944444444444 0.034375 0.12777777777777777
0 0.989453125 0.3194444444444444 0.0203125 0.11805555555555555
0 0.433203125 0.06458333333333334 0.0171875 0.09444444444444444
0 0.218359375 0.5194444444444445 0.04375 0.15833333333333333
0 0.37421875 0.011805555555555555 0.0234375 0.02361111111111111
0 0.191015625 0.49583333333333335 0.0375 0.1486111111111111
0 0.019140625 0.60625 0.03828125 0.16805555555555557
0 0.522265625 0.013194444444444444 0.0171875 0.02638888888888889
0 0.227734375 0.45208333333333334 0.01953125 0.05277777777777778
0 0.58828125 0.04097222222222222 0.015625 0.06805555555555555
0 0.49453125 0.015277777777777777 0.01484375 0.030555555555555555
0 0.5265625 0.0125 0.01953125 0.025
0 0.43125 0.05416666666666667 0.01328125 0.0763888888888889