0 0.568359375 0.3611111111111111 0.03515625 0.1361111111111111
0 0.83203125 0.2673611111111111 0.0359375 0.13472222222222222
0 0.616796875 0.18819444444444444 0.0296875 0.1111111111111111
0 0.29140625 0.5291666666666667 0.0390625 0.14027777777777778
0 0.386328125 0.12569444444444444 0.0265625 0.10694444444444444
0 0.49609375 0.5625 0.040625 0.1527777777777778
0 0.957421875 0.45555555555555555 0.04765625 0.15833333333333333
0 0.108203125 0.79375 0.06796875 0.18611111111111112
0 0.371875 0.19375 0.03046875 0.12638888888888888
0 0.665625 0.5569444444444445 0.0421875 0.1625
0 0.612890625 0.35 0.02890625 0.11527777777777778
0 0.301171875 0.6875 0.04921875 0.1597222222222222
0 0.437109375 0.07083333333333333 0.0234375 0.1111111111111111
0 0.489453125 0.20069444444444445 0.02578125 0.12361111111111112
0 0.7328125 0.08402777777777778 0.02578125 0.12638888888888888
0 0.3828125 0.6423611111111112 0.05390625 0.2111111111111111
0 0.4578125 0.07013888888888889 0.02734375 0.10972222222222222
0 0.506640625 0.4409722222222222 0.040625 0.1527777777777778
0 0.381640625 0.02638888888888889 0.021875 0.05277777777777778
0 0.75703125 0.014583333333333334 0.04296875 0.029166666666666667
0 0.125390625 0.07013888888888889 0.04296875 0.12361111111111112
0 0.55 0.5152777777777777 0.028125 0.1375
0 0.05078125 0.15486111111111112 0.03046875 0.12083333333333333
0 0.5015625 0.02361111111111111 0.0203125 0.04722222222222222
0 0.9484375 0.15555555555555556 0.02734375 0.11944444444444445
0 0.919921875 0.24791666666666667 0.04453125 0.14444444444444443
0 0.19140625 0.5020833333333333 0.03203125 0.1486111111111111
0 0.22421875 0.4486111111111111 0.0265625 0.06527777777777778
0 0.928515625 0.15625 0.0265625 0.10416666666666667
0 0.25 0.5076388888888889 0.0328125 0.13055555555555556
0 0.526953125 0.022222222222222223 0.02265625 0.044444444444444446
0 0.22109375 0.5229166666666667 0.04140625 0.15
0 0.659765625 0.0375 0.02578125 0.075
0 0.21796875 0.06527777777777778 0.02421875 0.09027777777777778
0 0.594140625 0.014583333333333334 0.01875 0.029166666666666667
0 0.6328125 0.03958333333333333 0.028125 0.07777777777777778
0 0.614453125 0.03819444444444445 0.025 0.07222222222222222
0 0.946875 0.006944444444444444 0.01953125 0.013888888888888888