0 0.6703125 0.20972222222222223 0.0453125 0.10416666666666667
0 0.746484375 0.7833333333333333 0.078125 0.175
0 0.497265625 0.91875 0.09453125 0.1625
0 0.776953125 0.6395833333333333 0.07109375 0.15833333333333333
0 0.5640625 0.26805555555555555 0.059375 0.1361111111111111
0 0.51796875 0.024305555555555556 0.04375 0.04861111111111111
0 0.9734375 0.6048611111111111 0.053125 0.13472222222222222
0 0.954296875 0.4375 0.05625 0.12638888888888888
0 0.6609375 0.9090277777777778 0.08203125 0.18194444444444444
0 0.460546875 0.19305555555555556 0.059375 0.14027777777777778
0 0.034375 0.42569444444444443 0.06875 0.20416666666666666
0 0.88203125 0.9756944444444444 0.08125 0.04861111111111111
0 0.692578125 0.3111111111111111 0.0546875 0.12638888888888888
0 0.61171875 0.2361111111111111 0.0671875 0.15
0 0.784375 0.25416666666666665 0.0453125 0.10416666666666667
0 0.1796875 0.2375 0.0828125 0.18472222222222223
0 0.351953125 0.5166666666666667 0.09140625 0.20972222222222223
0 0.26171875 0.2520833333333333 0.0390625 0.075
0 0.434375 0.3958333333333333 0.07734375 0.1736111111111111
0 0.712890625 0.30972222222222223 0.05546875 0.13194444444444445
0 0.926171875 0.3958333333333333 0.05078125 0.11527777777777778
0 0.532421875 0.10694444444444444 0.0515625 0.125
0 0.55546875 0.12291666666666666 0.05234375 0.12361111111111112
0 0.401171875 0.11388888888888889 0.05546875 0.11527777777777778
0 0.82109375 0.32222222222222224 0.07109375 0.1736111111111111
0 0.598046875 0.5847222222222223 0.08359375 0.18333333333333332
0 0.377734375 0.2013888888888889 0.078125 0.16805555555555557
0 0.607421875 0.07291666666666667 0.0390625 0.07777777777777778
0 0.929296875 0.5805555555555556 0.06640625 0.14166666666666666
0 0.55625 0.02013888888888889 0.028125 0.04027777777777778
0 0.911328125 0.38958333333333334 0.04453125 0.10833333333333334
0 0.22109375 0.26805555555555555 0.06484375 0.15138888888888888
0 0.237890625 0.3125 0.0734375 0.16805555555555557
0 0.271484375 0.3277777777777778 0.06328125 0.14166666666666666
0 0.58203125 0.15069444444444444 0.0546875 0.12638888888888888
0 0.71796875 0.2826388888888889 0.03984375 0.08055555555555556
0 0.755859375 0.26319444444444445 0.03125 0.06666666666666667
0 0.830859375 0.2791666666666667 0.04140625 0.08194444444444444
0 0.963671875 0.5180555555555556 0.06171875 0.125
0 0.809765625 0.33194444444444443 0.0546875 0.1388888888888889