0 0.80390625 0.1527777777777778 0.03359375 0.13333333333333333
0 0.626953125 0.4736111111111111 0.0359375 0.13055555555555556
0 0.562109375 0.2548611111111111 0.03515625 0.13055555555555556
0 0.48671875 0.04861111111111111 0.0296875 0.09583333333333334
0 0.358203125 0.125 0.0328125 0.12638888888888888
0 0.6609375 0.37083333333333335 0.040625 0.1486111111111111
0 0.308984375 0.8902777777777777 0.06015625 0.18611111111111112
0 0.3734375 0.06527777777777778 0.0296875 0.10277777777777777
0 0.479296875 0.28888888888888886 0.03359375 0.13472222222222222
0 0.928515625 0.3 0.04375 0.13333333333333333
0 0.513671875 0.7298611111111111 0.04921875 0.16527777777777777
0 0.04921875 0.7555555555555555 0.05625 0.175
0 0.524609375 0.5729166666666666 0.04765625 0.17222222222222222
0 0.450390625 0.050694444444444445 0.02890625 0.09305555555555556
0 0.434765625 0.9479166666666666 0.05234375 0.10416666666666667
0 0.9640625 0.1625 0.0359375 0.12222222222222222
0 0.6171875 0.1125 0.034375 0.11666666666666667
0 0.37578125 0.49722222222222223 0.05078125 0.1736111111111111
0 0.519921875 0.044444444444444446 0.02265625 0.08888888888888889
0 0.425390625 0.05555555555555555 0.028125 0.09861111111111111
0 0.941015625 0.16319444444444445 0.03203125 0.1111111111111111
0 0.98203125 0.5888888888888889 0.0359375 0.18611111111111112
0 0.28828125 0.7013888888888888 0.04765625 0.16111111111111112
0 0.718359375 0.0625 0.02734375 0.125
0 0.158984375 0.9819444444444444 0.05859375 0.03611111111111111
0 0.6296875 0.027777777777777776 0.0234375 0.05555555555555555
0 0.276171875 0.08402777777777778 0.0328125 0.1
0 0.0296875 0.21388888888888888 0.03828125 0.12361111111111112
0 0.546484375 0.37222222222222223 0.02890625 0.12638888888888888
0 0.110546875 0.15208333333333332 0.03984375 0.12916666666666668
0 0.60234375 0.025694444444444443 0.028125 0.05138888888888889
0 0.222265625 0.47430555555555554 0.028125 0.0625
0 0.220703125 0.5479166666666667 0.04765625 0.15694444444444444
0 0.5875 0.034027777777777775 0.025 0.06805555555555555
0 0.19296875 0.5243055555555556 0.040625 0.14583333333333334
0 0.251953125 0.5305555555555556 0.0421875 0.1388888888888889