0 0.8109375 0.175 0.03125 0.13055555555555556
0 0.630078125 0.49027777777777776 0.0328125 0.12361111111111112
0 0.568359375 0.25277777777777777 0.03125 0.12777777777777777
0 0.5125 0.7465277777777778 0.04765625 0.16527777777777777
0 0.3875 0.05138888888888889 0.0265625 0.1
0 0.485546875 0.2923611111111111 0.03046875 0.13194444444444445
0 0.499609375 0.05 0.0265625 0.09722222222222222
0 0.046484375 0.725 0.05234375 0.1736111111111111
0 0.66484375 0.38055555555555554 0.03671875 0.15416666666666667
0 0.93125 0.35 0.0421875 0.14305555555555555
0 0.37109375 0.10277777777777777 0.02890625 0.11944444444444445
0 0.298828125 0.8854166666666666 0.05546875 0.18333333333333332
0 0.6296875 0.11388888888888889 0.03203125 0.1111111111111111
0 0.278125 0.6868055555555556 0.0421875 0.14444444444444443
0 0.42109375 0.9270833333333334 0.04921875 0.1375
0 0.462890625 0.044444444444444446 0.028125 0.08611111111111111
0 0.52578125 0.5895833333333333 0.0484375 0.17777777777777778
0 0.38046875 0.4652777777777778 0.04375 0.1625
0 0.973828125 0.20902777777777778 0.03046875 0.11388888888888889
0 0.5328125 0.04791666666666667 0.02109375 0.09305555555555556
0 0.730859375 0.08194444444444444 0.02265625 0.125
0 0.64375 0.03263888888888889 0.02109375 0.06527777777777778
0 0.43828125 0.04861111111111111 0.0265625 0.09444444444444444
0 0.03984375 0.1638888888888889 0.0359375 0.12638888888888888
0 0.981640625 0.64375 0.03671875 0.17916666666666667
0 0.14765625 0.9722222222222222 0.0515625 0.05555555555555555
0 0.950390625 0.21041666666666667 0.03046875 0.10833333333333334
0 0.869921875 0.02013888888888889 0.0265625 0.04027777777777778
0 0.121484375 0.12291666666666666 0.03671875 0.12777777777777777
0 0.550390625 0.3736111111111111 0.0234375 0.12638888888888888
0 0.2921875 0.06527777777777778 0.01484375 0.09722222222222222
0 0.296875 0.06041666666666667 0.015625 0.09444444444444444
0 0.219140625 0.5215277777777778 0.0421875 0.15416666666666667
0 0.22578125 0.44930555555555557 0.02421875 0.0625
0 0.992578125 0.02638888888888889 0.01484375 0.05277777777777778
0 0.61015625 0.03333333333333333 0.02421875 0.06666666666666667
0 0.188671875 0.5 0.0328125 0.14027777777777778
0 0.251171875 0.5104166666666666 0.0359375 0.13472222222222222
0 0.94609375 0.006944444444444444 0.021875 0.0125
0 0.59921875 0.043055555555555555 0.0203125 0.06666666666666667