0 0.662890625 0.9395833333333333 0.07734375 0.12083333333333333
0 0.441796875 0.37083333333333335 0.06640625 0.15138888888888888
0 0.76953125 0.8694444444444445 0.08046875 0.17777777777777778
0 0.76875 0.2548611111111111 0.053125 0.12222222222222222
0 0.58046875 0.2534722222222222 0.0609375 0.1388888888888889
0 0.491015625 0.9548611111111112 0.07265625 0.09027777777777778
0 0.0953125 0.059722222222222225 0.075 0.11944444444444445
0 0.968359375 0.41597222222222224 0.05390625 0.10972222222222222
0 0.04765625 0.3541666666666667 0.0953125 0.2111111111111111
0 0.50390625 0.6243055555555556 0.08046875 0.18472222222222223
0 0.895703125 0.3861111111111111 0.0625 0.13055555555555556
0 0.60625 0.2798611111111111 0.053125 0.12222222222222222
0 0.18125 0.03611111111111111 0.078125 0.07222222222222222
0 0.502734375 0.11527777777777778 0.06796875 0.15
0 0.968359375 0.7416666666666667 0.06328125 0.1638888888888889
0 0.634765625 0.17847222222222223 0.0484375 0.1125
0 0.987109375 0.4486111111111111 0.02578125 0.11388888888888889
0 0.455859375 0.6708333333333333 0.0796875 0.18611111111111112
0 0.65234375 0.19305555555555556 0.04453125 0.10833333333333334
0 0.748828125 0.1986111111111111 0.034375 0.07083333333333333
0 0.98515625 0.5145833333333333 0.0296875 0.17916666666666667
0 0.663671875 0.12291666666666666 0.0390625 0.07777777777777778
0 0.815234375 0.3125 0.053125 0.12916666666666668
0 0.9203125 0.39444444444444443 0.05 0.11805555555555555
0 0.71875 0.1736111111111111 0.0375 0.0763888888888889
0 0.279296875 0.3034722222222222 0.06484375 0.15
0 0.63515625 0.09861111111111111 0.03671875 0.0763888888888889
0 0.24765625 0.28194444444444444 0.0734375 0.16805555555555557
0 0.22890625 0.24444444444444444 0.07109375 0.16666666666666666
0 0.61796875 0.09097222222222222 0.03671875 0.08055555555555556
0 0.83125 0.25069444444444444 0.02421875 0.03611111111111111
0 0.7015625 0.16041666666666668 0.03359375 0.07222222222222222
0 0.59296875 0.12291666666666666 0.01953125 0.04027777777777778
0 0.6984375 0.15486111111111112 0.0328125 0.07222222222222222