0 0.6859375 0.42569444444444443 0.059375 0.15138888888888888
0 0.219921875 0.7888888888888889 0.075 0.14444444444444443
0 0.583203125 0.09027777777777778 0.046875 0.11388888888888889
0 0.62109375 0.27847222222222223 0.05234375 0.13333333333333333
0 0.4484375 0.8284722222222223 0.07890625 0.1986111111111111
0 0.3515625 0.7854166666666667 0.0765625 0.19166666666666668
0 0.503125 0.6722222222222223 0.08046875 0.20277777777777778
0 0.053515625 0.53125 0.08515625 0.20833333333333334
0 0.93125 0.6583333333333333 0.07109375 0.16805555555555557
0 0.848046875 0.3423611111111111 0.053125 0.1388888888888889
0 0.516796875 0.3416666666666667 0.05859375 0.15416666666666667
0 0.46015625 0.043055555555555555 0.0484375 0.08611111111111111
0 0.989453125 0.5409722222222222 0.02109375 0.13194444444444445
0 0.2296875 0.6104166666666667 0.0703125 0.1763888888888889
0 0.620703125 0.6444444444444445 0.05703125 0.14305555555555555
0 0.71640625 0.20208333333333334 0.0515625 0.13194444444444445
0 0.61328125 0.11388888888888889 0.03828125 0.10277777777777777
0 0.396484375 0.34791666666666665 0.07890625 0.1875
0 0.58125 0.3597222222222222 0.0453125 0.12638888888888888
0 0.796484375 0.24861111111111112 0.0421875 0.12638888888888888
0 0.977734375 0.5263888888888889 0.04453125 0.125
0 0.529296875 0.034027777777777775 0.03984375 0.06805555555555555
0 0.483984375 0.019444444444444445 0.03984375 0.03888888888888889
0 0.97734375 0.2965277777777778 0.03828125 0.05555555555555555
0 0.418359375 0.020833333333333332 0.04609375 0.041666666666666664
0 0.726171875 0.1423611111111111 0.03125 0.06388888888888888
0 0.57890625 0.043055555555555555 0.03203125 0.05694444444444444
0 0.548828125 0.03958333333333333 0.03828125 0.07916666666666666
0 0.689453125 0.1284722222222222 0.0375 0.08194444444444444
0 0.23046875 0.3506944444444444 0.07109375 0.16805555555555557
0 0.258203125 0.2861111111111111 0.03359375 0.06944444444444445
0 0.2640625 0.3590277777777778 0.06328125 0.15138888888888888
0 0.206640625 0.3145833333333333 0.0578125 0.1486111111111111
0 0.6734375 0.13402777777777777 0.02890625 0.06388888888888888
0 0.919140625 0.975 0.03828125 0.05
0 0.91484375 0.9763888888888889 0.04375 0.04722222222222222