0 0.659765625 0.20416666666666666 0.03125 0.12083333333333333
0 0.502734375 0.10902777777777778 0.03125 0.1125
0 0.56953125 0.13333333333333333 0.028125 0.11388888888888889
0 0.040234375 0.16666666666666666 0.03671875 0.1111111111111111
0 0.53125 0.11319444444444444 0.02421875 0.1
0 0.80078125 0.9430555555555555 0.05234375 0.11388888888888889
0 0.953515625 0.4798611111111111 0.04609375 0.15694444444444444
0 0.732421875 0.07291666666666667 0.02421875 0.12777777777777777
0 0.4078125 0.6770833333333334 0.0421875 0.16666666666666666
0 0.660546875 0.7236111111111111 0.04140625 0.1486111111111111
0 0.39296875 0.06041666666666667 0.02890625 0.09861111111111111
0 0.248828125 0.9270833333333334 0.05234375 0.1388888888888889
0 0.673828125 0.043055555555555555 0.02578125 0.08194444444444444
0 0.551171875 0.8333333333333334 0.05546875 0.19583333333333333
0 0.69453125 0.9048611111111111 0.0546875 0.18333333333333332
0 0.773046875 0.06597222222222222 0.028125 0.11527777777777778
0 0.496484375 0.43680555555555556 0.03203125 0.14583333333333334
0 0.49921875 0.029166666666666667 0.03046875 0.058333333333333334
0 0.383984375 0.3 0.03984375 0.1527777777777778
0 0.121875 0.19027777777777777 0.04609375 0.1388888888888889
0 0.145703125 0.9479166666666666 0.0671875 0.09722222222222222
0 0.984765625 0.27847222222222223 0.028125 0.1125
0 0.962109375 0.15416666666666667 0.04921875 0.125
0 0.646484375 0.03125 0.0203125 0.0625
0 0.55 0.2263888888888889 0.02265625 0.11388888888888889
0 0.611328125 0.03333333333333333 0.0234375 0.06666666666666667
0 0.220703125 0.5152777777777777 0.04453125 0.15416666666666667
0 0.36640625 0.025694444444444443 0.0234375 0.05138888888888889
0 0.530078125 0.9784722222222222 0.0546875 0.043055555555555555
0 0.970703125 0.10208333333333333 0.03046875 0.07083333333333333
0 0.43828125 0.013888888888888888 0.01875 0.02638888888888889
0 0.236328125 0.44513888888888886 0.02421875 0.058333333333333334
0 0.1125 0.011111111111111112 0.034375 0.022222222222222223
0 0.4609375 0.014583333333333334 0.0171875 0.029166666666666667
0 0.18984375 0.49930555555555556 0.0328125 0.14444444444444443
0 0.24921875 0.5013888888888889 0.03515625 0.13194444444444445
0 0.37109375 0.024305555555555556 0.02109375 0.04861111111111111
0 0.594140625 0.043055555555555555 0.01796875 0.06388888888888888
0 0.992578125 0.1284722222222222 0.01484375 0.1125
0 0.01015625 0.28958333333333336 0.01953125 0.12083333333333333
0 0.984375 0.011805555555555555 0.028125 0.022222222222222223
0 0.9953125 0.1326388888888889 0.009375 0.09861111111111111
0 0.394921875 0.009027777777777777 0.015625 0.018055555555555554