0 0.646484375 0.3229166666666667 0.0484375 0.11388888888888889
0 0.514453125 0.41388888888888886 0.065625 0.1527777777777778
0 0.797265625 0.9631944444444445 0.08671875 0.07361111111111111
0 0.552734375 0.5847222222222223 0.071875 0.17083333333333334
0 0.94609375 0.6388888888888888 0.0671875 0.15555555555555556
0 0.462890625 0.9111111111111111 0.07890625 0.17777777777777778
0 0.4609375 0.18333333333333332 0.05703125 0.1361111111111111
0 0.953125 0.7597222222222222 0.078125 0.16944444444444445
0 0.0390625 0.5458333333333333 0.078125 0.21388888888888888
0 0.548828125 0.9090277777777778 0.09296875 0.18194444444444444
0 0.66171875 0.40208333333333335 0.05859375 0.14027777777777778
0 0.8625 0.6875 0.0703125 0.16944444444444445
0 0.484375 0.050694444444444445 0.0484375 0.10138888888888889
0 0.569921875 0.35833333333333334 0.071875 0.16944444444444445
0 0.29140625 0.7715277777777778 0.096875 0.22083333333333333
0 0.04921875 0.25972222222222224 0.09609375 0.1986111111111111
0 0.948046875 0.5027777777777778 0.05859375 0.13194444444444445
0 0.803515625 0.2951388888888889 0.05078125 0.13333333333333333
0 0.052734375 0.6340277777777777 0.0765625 0.14027777777777778
0 0.70078125 0.16875 0.053125 0.11805555555555555
0 0.4234375 0.25833333333333336 0.06328125 0.15555555555555556
0 0.325390625 0.3763888888888889 0.07578125 0.17083333333333334
0 0.9921875 0.6138888888888889 0.015625 0.11944444444444445
0 0.5765625 0.14305555555555555 0.05 0.125
0 0.48203125 0.7479166666666667 0.06796875 0.17222222222222222
0 0.778515625 0.22569444444444445 0.04296875 0.10416666666666667
0 0.2578125 0.26180555555555557 0.03515625 0.06944444444444445
0 0.625390625 0.08958333333333333 0.03515625 0.07916666666666666
0 0.525 0.08611111111111111 0.05 0.125
0 0.35546875 0.27291666666666664 0.06171875 0.14305555555555555
0 0.9328125 0.42430555555555555 0.046875 0.11388888888888889
0 0.5515625 0.11319444444444444 0.05 0.12361111111111112
0 0.214453125 0.2881944444444444 0.0640625 0.15694444444444444
0 0.958984375 0.4354166666666667 0.05234375 0.11527777777777778
0 0.23515625 0.325 0.07578125 0.17222222222222222
0 0.72578125 0.17222222222222222 0.03125 0.0763888888888889
0 0.745703125 0.18541666666666667 0.03828125 0.08055555555555556
0 0.2671875 0.3416666666666667 0.071875 0.15555555555555556
0 0.74921875 0.2048611111111111 0.03515625 0.09444444444444444