0 0.797265625 0.28888888888888886 0.08671875 0.175
0 0.451171875 0.1111111111111111 0.05 0.10277777777777777
0 0.311328125 0.38055555555555554 0.06484375 0.1361111111111111
0 0.741015625 0.17847222222222223 0.0796875 0.16111111111111112
0 0.427734375 0.31805555555555554 0.06484375 0.13333333333333333
0 0.226171875 0.9166666666666666 0.09765625 0.16666666666666666
0 0.66875 0.6444444444444445 0.0984375 0.2013888888888889
0 0.734375 0.5006944444444444 0.08125 0.16527777777777777
0 0.49140625 0.07777777777777778 0.06953125 0.1388888888888889
0 0.9046875 0.12777777777777777 0.08984375 0.17916666666666667
0 0.26015625 0.21458333333333332 0.03984375 0.07083333333333333
0 0.57578125 0.3368055555555556 0.07109375 0.14444444444444443
0 0.38984375 0.5 0.06953125 0.14444444444444443
0 0.433984375 0.225 0.07265625 0.15
0 0.031640625 0.6645833333333333 0.06328125 0.13472222222222222
0 0.125 0.3972222222222222 0.05546875 0.10277777777777777
0 0.08125 0.45902777777777776 0.0609375 0.11805555555555555
0 0.405078125 0.6638888888888889 0.0859375 0.17916666666666667
0 0.338671875 0.22847222222222222 0.06484375 0.13472222222222222
0 0.3640625 0.17430555555555555 0.059375 0.12361111111111112
0 0.30625 0.5708333333333333 0.07734375 0.15138888888888888
0 0.27265625 0.4930555555555556 0.0609375 0.11527777777777778
0 0.323046875 0.13194444444444445 0.04609375 0.07222222222222222
0 0.316796875 0.2513888888888889 0.06484375 0.13472222222222222
0 0.262890625 0.7423611111111111 0.034375 0.06527777777777778
0 0.502734375 0.010416666666666666 0.03671875 0.020833333333333332
0 0.248828125 0.8222222222222222 0.07578125 0.15694444444444444
0 0.274609375 0.8152777777777778 0.084375 0.17222222222222222
0 0.3015625 0.7666666666666667 0.07421875 0.1486111111111111
0 0.05625 0.4444444444444444 0.025 0.041666666666666664