0 0.4078125 0.1638888888888889 0.05625 0.12638888888888888
0 0.467578125 0.11180555555555556 0.05390625 0.125
0 0.875 0.6375 0.0875 0.18611111111111112
0 0.709375 0.6055555555555555 0.0796875 0.17222222222222222
0 0.444921875 0.7020833333333333 0.07578125 0.1736111111111111
0 0.489453125 0.47291666666666665 0.06484375 0.15555555555555556
0 0.90625 0.1527777777777778 0.0828125 0.18194444444444444
0 0.639453125 0.8131944444444444 0.10625 0.24166666666666667
0 0.569140625 0.09722222222222222 0.059375 0.14166666666666666
0 0.434375 0.13680555555555557 0.04765625 0.10833333333333334
0 0.016796875 0.5611111111111111 0.03359375 0.125
0 0.745703125 0.7020833333333333 0.0953125 0.21944444444444444
0 0.341015625 0.39861111111111114 0.08203125 0.18611111111111112
0 0.080859375 0.5340277777777778 0.08125 0.16805555555555557
0 0.47421875 0.20208333333333334 0.05 0.12361111111111112
0 0.485546875 0.018055555555555554 0.03828125 0.03611111111111111
0 0.266796875 0.17430555555555555 0.03359375 0.06388888888888888
0 0.38828125 0.08333333333333333 0.04375 0.09027777777777778
0 0.25234375 0.7354166666666667 0.07578125 0.16805555555555557
0 0.3046875 0.18333333333333332 0.03984375 0.10277777777777777
0 0.471875 0.02847222222222222 0.034375 0.05694444444444444
0 0.249609375 0.6618055555555555 0.040625 0.08055555555555556
0 0.3234375 0.10833333333333334 0.0203125 0.03194444444444444
0 0.044921875 0.35138888888888886 0.02890625 0.04027777777777778
0 0.27578125 0.7006944444444444 0.06328125 0.14166666666666666
0 0.0140625 0.7111111111111111 0.028125 0.10277777777777777
0 0.2203125 0.7423611111111111 0.06484375 0.15416666666666667
0 0.3453125 0.09444444444444444 0.0203125 0.0375
0 0.4671875 0.027083333333333334 0.0328125 0.05416666666666667
0 0.309375 0.17847222222222223 0.0421875 0.10555555555555556
0 0.39609375 0.04027777777777778 0.02265625 0.02638888888888889