0 0.594921875 0.7958333333333333 0.0703125 0.15555555555555556
0 0.6515625 0.2298611111111111 0.05390625 0.125
0 0.177734375 0.68125 0.08203125 0.1763888888888889
0 0.3671875 0.5909722222222222 0.0765625 0.1763888888888889
0 0.583203125 0.9729166666666667 0.08984375 0.05416666666666667
0 0.714453125 0.3736111111111111 0.059375 0.14166666666666666
0 0.59765625 0.15069444444444444 0.05546875 0.12777777777777777
0 0.85546875 0.3277777777777778 0.05703125 0.13055555555555556
0 0.515234375 0.42916666666666664 0.0625 0.1486111111111111
0 0.913671875 0.8236111111111111 0.0796875 0.175
0 0.4421875 0.23819444444444443 0.06953125 0.1597222222222222
0 0.625390625 0.16805555555555557 0.0453125 0.10694444444444444
0 0.813671875 0.29791666666666666 0.053125 0.13194444444444445
0 0.409765625 0.9395833333333333 0.06796875 0.10694444444444444
0 0.0671875 0.6152777777777778 0.08359375 0.15416666666666667
0 0.615234375 0.07361111111111111 0.0390625 0.07083333333333333
0 0.97890625 0.5576388888888889 0.0421875 0.15694444444444444
0 0.465234375 0.8229166666666666 0.10390625 0.2388888888888889
0 0.765234375 0.22361111111111112 0.046875 0.10138888888888889
0 0.610546875 0.29305555555555557 0.0484375 0.12222222222222222
0 0.746875 0.19236111111111112 0.03515625 0.07361111111111111
0 0.97890625 0.6715277777777777 0.0421875 0.14027777777777778
0 0.563671875 0.016666666666666666 0.02265625 0.03333333333333333
0 0.582421875 0.03611111111111111 0.025 0.04722222222222222
0 0.24453125 0.2951388888888889 0.078125 0.17222222222222222
0 0.276953125 0.24583333333333332 0.03828125 0.07361111111111111
0 0.715625 0.16875 0.0375 0.07916666666666666
0 0.9875 0.5548611111111111 0.025 0.17083333333333334
0 0.501171875 0.013888888888888888 0.04609375 0.027777777777777776
0 0.22109375 0.25763888888888886 0.065625 0.15555555555555556
0 0.276171875 0.3076388888888889 0.07109375 0.15416666666666667
0 0.698828125 0.16319444444444445 0.0328125 0.075
0 0.495703125 0.03194444444444444 0.06015625 0.06388888888888888