0 0.625 0.4125 0.0359375 0.12222222222222222
0 0.668359375 0.49722222222222223 0.046875 0.1597222222222222
0 0.383203125 0.5555555555555556 0.05546875 0.18055555555555555
0 0.965234375 0.5881944444444445 0.05546875 0.18194444444444444
0 0.38125 0.14791666666666667 0.03359375 0.12777777777777777
0 0.8328125 0.2743055555555556 0.0375 0.1388888888888889
0 0.575 0.33541666666666664 0.0390625 0.14166666666666666
0 0.4984375 0.23472222222222222 0.03203125 0.125
0 0.1078125 0.8388888888888889 0.06171875 0.20694444444444443
0 0.4953125 0.6263888888888889 0.046875 0.16527777777777777
0 0.288671875 0.7270833333333333 0.05625 0.16527777777777777
0 0.63125 0.17430555555555555 0.03359375 0.11527777777777778
0 0.55390625 0.4625 0.03046875 0.1375
0 0.928515625 0.3472222222222222 0.04609375 0.1486111111111111
0 0.455078125 0.059027777777777776 0.02890625 0.11805555555555555
0 0.401171875 0.08402777777777778 0.03046875 0.10972222222222222
0 0.51875 0.03333333333333333 0.02890625 0.06666666666666667
0 0.975390625 0.23125 0.03046875 0.11388888888888889
0 0.948828125 0.23055555555555557 0.03359375 0.1111111111111111
0 0.01484375 0.55625 0.0296875 0.16527777777777777
0 0.746875 0.11388888888888889 0.02578125 0.12638888888888888
0 0.509375 0.4888888888888889 0.05 0.1597222222222222
0 0.287109375 0.5652777777777778 0.0453125 0.15416666666666667
0 0.066015625 0.10486111111111111 0.03359375 0.11944444444444445
0 0.551953125 0.03680555555555556 0.021875 0.06527777777777778
0 0.140234375 0.05555555555555555 0.03984375 0.1111111111111111
0 0.81640625 0.05625 0.04375 0.041666666666666664
0 0.4765625 0.06041666666666667 0.0328125 0.12083333333333333
0 0.26328125 0.04027777777777778 0.03125 0.08055555555555556
0 0.667578125 0.05486111111111111 0.025 0.07361111111111111
0 0.21953125 0.48819444444444443 0.04765625 0.15694444444444444
0 0.22734375 0.4152777777777778 0.02734375 0.06805555555555555
0 0.25078125 0.4798611111111111 0.040625 0.1375
0 0.191015625 0.4638888888888889 0.0390625 0.15
0 0.404296875 0.009722222222222222 0.01640625 0.019444444444444445