0 0.661328125 0.19791666666666666 0.03203125 0.12916666666666668
0 0.569140625 0.12777777777777777 0.028125 0.11388888888888889
0 0.501171875 0.11736111111111111 0.0328125 0.11527777777777778
0 0.40234375 0.6638888888888889 0.0421875 0.16527777777777777
0 0.040234375 0.1673611111111111 0.0375 0.1111111111111111
0 0.6625 0.7347222222222223 0.040625 0.1486111111111111
0 0.80078125 0.9347222222222222 0.053125 0.13055555555555556
0 0.771484375 0.059722222222222225 0.02890625 0.1125
0 0.95234375 0.48819444444444443 0.046875 0.15
0 0.732421875 0.0763888888888889 0.02265625 0.12638888888888888
0 0.550390625 0.8451388888888889 0.05703125 0.19722222222222222
0 0.53125 0.11666666666666667 0.0234375 0.1
0 0.673828125 0.041666666666666664 0.02578125 0.08055555555555556
0 0.496484375 0.4479166666666667 0.0328125 0.14583333333333334
0 0.24609375 0.9381944444444444 0.0515625 0.11666666666666667
0 0.68359375 0.8972222222222223 0.06328125 0.1986111111111111
0 0.382421875 0.29791666666666666 0.04375 0.17222222222222222
0 0.5 0.03611111111111111 0.028125 0.06805555555555555
0 0.64609375 0.03263888888888889 0.01953125 0.06527777777777778
0 0.371875 0.025694444444444443 0.02265625 0.05138888888888889
0 0.11953125 0.19652777777777777 0.04296875 0.1388888888888889
0 0.155078125 0.9659722222222222 0.06484375 0.06805555555555555
0 0.55078125 0.22013888888888888 0.0234375 0.11527777777777778
0 0.611328125 0.034027777777777775 0.0234375 0.06805555555555555
0 0.220703125 0.5166666666666667 0.04453125 0.15138888888888888
0 0.948828125 0.15208333333333332 0.05625 0.12222222222222222
0 0.9671875 0.14166666666666666 0.0328125 0.1375
0 0.96875 0.09861111111111111 0.02265625 0.06527777777777778
0 0.397265625 0.06597222222222222 0.02265625 0.09305555555555556
0 0.23671875 0.4479166666666667 0.02734375 0.05555555555555555
0 0.189453125 0.4979166666666667 0.0328125 0.14027777777777778
0 0.986328125 0.011805555555555555 0.0265625 0.022222222222222223
0 0.438671875 0.013194444444444444 0.01796875 0.02638888888888889
0 0.985546875 0.2638888888888889 0.02890625 0.16111111111111112
0 0.248828125 0.4979166666666667 0.0375 0.13194444444444445
0 0.98984375 0.125 0.0203125 0.12361111111111112
0 0.460546875 0.013888888888888888 0.015625 0.027777777777777776
0 0.59375 0.041666666666666664 0.01953125 0.06805555555555555
0 0.009765625 0.3013888888888889 0.01875 0.11388888888888889