0 0.60625 0.3659722222222222 0.065625 0.1361111111111111
0 0.481640625 0.2263888888888889 0.065625 0.1375
0 0.5859375 0.6944444444444444 0.090625 0.18472222222222223
0 0.268359375 0.2326388888888889 0.053125 0.10972222222222222
0 0.42421875 0.33958333333333335 0.065625 0.14027777777777778
0 0.36171875 0.12291666666666666 0.05234375 0.10694444444444444
0 0.6015625 0.24027777777777778 0.078125 0.16527777777777777
0 0.815234375 0.01875 0.07890625 0.0375
0 0.2703125 0.2916666666666667 0.0609375 0.12777777777777777
0 0.448828125 0.9569444444444445 0.10234375 0.08611111111111111
0 0.490625 0.05625 0.0609375 0.1125
0 0.37109375 0.8715277777777778 0.0796875 0.1625
0 0.564453125 0.9263888888888889 0.08359375 0.14722222222222223
0 0.329296875 0.15416666666666667 0.05 0.1
0 0.54921875 0.55 0.0953125 0.19583333333333333
0 0.3890625 0.5868055555555556 0.08671875 0.17916666666666667
0 0.3890625 0.08888888888888889 0.04609375 0.09861111111111111
0 0.309765625 0.18125 0.0515625 0.10555555555555556
0 0.02265625 0.6631944444444444 0.0453125 0.14027777777777778
0 0.948046875 0.15416666666666667 0.0859375 0.18611111111111112
0 0.0671875 0.55 0.0703125 0.14305555555555555
0 0.503515625 0.3451388888888889 0.05859375 0.12916666666666668
0 0.192578125 0.3368055555555556 0.0421875 0.09583333333333334
0 0.194921875 0.3277777777777778 0.0421875 0.09444444444444444
0 0.27109375 0.7902777777777777 0.0828125 0.17083333333333334
0 0.254296875 0.7229166666666667 0.03984375 0.0763888888888889
0 0.44921875 0.020833333333333332 0.040625 0.041666666666666664
0 0.2390625 0.8013888888888889 0.0703125 0.15
0 0.29453125 0.75 0.07109375 0.14722222222222223
0 0.44296875 0.029166666666666667 0.0375 0.058333333333333334