0 0.13671875 0.9319444444444445 0.053125 0.1361111111111111
0 0.03125 0.6770833333333334 0.05234375 0.15833333333333333
0 0.569140625 0.2833333333333333 0.03203125 0.12777777777777777
0 0.62265625 0.45416666666666666 0.0375 0.13055555555555556
0 0.298046875 0.8256944444444444 0.05078125 0.18333333333333332
0 0.501953125 0.04375 0.02890625 0.08472222222222223
0 0.976953125 0.5868055555555556 0.04609375 0.17083333333333334
0 0.971484375 0.19027777777777777 0.0328125 0.1111111111111111
0 0.36953125 0.13333333333333333 0.0296875 0.12638888888888888
0 0.818359375 0.1986111111111111 0.03125 0.13055555555555556
0 0.48671875 0.2611111111111111 0.0296875 0.125
0 0.501953125 0.6840277777777778 0.04296875 0.15138888888888888
0 0.930859375 0.31666666666666665 0.040625 0.14305555555555555
0 0.66875 0.4236111111111111 0.0359375 0.14305555555555555
0 0.28046875 0.6388888888888888 0.03984375 0.14166666666666666
0 0.518359375 0.5409722222222222 0.0453125 0.17222222222222222
0 0.376953125 0.5145833333333333 0.04609375 0.16805555555555557
0 0.625390625 0.13958333333333334 0.02890625 0.1111111111111111
0 0.534765625 0.04027777777777778 0.02109375 0.07777777777777778
0 0.38515625 0.075 0.025 0.10694444444444444
0 0.460546875 0.05555555555555555 0.02578125 0.10833333333333334
0 0.94453125 0.19375 0.03359375 0.10833333333333334
0 0.439453125 0.05694444444444444 0.025 0.1111111111111111
0 0.55078125 0.41041666666666665 0.025 0.13055555555555556
0 0.731640625 0.08333333333333333 0.02265625 0.12638888888888888
0 0.42421875 0.975 0.053125 0.05
0 0.123046875 0.1125 0.04296875 0.12916666666666668
0 0.045703125 0.16666666666666666 0.0328125 0.11527777777777778
0 0.83671875 0.01875 0.03125 0.0375
0 0.645703125 0.034722222222222224 0.0234375 0.06944444444444445
0 0.2734375 0.06527777777777778 0.0234375 0.09583333333333334
0 0.224609375 0.4486111111111111 0.02578125 0.0625
0 0.21875 0.5194444444444445 0.040625 0.1527777777777778
0 0.18984375 0.5013888888888889 0.034375 0.14722222222222223
0 0.603515625 0.03958333333333333 0.021875 0.07222222222222222
0 0.62109375 0.03263888888888889 0.02109375 0.06527777777777778
0 0.25078125 0.5097222222222222 0.03671875 0.13333333333333333