0 0.748046875 0.4708333333333333 0.0953125 0.18194444444444444
0 0.418359375 0.30625 0.06640625 0.13333333333333333
0 0.715625 0.1451388888888889 0.08203125 0.1625
0 0.771484375 0.25763888888888886 0.09296875 0.18472222222222223
0 0.31328125 0.41041666666666665 0.06640625 0.13472222222222222
0 0.691015625 0.6652777777777777 0.09921875 0.19583333333333333
0 0.07421875 0.49930555555555556 0.065625 0.125
0 0.921484375 0.11527777777777778 0.096875 0.18611111111111112
0 0.4359375 0.10694444444444444 0.0515625 0.10277777777777777
0 0.42265625 0.21458333333333332 0.07421875 0.1486111111111111
0 0.25546875 0.2375 0.04453125 0.08194444444444444
0 0.03359375 0.6951388888888889 0.06640625 0.13194444444444445
0 0.228125 0.9173611111111111 0.090625 0.16527777777777777
0 0.58046875 0.35555555555555557 0.07734375 0.15416666666666667
0 0.11875 0.4354166666666667 0.0578125 0.1111111111111111
0 0.487890625 0.09166666666666666 0.0671875 0.13194444444444445
0 0.299609375 0.5715277777777777 0.08671875 0.16805555555555557
0 0.42265625 0.7090277777777778 0.09375 0.18888888888888888
0 0.49453125 0.06527777777777778 0.0640625 0.13055555555555556
0 0.335546875 0.13472222222222222 0.040625 0.07777777777777778
0 0.296875 0.16666666666666666 0.03515625 0.059722222222222225
0 0.265234375 0.4930555555555556 0.0546875 0.10277777777777777
0 0.333984375 0.2388888888888889 0.06328125 0.12777777777777777
0 0.401171875 0.5263888888888889 0.07890625 0.15833333333333333
0 0.312890625 0.26458333333333334 0.0625 0.12777777777777777
0 0.35859375 0.20555555555555555 0.059375 0.11666666666666667
0 0.49453125 0.008333333333333333 0.0390625 0.016666666666666666
0 0.283203125 0.8305555555555556 0.08359375 0.16666666666666666
0 0.267578125 0.7569444444444444 0.034375 0.06527777777777778
0 0.257421875 0.8395833333333333 0.0796875 0.1597222222222222
0 0.05859375 0.4638888888888889 0.028125 0.043055555555555555
0 0.01796875 0.5131944444444444 0.025 0.0375
0 0.303515625 0.7861111111111111 0.0828125 0.15833333333333333