0 0.628125 0.4444444444444444 0.06015625 0.14444444444444443
0 0.5140625 0.20833333333333334 0.05234375 0.13472222222222222
0 0.41640625 0.08263888888888889 0.0484375 0.11944444444444445
0 0.5609375 0.7631944444444444 0.07421875 0.18194444444444444
0 0.387109375 0.9611111111111111 0.08046875 0.07777777777777778
0 0.451953125 0.33402777777777776 0.053125 0.14444444444444443
0 0.883203125 0.11597222222222223 0.07109375 0.1638888888888889
0 0.4453125 0.06388888888888888 0.03984375 0.10555555555555556
0 0.298828125 0.19166666666666668 0.04765625 0.13194444444444445
0 0.15 0.95625 0.0828125 0.0875
0 0.371875 0.08958333333333333 0.03828125 0.08472222222222223
0 0.717578125 0.030555555555555555 0.05390625 0.06111111111111111
0 0.55390625 0.5958333333333333 0.0765625 0.18611111111111112
0 0.624609375 0.25763888888888886 0.05859375 0.15138888888888888
0 0.30703125 0.14444444444444443 0.0390625 0.10138888888888889
0 0.504296875 0.9118055555555555 0.08203125 0.1763888888888889
0 0.352734375 0.10486111111111111 0.0390625 0.08888888888888889
0 0.376171875 0.5222222222222223 0.08359375 0.20972222222222223
0 0.23515625 0.21041666666666667 0.0421875 0.10138888888888889
0 0.3328125 0.8548611111111111 0.06953125 0.16805555555555557
0 0.01484375 0.46944444444444444 0.0296875 0.13333333333333333
0 0.554296875 0.050694444444444445 0.04921875 0.10138888888888889
0 0.51484375 0.32222222222222224 0.046875 0.13472222222222222
0 0.636328125 0.016666666666666666 0.04609375 0.03333333333333333
0 0.983984375 0.4 0.03203125 0.18333333333333332
0 0.391015625 0.06111111111111111 0.028125 0.05277777777777778
0 0.07265625 0.38472222222222224 0.0578125 0.1375
0 0.235546875 0.6138888888888889 0.03125 0.06944444444444445
0 0.23984375 0.6930555555555555 0.0703125 0.17083333333333334
0 0.515234375 0.015277777777777777 0.03671875 0.030555555555555555
0 0.2671875 0.6625 0.06328125 0.15138888888888888
0 0.207421875 0.6916666666666667 0.05703125 0.14722222222222223