0 0.702734375 0.23333333333333334 0.05546875 0.10416666666666667
0 0.430859375 0.4041666666666667 0.08046875 0.15138888888888888
0 0.618359375 0.2652777777777778 0.0671875 0.125
0 0.66171875 0.9784722222222222 0.09375 0.043055555555555555
0 0.7734375 0.40902777777777777 0.065625 0.12361111111111112
0 0.91953125 0.6298611111111111 0.07265625 0.13333333333333333
0 0.077734375 0.08194444444444444 0.09921875 0.1638888888888889
0 0.831640625 0.4548611111111111 0.06484375 0.12222222222222222
0 0.46328125 0.5770833333333333 0.08671875 0.1638888888888889
0 0.983984375 0.6986111111111111 0.03203125 0.12777777777777777
0 0.521875 0.15347222222222223 0.08203125 0.1527777777777778
0 0.978125 0.7708333333333334 0.04375 0.1361111111111111
0 0.486328125 0.7347222222222223 0.10390625 0.19722222222222222
0 0.9703125 0.6631944444444444 0.059375 0.12361111111111112
0 0.969921875 0.8215277777777777 0.06015625 0.14027777777777778
0 0.78046875 0.31527777777777777 0.03984375 0.07361111111111111
0 0.644140625 0.30069444444444443 0.05859375 0.10972222222222222
0 0.754296875 0.27847222222222223 0.0453125 0.08333333333333333
0 0.66875 0.3013888888888889 0.0484375 0.09166666666666666
0 0.6328125 0.11944444444444445 0.046875 0.08888888888888889
0 0.740234375 0.25972222222222224 0.03828125 0.07083333333333333
0 0.856640625 0.4270833333333333 0.0390625 0.07083333333333333
0 0.309375 0.21666666666666667 0.06953125 0.13055555555555556
0 0.266015625 0.1361111111111111 0.08125 0.1527777777777778
0 0.667578125 0.16527777777777777 0.05703125 0.10694444444444444
0 0.28046875 0.1875 0.08515625 0.1597222222222222
0 0.809765625 0.33819444444444446 0.028125 0.05
0 0.691015625 0.16458333333333333 0.03359375 0.06111111111111111
0 0.940625 0.6458333333333334 0.06796875 0.12777777777777777
0 0.66875 0.20555555555555555 0.0609375 0.11527777777777778
0 0.312109375 0.1451388888888889 0.03125 0.05694444444444444
0 0.86015625 0.43680555555555556 0.0453125 0.08194444444444444