0 0.675 0.8993055555555556 0.046875 0.16111111111111112
0 0.40390625 0.5541666666666667 0.03828125 0.14722222222222223
0 0.8125 0.7861111111111111 0.05 0.16805555555555557
0 0.499609375 0.16527777777777777 0.03515625 0.12222222222222222
0 0.501953125 0.5534722222222223 0.03828125 0.15694444444444444
0 0.669140625 0.13958333333333334 0.02890625 0.11944444444444445
0 0.8921875 0.12291666666666666 0.05234375 0.11944444444444445
0 0.96015625 0.5840277777777778 0.05 0.16666666666666666
0 0.53125 0.16666666666666666 0.028125 0.10833333333333334
0 0.96796875 0.08541666666666667 0.03046875 0.11666666666666667
0 0.561328125 0.08611111111111111 0.0265625 0.11527777777777778
0 0.6 0.7611111111111111 0.04609375 0.18333333333333332
0 0.9328125 0.09027777777777778 0.03359375 0.11805555555555555
0 0.105859375 0.24861111111111112 0.0453125 0.1388888888888889
0 0.675390625 0.02638888888888889 0.025 0.05277777777777778
0 0.730859375 0.08055555555555556 0.0203125 0.12222222222222222
0 0.03828125 0.1701388888888889 0.03515625 0.11527777777777778
0 0.778515625 0.9576388888888889 0.05 0.08472222222222223
0 0.97890625 0.15138888888888888 0.0421875 0.11944444444444445
0 0.387890625 0.23958333333333334 0.034375 0.15
0 0.644140625 0.034027777777777775 0.0203125 0.06805555555555555
0 0.610546875 0.03611111111111111 0.02421875 0.07222222222222222
0 0.018359375 0.6194444444444445 0.03671875 0.1763888888888889
0 0.553125 0.9631944444444445 0.059375 0.07361111111111111
0 0.755078125 0.03819444444444445 0.03125 0.0763888888888889
0 0.592578125 0.04097222222222222 0.01875 0.06666666666666667
0 0.551953125 0.16944444444444445 0.02109375 0.10694444444444444
0 0.987109375 0.20833333333333334 0.02578125 0.11944444444444445
0 0.51171875 0.05763888888888889 0.0375 0.11527777777777778
0 0.442578125 0.06041666666666667 0.0140625 0.0875
0 0.994140625 0.34097222222222223 0.01171875 0.0875
0 0.21796875 0.5194444444444445 0.0421875 0.15416666666666667
0 0.250390625 0.5145833333333333 0.0328125 0.125
0 0.18984375 0.4979166666666667 0.0375 0.15
0 0.5203125 0.020833333333333332 0.01953125 0.041666666666666664
0 0.01171875 0.34652777777777777 0.02265625 0.11944444444444445
0 0.375390625 0.009722222222222222 0.025 0.019444444444444445