0 0.580859375 0.7152777777777778 0.0453125 0.16527777777777777
0 0.497265625 0.30625 0.0328125 0.12916666666666668
0 0.836328125 0.7006944444444444 0.0484375 0.17777777777777778
0 0.64921875 0.7618055555555555 0.0515625 0.15555555555555556
0 0.928515625 0.2916666666666667 0.040625 0.1361111111111111
0 0.619140625 0.40555555555555556 0.0359375 0.13333333333333333
0 0.818359375 0.5361111111111111 0.040625 0.14027777777777778
0 0.405078125 0.35138888888888886 0.03125 0.1375
0 0.19453125 0.03888888888888889 0.03515625 0.075
0 0.89375 0.11041666666666666 0.0328125 0.1
0 0.9265625 0.20694444444444443 0.03515625 0.11805555555555555
0 0.9265625 0.5465277777777777 0.04765625 0.15416666666666667
0 0.58515625 0.16111111111111112 0.025 0.10138888888888889
0 0.3796875 0.17847222222222223 0.02578125 0.125
0 0.567578125 0.9479166666666666 0.03671875 0.10416666666666667
0 0.6140625 0.11319444444444444 0.02734375 0.1125
0 0.12734375 0.6625 0.0484375 0.18611111111111112
0 0.02421875 0.11597222222222223 0.034375 0.09166666666666666
0 0.53515625 0.23125 0.03828125 0.14305555555555555
0 0.978515625 0.28125 0.034375 0.1388888888888889
0 0.09375 0.8895833333333333 0.065625 0.16944444444444445
0 0.320703125 0.40694444444444444 0.04375 0.1486111111111111
0 0.85 0.09097222222222222 0.0234375 0.10138888888888889
0 0.72890625 0.1 0.021875 0.11944444444444445
0 0.058203125 0.16805555555555557 0.0328125 0.12222222222222222
0 0.36953125 0.48541666666666666 0.0421875 0.175
0 0.953125 0.019444444444444445 0.01953125 0.03888888888888889
0 0.455859375 0.11388888888888889 0.028125 0.11944444444444445
0 0.68125 0.044444444444444446 0.02265625 0.08888888888888889
0 0.716015625 0.04722222222222222 0.02265625 0.09444444444444444
0 0.87109375 0.08263888888888889 0.02421875 0.10694444444444444
0 0.63046875 0.10486111111111111 0.02734375 0.12083333333333333
0 0.428125 0.10833333333333334 0.02421875 0.11805555555555555
0 0.314453125 0.2986111111111111 0.03984375 0.1
0 0.5 0.07013888888888889 0.02265625 0.1125
0 0.48515625 0.06944444444444445 0.02421875 0.11666666666666667
0 0.237890625 0.03125 0.0265625 0.0625
0 0.146875 0.022222222222222223 0.025 0.044444444444444446
0 0.991796875 0.17152777777777778 0.01640625 0.11527777777777778
0 0.4 0.013194444444444444 0.02578125 0.02638888888888889
0 0.225390625 0.4701388888888889 0.02578125 0.06388888888888888
0 0.6640625 0.07430555555555556 0.0203125 0.06111111111111111
0 0.18984375 0.5180555555555556 0.0359375 0.14305555555555555
0 0.510546875 0.01875 0.025 0.0375
0 0.218359375 0.5361111111111111 0.04609375 0.1527777777777778
0 0.25234375 0.5243055555555556 0.040625 0.1361111111111111
0 0.137890625 0.02638888888888889 0.0265625 0.05