0 0.626171875 0.3 0.0453125 0.12083333333333333
0 0.5625 0.5472222222222223 0.0609375 0.16527777777777777
0 0.037890625 0.7 0.07578125 0.20555555555555555
0 0.94609375 0.5298611111111111 0.0625 0.1625
0 0.504296875 0.4236111111111111 0.05703125 0.15694444444444444
0 0.59375 0.8631944444444445 0.075 0.2013888888888889
0 0.942578125 0.37916666666666665 0.0484375 0.12361111111111112
0 0.434375 0.18888888888888888 0.0484375 0.13194444444444445
0 0.445703125 0.05277777777777778 0.03984375 0.10555555555555556
0 0.842578125 0.9381944444444444 0.08046875 0.12361111111111112
0 0.87109375 0.5652777777777778 0.06171875 0.1597222222222222
0 0.313671875 0.44305555555555554 0.06875 0.1763888888888889
0 0.04140625 0.4048611111111111 0.0828125 0.20416666666666666
0 0.553125 0.3506944444444444 0.059375 0.1625
0 0.650390625 0.3506944444444444 0.046875 0.13055555555555556
0 0.96875 0.6465277777777778 0.0625 0.16527777777777777
0 0.31796875 0.8118055555555556 0.08125 0.21805555555555556
0 0.507421875 0.725 0.053125 0.15694444444444444
0 0.780859375 0.21041666666666667 0.040625 0.1361111111111111
0 0.491015625 0.9208333333333333 0.06328125 0.15833333333333333
0 0.071484375 0.7694444444444445 0.06484375 0.10694444444444444
0 0.995703125 0.4798611111111111 0.00859375 0.12638888888888888
0 0.40703125 0.2659722222222222 0.05078125 0.1486111111111111
0 0.662109375 0.10972222222222222 0.0359375 0.1
0 0.333203125 0.32569444444444445 0.0515625 0.13055555555555556
0 0.54375 0.13194444444444445 0.0453125 0.1388888888888889
0 0.239453125 0.33125 0.03203125 0.06666666666666667
0 0.488671875 0.08263888888888889 0.0421875 0.12638888888888888
0 0.593359375 0.059722222222222225 0.03203125 0.07222222222222222
0 0.7140625 0.11875 0.0328125 0.075
0 0.9265625 0.3111111111111111 0.0421875 0.1111111111111111
0 0.122265625 0.01597222222222222 0.04765625 0.03194444444444444
0 0.515234375 0.10347222222222222 0.04296875 0.12777777777777777
0 0.223828125 0.4 0.0625 0.1638888888888889
0 0.19921875 0.36875 0.05390625 0.1527777777777778
0 0.994921875 0.2326388888888889 0.01015625 0.03194444444444444
0 0.717578125 0.14652777777777778 0.0296875 0.08055555555555556
0 0.69375 0.11180555555555556 0.03046875 0.0763888888888889
0 0.753515625 0.14305555555555555 0.03125 0.08472222222222223
0 0.25546875 0.4048611111111111 0.0546875 0.14027777777777778
0 0.6796875 0.1125 0.04375 0.09722222222222222
0 0.704296875 0.11666666666666667 0.03515625 0.08194444444444444
0 0.94375 0.3138888888888889 0.053125 0.125