0 0.691796875 0.5097222222222222 0.0734375 0.1486111111111111
0 0.639453125 0.1423611111111111 0.05703125 0.11527777777777778
0 0.186328125 0.6534722222222222 0.08203125 0.14722222222222223
0 0.40234375 0.8006944444444445 0.09921875 0.1986111111111111
0 0.85859375 0.5069444444444444 0.06640625 0.13472222222222222
0 0.894921875 0.8493055555555555 0.07734375 0.1527777777777778
0 0.315234375 0.7041666666666667 0.09609375 0.19305555555555556
0 0.650390625 0.3375 0.0640625 0.13055555555555556
0 0.478125 0.6701388888888888 0.0984375 0.1986111111111111
0 0.06328125 0.3368055555555556 0.103125 0.20555555555555555
0 0.538671875 0.35694444444444445 0.07265625 0.15
0 0.59609375 0.7 0.06953125 0.14027777777777778
0 0.53359375 0.03958333333333333 0.059375 0.07916666666666666
0 0.219921875 0.48680555555555555 0.08828125 0.17916666666666667
0 0.665234375 0.17916666666666667 0.04765625 0.09861111111111111
0 0.423046875 0.30486111111111114 0.09609375 0.19166666666666668
0 0.753125 0.31319444444444444 0.0640625 0.13055555555555556
0 0.5984375 0.05555555555555555 0.0453125 0.08611111111111111
0 0.8234375 0.39444444444444443 0.0578125 0.12361111111111112
0 0.497265625 0.011111111111111112 0.05390625 0.022222222222222223
0 0.59921875 0.3993055555555556 0.05703125 0.12083333333333333
0 0.975 0.7736111111111111 0.05 0.1361111111111111
0 0.558203125 0.024305555555555556 0.04453125 0.04861111111111111
0 0.963671875 0.7479166666666667 0.06328125 0.12638888888888888
0 0.615625 0.07569444444444444 0.04296875 0.08194444444444444
0 0.770703125 0.25972222222222224 0.0359375 0.06805555555555555
0 0.98671875 0.5291666666666667 0.0265625 0.06944444444444445
0 0.64453125 0.09444444444444444 0.03203125 0.05694444444444444
0 0.262109375 0.2326388888888889 0.084375 0.16805555555555557
0 0.73671875 0.22847222222222222 0.0421875 0.08333333333333333
0 0.29765625 0.18263888888888888 0.03828125 0.07222222222222222
0 0.243359375 0.18541666666666667 0.0703125 0.14444444444444443
0 0.29296875 0.25555555555555554 0.0765625 0.1527777777777778
0 0.720703125 0.22708333333333333 0.03359375 0.06388888888888888