0 0.65234375 0.8493055555555555 0.08125 0.17777777777777778
0 0.97578125 0.5208333333333334 0.0484375 0.14166666666666666
0 0.544921875 0.2708333333333333 0.053125 0.1361111111111111
0 0.7859375 0.6194444444444445 0.06640625 0.1638888888888889
0 0.765234375 0.7645833333333333 0.075 0.18611111111111112
0 0.932421875 0.4979166666666667 0.06484375 0.15
0 0.4375 0.17430555555555555 0.053125 0.1375
0 0.5328125 0.8604166666666667 0.08671875 0.225
0 0.962890625 0.4326388888888889 0.05 0.11388888888888889
0 0.944140625 0.3472222222222222 0.053125 0.13194444444444445
0 0.91484375 0.90625 0.08203125 0.18333333333333332
0 0.647265625 0.18611111111111112 0.04140625 0.10416666666666667
0 0.590234375 0.2263888888888889 0.059375 0.15
0 0.485546875 0.01597222222222222 0.03984375 0.03194444444444444
0 0.149609375 0.33819444444444446 0.07265625 0.18611111111111112
0 0.03359375 0.5465277777777777 0.0671875 0.2013888888888889
0 0.6125 0.5381944444444444 0.06328125 0.15555555555555556
0 0.683984375 0.25416666666666665 0.0546875 0.13194444444444445
0 0.354296875 0.24444444444444444 0.0734375 0.16527777777777777
0 0.359375 0.5027777777777778 0.075 0.19166666666666668
0 0.7 0.24861111111111112 0.05 0.1375
0 0.578125 0.05347222222222222 0.034375 0.075
0 0.558203125 0.027083333333333334 0.034375 0.05138888888888889
0 0.764453125 0.1909722222222222 0.03984375 0.10138888888888889
0 0.919921875 0.31319444444444444 0.03828125 0.1125
0 0.80703125 0.20277777777777778 0.03359375 0.07361111111111111
0 0.371875 0.15069444444444444 0.046875 0.1
0 0.52890625 0.10902777777777778 0.05 0.13194444444444445
0 0.432421875 0.36875 0.0625 0.1625
0 0.79375 0.2659722222222222 0.04296875 0.12777777777777777
0 0.50546875 0.09236111111111112 0.04921875 0.13194444444444445
0 0.558203125 0.12638888888888888 0.0484375 0.11666666666666667
0 0.739453125 0.20069444444444445 0.03203125 0.07777777777777778
0 0.224609375 0.36527777777777776 0.0671875 0.16944444444444445
0 0.250390625 0.30069444444444443 0.0296875 0.0625
0 0.205859375 0.3326388888888889 0.0640625 0.16111111111111112
0 0.901171875 0.3 0.0375 0.10277777777777777
0 0.256640625 0.37083333333333335 0.0703125 0.15555555555555556