0 0.5015625 0.14652777777777778 0.03125 0.11666666666666667
0 0.673046875 0.8416666666666667 0.04453125 0.1486111111111111
0 0.561328125 0.10486111111111111 0.02734375 0.11527777777777778
0 0.66484375 0.15486111111111112 0.0296875 0.11805555555555555
0 0.807421875 0.8423611111111111 0.04765625 0.17777777777777778
0 0.9578125 0.5513888888888889 0.05 0.1597222222222222
0 0.9078125 0.13472222222222222 0.04140625 0.12222222222222222
0 0.973828125 0.09722222222222222 0.0359375 0.1125
0 0.109765625 0.23541666666666666 0.04765625 0.14166666666666666
0 0.386328125 0.25625 0.0390625 0.14027777777777778
0 0.499609375 0.5159722222222223 0.03359375 0.15694444444444444
0 0.632421875 0.8104166666666667 0.0390625 0.175
0 0.758984375 0.044444444444444446 0.02421875 0.08611111111111111
0 0.9859375 0.1701388888888889 0.028125 0.12916666666666668
0 0.941015625 0.10277777777777777 0.03046875 0.12361111111111112
0 0.731640625 0.08194444444444444 0.02265625 0.12361111111111112
0 0.676953125 0.029166666666666667 0.02421875 0.058333333333333334
0 0.037890625 0.16944444444444445 0.034375 0.11388888888888889
0 0.53203125 0.1486111111111111 0.025 0.1
0 0.40703125 0.5902777777777778 0.040625 0.15694444444444444
0 0.551171875 0.9222222222222223 0.065625 0.15555555555555556
0 0.508203125 0.04722222222222222 0.02890625 0.09444444444444444
0 0.550390625 0.18611111111111112 0.0234375 0.10972222222222222
0 0.64453125 0.03333333333333333 0.0203125 0.06666666666666667
0 0.430859375 0.06527777777777778 0.015625 0.09444444444444444
0 0.610546875 0.03611111111111111 0.0234375 0.07222222222222222
0 0.989453125 0.3173611111111111 0.02109375 0.12083333333333333
0 0.3734375 0.0125 0.02265625 0.025
0 0.59296875 0.04583333333333333 0.01796875 0.06666666666666667
0 0.778515625 0.9833333333333333 0.05234375 0.03333333333333333
0 0.009375 0.31875 0.01796875 0.1361111111111111
0 0.251953125 0.5097222222222222 0.03515625 0.13055555555555556
0 0.2171875 0.5159722222222223 0.0421875 0.15833333333333333
0 0.190625 0.49583333333333335 0.0375 0.1486111111111111
0 0.228125 0.4513888888888889 0.01953125 0.05555555555555555
0 0.158984375 0.010416666666666666 0.034375 0.020833333333333332
0 0.017578125 0.5951388888888889 0.03515625 0.16944444444444445
0 0.521875 0.013194444444444444 0.01640625 0.02638888888888889
0 0.49453125 0.013888888888888888 0.01484375 0.027777777777777776
0 0.588671875 0.041666666666666664 0.01640625 0.06805555555555555