0 0.90390625 0.58125 0.08515625 0.20694444444444443
0 0.587109375 0.5659722222222222 0.06796875 0.17083333333333334
0 0.46953125 0.3638888888888889 0.05859375 0.14722222222222223
0 0.8640625 0.04652777777777778 0.0625 0.09305555555555556
0 0.52890625 0.15347222222222223 0.04296875 0.10972222222222222
0 0.89609375 0.09166666666666666 0.06875 0.16111111111111112
0 0.86171875 0.425 0.07109375 0.1736111111111111
0 0.652734375 0.7319444444444444 0.065625 0.16944444444444445
0 0.871484375 0.23541666666666666 0.06796875 0.16944444444444445
0 0.715234375 0.8493055555555555 0.06875 0.11805555555555555
0 0.494140625 0.26458333333333334 0.06328125 0.1638888888888889
0 0.60703125 0.8013888888888889 0.0640625 0.18055555555555555
0 0.59375 0.28194444444444444 0.05546875 0.1388888888888889
0 0.1734375 0.9340277777777778 0.08125 0.13194444444444445
0 0.46640625 0.9916666666666667 0.0609375 0.016666666666666666
0 0.321875 0.21666666666666667 0.046875 0.125
0 0.471484375 0.01597222222222222 0.04140625 0.03194444444444444
0 0.52734375 0.04861111111111111 0.0453125 0.09722222222222222
0 0.64375 0.02361111111111111 0.046875 0.04722222222222222
0 0.36171875 0.48055555555555557 0.06796875 0.18194444444444444
0 0.42734375 0.06805555555555555 0.03828125 0.10138888888888889
0 0.31953125 0.5493055555555556 0.090625 0.20416666666666666
0 0.366015625 0.3611111111111111 0.05234375 0.14305555555555555
0 0.933203125 0.06527777777777778 0.04296875 0.13055555555555556
0 0.539453125 0.0375 0.04765625 0.075
0 0.57421875 0.016666666666666666 0.04375 0.03333333333333333
0 0.390234375 0.15208333333333332 0.0515625 0.13333333333333333
0 0.409375 0.12222222222222222 0.0453125 0.12638888888888888
0 0.072265625 0.2673611111111111 0.0484375 0.08333333333333333
0 0.297265625 0.45555555555555555 0.053125 0.11388888888888889
0 0.16171875 0.2 0.03828125 0.058333333333333334
0 0.359375 0.16666666666666666 0.04453125 0.125
0 0.0234375 0.36944444444444446 0.046875 0.10555555555555556
0 0.05390625 0.8263888888888888 0.06484375 0.1763888888888889
0 0.2109375 0.6909722222222222 0.0578125 0.15694444444444444
0 0.0265625 0.4173611111111111 0.053125 0.1763888888888889
0 0.241015625 0.69375 0.06796875 0.16805555555555557
0 0.27421875 0.6743055555555556 0.0734375 0.16666666666666666
0 0.234765625 0.6208333333333333 0.03125 0.06805555555555555
0 0.191796875 0.1701388888888889 0.02578125 0.03194444444444444