0 0.4953125 0.36319444444444443 0.03515625 0.13472222222222222
0 0.590625 0.19930555555555557 0.02890625 0.10277777777777777
0 0.569140625 0.6041666666666666 0.04375 0.1638888888888889
0 0.6390625 0.9361111111111111 0.0546875 0.12777777777777777
0 0.93359375 0.2673611111111111 0.03671875 0.1375
0 0.588671875 0.8333333333333334 0.05390625 0.175
0 0.86171875 0.6680555555555555 0.04921875 0.1638888888888889
0 0.624609375 0.33402777777777776 0.03359375 0.125
0 0.54453125 0.8208333333333333 0.0359375 0.1527777777777778
0 0.9515625 0.35347222222222224 0.0421875 0.1375
0 0.8703125 0.8215277777777777 0.053125 0.17777777777777778
0 0.101953125 0.7770833333333333 0.05625 0.17777777777777778
0 0.371875 0.9638888888888889 0.05625 0.07222222222222222
0 0.89296875 0.4576388888888889 0.04921875 0.15694444444444444
0 0.316015625 0.35347222222222224 0.0328125 0.1
0 0.37421875 0.37777777777777777 0.0375 0.15
0 0.38515625 0.12291666666666666 0.02421875 0.11666666666666667
0 0.31875 0.4597222222222222 0.0515625 0.16527777777777777
0 0.53671875 0.28055555555555556 0.03828125 0.14583333333333334
0 0.51171875 0.04652777777777778 0.02265625 0.08472222222222223
0 0.112890625 0.9097222222222222 0.0578125 0.18055555555555555
0 0.2390625 0.01875 0.03046875 0.0375
0 0.73125 0.09027777777777778 0.02421875 0.12638888888888888
0 0.61015625 0.06736111111111111 0.02734375 0.10833333333333334
0 0.90546875 0.14930555555555555 0.0328125 0.12361111111111112
0 0.990234375 0.21388888888888888 0.01953125 0.1125
0 0.701171875 0.04861111111111111 0.0296875 0.09722222222222222
0 0.02265625 0.5541666666666667 0.0453125 0.18194444444444444
0 0.3984375 0.2826388888888889 0.02890625 0.13194444444444445
0 0.991015625 0.34097222222222223 0.01796875 0.12222222222222222
0 0.664453125 0.050694444444444445 0.02890625 0.10138888888888889
0 0.625390625 0.059027777777777776 0.0234375 0.11388888888888889
0 0.058984375 0.16041666666666668 0.0296875 0.1125
0 0.428125 0.10208333333333333 0.0234375 0.11805555555555555
0 0.88828125 0.09652777777777778 0.0265625 0.10277777777777777
0 0.48515625 0.10069444444444445 0.028125 0.12361111111111112
0 0.076953125 0.10138888888888889 0.03203125 0.09583333333333334
0 0.459765625 0.10694444444444444 0.03125 0.125
0 0.1328125 0.034027777777777775 0.0375 0.06666666666666667
0 0.191796875 0.5125 0.0328125 0.14583333333333334
0 0.9515625 0.014583333333333334 0.01953125 0.029166666666666667
0 0.226953125 0.4597222222222222 0.01953125 0.05277777777777778
0 0.573828125 0.015277777777777777 0.025 0.030555555555555555
0 0.21953125 0.5319444444444444 0.0421875 0.1486111111111111
0 0.252734375 0.5326388888888889 0.04609375 0.14444444444444443
0 0.87265625 0.10486111111111111 0.02265625 0.10555555555555556
0 0.27109375 0.008333333333333333 0.0234375 0.016666666666666666