0 0.57734375 0.7291666666666666 0.046875 0.16666666666666666
0 0.8234375 0.7083333333333334 0.05078125 0.18194444444444444
0 0.934375 0.58125 0.04609375 0.1625
0 0.81484375 0.5465277777777777 0.04375 0.15138888888888888
0 0.501171875 0.30277777777777776 0.034375 0.12916666666666668
0 0.028125 0.08958333333333333 0.040625 0.09444444444444444
0 0.62109375 0.41875 0.0375 0.13333333333333333
0 0.64609375 0.76875 0.0609375 0.1597222222222222
0 0.38515625 0.17430555555555555 0.03203125 0.125
0 0.623046875 0.1284722222222222 0.0296875 0.11944444444444445
0 0.199609375 0.029861111111111113 0.03984375 0.059722222222222225
0 0.901171875 0.1375 0.0359375 0.12222222222222222
0 0.930078125 0.31527777777777777 0.04296875 0.1388888888888889
0 0.408203125 0.34930555555555554 0.034375 0.1388888888888889
0 0.590234375 0.16041666666666668 0.02734375 0.1
0 0.125390625 0.6305555555555555 0.0515625 0.19027777777777777
0 0.558984375 0.9569444444444445 0.03984375 0.08611111111111111
0 0.98125 0.3055555555555556 0.03671875 0.1361111111111111
0 0.065234375 0.1423611111111111 0.034375 0.12361111111111112
0 0.321875 0.3888888888888889 0.04453125 0.14305555555555555
0 0.241015625 0.025 0.03671875 0.05
0 0.0828125 0.8541666666666666 0.06328125 0.19166666666666668
0 0.931640625 0.2326388888888889 0.03828125 0.13333333333333333
0 0.73671875 0.11388888888888889 0.02421875 0.12361111111111112
0 0.53984375 0.22916666666666666 0.03984375 0.14583333333333334
0 0.369140625 0.4840277777777778 0.04296875 0.1736111111111111
0 0.514453125 0.02013888888888889 0.03203125 0.04027777777777778
0 0.691015625 0.058333333333333334 0.02578125 0.09166666666666666
0 0.63984375 0.11458333333333333 0.0296875 0.12083333333333333
0 0.9625 0.04861111111111111 0.02109375 0.041666666666666664
0 0.319921875 0.2847222222222222 0.0375 0.09305555555555556
0 0.495703125 0.06527777777777778 0.0296875 0.11666666666666667
0 0.462109375 0.11319444444444444 0.0296875 0.12222222222222222
0 0.155078125 0.011805555555555555 0.02734375 0.02361111111111111
0 0.7265625 0.0625 0.028125 0.09583333333333334
0 0.994140625 0.19583333333333333 0.01171875 0.1111111111111111
0 0.875390625 0.10347222222222222 0.02734375 0.10694444444444444
0 0.5078125 0.07777777777777778 0.02421875 0.11666666666666667
0 0.225390625 0.4527777777777778 0.02734375 0.0625
0 0.436328125 0.10416666666666667 0.0296875 0.12222222222222222
0 0.85703125 0.10972222222222222 0.0234375 0.10277777777777777
0 0.409375 0.013888888888888888 0.0296875 0.027777777777777776
0 0.67265625 0.08472222222222223 0.02265625 0.06527777777777778
0 0.190234375 0.4979166666666667 0.03828125 0.14444444444444443
0 0.218359375 0.5194444444444445 0.0484375 0.15555555555555556
0 0.253125 0.5104166666666666 0.046875 0.1375