0 0.570703125 0.48541666666666666 0.04609375 0.1486111111111111
0 0.0390625 0.8604166666666667 0.06796875 0.12361111111111112
0 0.896875 0.9298611111111111 0.0671875 0.14027777777777778
0 0.4921875 0.45416666666666666 0.04453125 0.15138888888888888
0 0.86015625 0.42291666666666666 0.04609375 0.15
0 0.5296875 0.6659722222222222 0.03671875 0.14305555555555555
0 0.944921875 0.43125 0.04921875 0.15
0 0.04453125 0.5701388888888889 0.0640625 0.20277777777777778
0 0.751953125 0.1375 0.028125 0.12638888888888888
0 0.50859375 0.9451388888888889 0.0640625 0.10972222222222222
0 0.63671875 0.7583333333333333 0.05546875 0.1763888888888889
0 0.3578125 0.7958333333333333 0.07265625 0.2125
0 0.626171875 0.06180555555555556 0.0375 0.0875
0 0.403515625 0.05 0.03203125 0.1
0 0.6109375 0.2847222222222222 0.034375 0.1125
0 0.530859375 0.35694444444444445 0.04609375 0.1625
0 0.63671875 0.28958333333333336 0.03671875 0.125
0 0.40390625 0.18472222222222223 0.034375 0.12638888888888888
0 0.384375 0.2659722222222222 0.0390625 0.14444444444444443
0 0.300390625 0.5340277777777778 0.0515625 0.16111111111111112
0 0.5109375 0.14444444444444443 0.03046875 0.12916666666666668
0 0.451953125 0.08819444444444445 0.03125 0.12222222222222222
0 0.07734375 0.07569444444444444 0.03984375 0.125
0 0.993359375 0.35694444444444445 0.01328125 0.11388888888888889
0 0.70390625 0.08402777777777778 0.028125 0.1
0 0.22734375 0.4041666666666667 0.02890625 0.06527777777777778
0 0.480859375 0.09375 0.03671875 0.13055555555555556
0 0.08828125 0.9090277777777778 0.03984375 0.04027777777777778
0 0.3125 0.3958333333333333 0.0421875 0.11944444444444445
0 0.561328125 0.035416666666666666 0.0265625 0.05694444444444444
0 0.91328125 0.20208333333333334 0.03515625 0.10972222222222222
0 0.983984375 0.55625 0.03203125 0.15694444444444444
0 0.191015625 0.4534722222222222 0.04296875 0.14722222222222223
0 0.218359375 0.4756944444444444 0.05 0.15416666666666667
0 0.920703125 0.31180555555555556 0.0375 0.075
0 0.171875 0.03819444444444445 0.0453125 0.0763888888888889
0 0.97265625 0.09652777777777778 0.02265625 0.02638888888888889
0 0.676171875 0.050694444444444445 0.02734375 0.044444444444444446
0 0.25 0.46805555555555556 0.04296875 0.13472222222222222
0 0.926953125 0.2465277777777778 0.0421875 0.07083333333333333
0 0.936328125 0.20347222222222222 0.03671875 0.11527777777777778
0 0.65390625 0.06597222222222222 0.02578125 0.06388888888888888
0 0.926171875 0.20902777777777778 0.05078125 0.1388888888888889
0 0.5296875 0.013194444444444444 0.02109375 0.025
0 0.16640625 0.03611111111111111 0.05625 0.07222222222222222