0 0.484375 0.08194444444444444 0.04296875 0.10416666666666667
0 0.78046875 0.34652777777777777 0.07421875 0.175
0 0.689453125 0.7888888888888889 0.0890625 0.2125
0 0.73828125 0.2125 0.0671875 0.15833333333333333
0 0.441015625 0.2638888888888889 0.05546875 0.1361111111111111
0 0.297265625 0.15555555555555556 0.0421875 0.09166666666666666
0 0.076953125 0.35625 0.05234375 0.12222222222222222
0 0.780078125 0.54375 0.07734375 0.18194444444444444
0 0.3421875 0.35625 0.05546875 0.14027777777777778
0 0.971484375 0.33125 0.05703125 0.19305555555555556
0 0.542578125 0.11666666666666667 0.0515625 0.12638888888888888
0 0.458203125 0.17847222222222223 0.06328125 0.15
0 0.024609375 0.49930555555555556 0.04921875 0.13194444444444445
0 0.180859375 0.7673611111111112 0.078125 0.18472222222222223
0 0.41171875 0.7118055555555556 0.0859375 0.20972222222222223
0 0.23984375 0.6652777777777777 0.0375 0.07361111111111111
0 0.412890625 0.5229166666666667 0.0734375 0.1736111111111111
0 0.5546875 0.08819444444444445 0.0515625 0.13194444444444445
0 0.3515625 0.20347222222222222 0.04765625 0.12638888888888888
0 0.373046875 0.18194444444444444 0.0484375 0.125
0 0.2703125 0.38680555555555557 0.05234375 0.11388888888888889
0 0.6296875 0.018055555555555554 0.065625 0.03611111111111111
0 0.599609375 0.42083333333333334 0.0796875 0.18333333333333332
0 0.29296875 0.47430555555555554 0.07421875 0.16666666666666666
0 0.136328125 0.29583333333333334 0.05234375 0.12361111111111112
0 0.38515625 0.07916666666666666 0.0375 0.07777777777777778
0 0.810546875 0.018055555555555554 0.06328125 0.03611111111111111
0 0.326953125 0.1111111111111111 0.02734375 0.05277777777777778
0 0.220703125 0.73125 0.0609375 0.1527777777777778
0 0.250390625 0.7368055555555556 0.06875 0.16805555555555557
0 0.27890625 0.7006944444444444 0.06015625 0.14027777777777778
0 0.40234375 0.16319444444444445 0.0515625 0.12638888888888888
0 0.546484375 0.06388888888888888 0.03828125 0.08055555555555556
0 0.026171875 0.3326388888888889 0.02265625 0.041666666666666664
0 0.5625 0.01597222222222222 0.0296875 0.03194444444444444
0 0.1125 0.26180555555555557 0.03359375 0.043055555555555555
0 0.07890625 0.28125 0.02421875 0.027777777777777776
0 0.626171875 0.02013888888888889 0.05078125 0.04027777777777778