0 0.7203125 0.35833333333333334 0.0609375 0.14027777777777778
0 0.65625 0.22430555555555556 0.053125 0.12361111111111112
0 0.583203125 0.8409722222222222 0.071875 0.15416666666666667
0 0.597265625 0.16527777777777777 0.0578125 0.12777777777777777
0 0.5078125 0.46041666666666664 0.0671875 0.15833333333333333
0 0.3734375 0.5583333333333333 0.07734375 0.175
0 0.85390625 0.32430555555555557 0.05390625 0.12361111111111112
0 0.814453125 0.31180555555555556 0.05234375 0.12916666666666668
0 0.9 0.8604166666666667 0.0796875 0.16944444444444445
0 0.4515625 0.8659722222222223 0.10859375 0.24444444444444444
0 0.625 0.18680555555555556 0.046875 0.10972222222222222
0 0.771484375 0.23194444444444445 0.04375 0.09305555555555556
0 0.159765625 0.6881944444444444 0.0765625 0.14305555555555555
0 0.44765625 0.22083333333333333 0.08125 0.18472222222222223
0 0.56171875 0.9368055555555556 0.1078125 0.12638888888888888
0 0.61875 0.08819444444444445 0.04296875 0.08611111111111111
0 0.749609375 0.2013888888888889 0.034375 0.07361111111111111
0 0.61796875 0.2881944444444444 0.04921875 0.11805555555555555
0 0.97734375 0.55 0.0453125 0.15833333333333333
0 0.246484375 0.28958333333333336 0.0765625 0.16805555555555557
0 0.718359375 0.17569444444444443 0.03828125 0.08055555555555556
0 0.075390625 0.6361111111111111 0.0734375 0.11388888888888889
0 0.27890625 0.24097222222222223 0.040625 0.075
0 0.520703125 0.03958333333333333 0.04140625 0.07916666666666666
0 0.56953125 0.016666666666666666 0.0234375 0.03333333333333333
0 0.223046875 0.24861111111111112 0.065625 0.1527777777777778
0 0.27578125 0.2986111111111111 0.06640625 0.14444444444444443
0 0.589453125 0.035416666666666666 0.02109375 0.0375
0 0.7 0.1673611111111111 0.034375 0.0763888888888889
0 0.980078125 0.6840277777777778 0.03984375 0.15694444444444444