0 0.540234375 0.8222222222222222 0.08828125 0.15833333333333333
0 0.72265625 0.5 0.07265625 0.13055555555555556
0 0.3453125 0.8611111111111112 0.078125 0.1388888888888889
0 0.864453125 0.5416666666666666 0.0671875 0.12083333333333333
0 0.68671875 0.33541666666666664 0.0671875 0.12083333333333333
0 0.65625 0.2125 0.065625 0.11805555555555555
0 0.3453125 0.5354166666666667 0.09609375 0.1736111111111111
0 0.530078125 0.4263888888888889 0.078125 0.14166666666666666
0 0.84140625 0.9722222222222222 0.0859375 0.05555555555555555
0 0.676953125 0.2520833333333333 0.05546875 0.1
0 0.16328125 0.4895833333333333 0.10234375 0.18333333333333332
0 0.420703125 0.7652777777777777 0.11328125 0.20416666666666666
0 0.83203125 0.48194444444444445 0.0671875 0.12083333333333333
0 0.684375 0.15763888888888888 0.0421875 0.075
0 0.79609375 0.3840277777777778 0.0578125 0.10416666666666667
0 0.478125 0.225 0.09765625 0.1763888888888889
0 0.069921875 0.35208333333333336 0.0984375 0.1763888888888889
0 0.788671875 0.3458333333333333 0.04375 0.07777777777777778
0 0.632421875 0.3784722222222222 0.0640625 0.11527777777777778
0 0.9609375 0.8416666666666667 0.078125 0.15833333333333333
0 0.93984375 0.9201388888888888 0.0734375 0.13194444444444445
0 0.590625 0.020833333333333332 0.04375 0.041666666666666664
0 0.643359375 0.07430555555555556 0.0265625 0.04722222222222222
0 0.6578125 0.10416666666666667 0.0296875 0.05277777777777778
0 0.2921875 0.16666666666666666 0.08984375 0.1625
0 0.3296875 0.13472222222222222 0.04140625 0.07361111111111111
0 0.61328125 0.019444444444444445 0.0234375 0.03888888888888889
0 0.76015625 0.30486111111111114 0.05078125 0.09027777777777778
0 0.317578125 0.19652777777777777 0.07890625 0.14166666666666666
0 0.580078125 0.04236111111111111 0.05859375 0.08472222222222223
0 0.276171875 0.11805555555555555 0.08046875 0.14583333333333334
0 0.058984375 0.33819444444444446 0.08984375 0.16111111111111112
0 0.06015625 0.3729166666666667 0.07734375 0.1375
0 0.748828125 0.2902777777777778 0.046875 0.08333333333333333