0 0.85234375 0.3548611111111111 0.0375 0.14722222222222223
0 0.489453125 0.4652777777777778 0.03671875 0.1486111111111111
0 0.569140625 0.4722222222222222 0.0390625 0.1486111111111111
0 0.92890625 0.8902777777777777 0.05859375 0.18055555555555555
0 0.5359375 0.9541666666666667 0.06171875 0.09166666666666666
0 0.598828125 0.2701388888888889 0.0265625 0.10555555555555556
0 0.06171875 0.9527777777777777 0.0625 0.09444444444444444
0 0.940625 0.35347222222222224 0.04140625 0.14027777777777778
0 0.598828125 0.0375 0.034375 0.075
0 0.376953125 0.06111111111111111 0.02578125 0.1111111111111111
0 0.65234375 0.7256944444444444 0.04609375 0.17777777777777778
0 0.377734375 0.8 0.059375 0.19027777777777777
0 0.72890625 0.09236111111111112 0.02109375 0.12361111111111112
0 0.38515625 0.19722222222222222 0.02734375 0.12222222222222222
0 0.522265625 0.3597222222222222 0.0375 0.15138888888888888
0 0.3734375 0.27847222222222223 0.03046875 0.1388888888888889
0 0.3015625 0.5715277777777777 0.0421875 0.15138888888888888
0 0.490625 0.14791666666666667 0.02265625 0.12222222222222222
0 0.0546875 0.6680555555555555 0.053125 0.18472222222222223
0 0.539453125 0.6534722222222222 0.03125 0.15694444444444444
0 0.622265625 0.25555555555555554 0.02890625 0.11666666666666667
0 0.909375 0.20208333333333334 0.0390625 0.13055555555555556
0 0.05390625 0.15763888888888888 0.0328125 0.11666666666666667
0 0.428125 0.09513888888888888 0.0234375 0.11805555555555555
0 0.309375 0.44375 0.040625 0.13333333333333333
0 0.223046875 0.45555555555555555 0.025 0.059722222222222225
0 0.456640625 0.10138888888888889 0.028125 0.12361111111111112
0 0.677734375 0.04791666666666667 0.021875 0.09305555555555556
0 0.53515625 0.022916666666666665 0.02265625 0.04583333333333333
0 0.989453125 0.27361111111111114 0.02109375 0.13055555555555556
0 0.18984375 0.5097222222222222 0.03515625 0.1388888888888889
0 0.218359375 0.5277777777777778 0.040625 0.14583333333333334
0 0.9875 0.475 0.025 0.15138888888888888
0 0.646875 0.04513888888888889 0.028125 0.08888888888888889
0 0.991796875 0.01875 0.015625 0.0375
0 0.115625 0.9868055555555556 0.04140625 0.02638888888888889
0 0.94609375 0.011111111111111112 0.02109375 0.020833333333333332
0 0.248828125 0.5145833333333333 0.03359375 0.12777777777777777
0 0.9328125 0.9847222222222223 0.0609375 0.030555555555555555
0 0.15 0.09791666666666667 0.02890625 0.08055555555555556
0 0.896484375 0.12708333333333333 0.02421875 0.1
0 0.123046875 0.05138888888888889 0.021875 0.09861111111111111
0 0.0046875 0.8645833333333334 0.009375 0.1
0 0.50078125 0.011805555555555555 0.02109375 0.02361111111111111