0 0.9234375 0.7784722222222222 0.0796875 0.1625
0 0.515234375 0.70625 0.08359375 0.17222222222222222
0 0.6734375 0.31319444444444444 0.05234375 0.10694444444444444
0 0.545703125 0.35555555555555557 0.06796875 0.14166666666666666
0 0.942578125 0.6895833333333333 0.06796875 0.14027777777777778
0 0.756640625 0.9090277777777778 0.08828125 0.18194444444444444
0 0.520703125 0.8513888888888889 0.08359375 0.16944444444444445
0 0.046875 0.4583333333333333 0.09375 0.19444444444444445
0 0.112890625 0.3055555555555556 0.09921875 0.20416666666666666
0 0.8453125 0.9034722222222222 0.08046875 0.16944444444444445
0 0.4234375 0.8868055555555555 0.08125 0.17222222222222222
0 0.94921875 0.5805555555555556 0.06640625 0.1375
0 0.724609375 0.2722222222222222 0.0640625 0.12777777777777777
0 0.508984375 0.09305555555555556 0.059375 0.12916666666666668
0 0.81640625 0.3861111111111111 0.05859375 0.12638888888888888
0 0.604296875 0.3277777777777778 0.0734375 0.15555555555555556
0 0.64375 0.5131944444444444 0.0703125 0.14444444444444443
0 0.96640625 0.8069444444444445 0.0625 0.13194444444444445
0 0.410546875 0.3263888888888889 0.08515625 0.17916666666666667
0 0.3703125 0.2701388888888889 0.0875 0.17777777777777778
0 0.98984375 0.7201388888888889 0.0203125 0.10972222222222222
0 0.2359375 0.2152777777777778 0.07109375 0.15138888888888888
0 0.614453125 0.1326388888888889 0.059375 0.125
0 0.47734375 0.25972222222222224 0.0734375 0.15138888888888888
0 0.585546875 0.13472222222222222 0.06015625 0.12638888888888888
0 0.8140625 0.3263888888888889 0.05078125 0.10555555555555556
0 0.771875 0.2902777777777778 0.04453125 0.09166666666666666
0 0.942578125 0.5236111111111111 0.05625 0.11944444444444445
0 0.5609375 0.10069444444444445 0.05625 0.12222222222222222
0 0.64140625 0.13472222222222222 0.05078125 0.10833333333333334
0 0.78671875 0.28888888888888886 0.0453125 0.09444444444444444
0 0.401953125 0.1701388888888889 0.06328125 0.11944444444444445
0 0.280078125 0.2048611111111111 0.040625 0.0763888888888889
0 0.9203125 0.5097222222222222 0.03828125 0.08055555555555556
0 0.28515625 0.2791666666666667 0.07421875 0.1486111111111111
0 0.25390625 0.25972222222222224 0.08203125 0.16805555555555557
0 0.927734375 0.5111111111111111 0.04609375 0.10138888888888889
0 0.68359375 0.13472222222222222 0.03828125 0.059722222222222225
0 0.76875 0.27708333333333335 0.03125 0.0625
0 0.74609375 0.25416666666666665 0.04296875 0.08333333333333333
0 0.067578125 0.0798611111111111 0.05625 0.13194444444444445