0 0.55390625 0.059722222222222225 0.059375 0.11944444444444445
0 0.409765625 0.2 0.06328125 0.1361111111111111
0 0.923828125 0.1673611111111111 0.08125 0.16805555555555557
0 0.4328125 0.6409722222222223 0.07421875 0.16666666666666666
0 0.85859375 0.5256944444444445 0.090625 0.20694444444444443
0 0.5109375 0.5291666666666667 0.071875 0.16527777777777777
0 0.4453125 0.08611111111111111 0.05234375 0.11944444444444445
0 0.75546875 0.6902777777777778 0.08359375 0.18055555555555555
0 0.4375 0.16944444444444445 0.04921875 0.1111111111111111
0 0.672265625 0.6597222222222222 0.10234375 0.22916666666666666
0 0.017578125 0.5930555555555556 0.03515625 0.13055555555555556
0 0.08359375 0.5993055555555555 0.07890625 0.16666666666666666
0 0.658984375 0.8513888888888889 0.0875 0.15416666666666667
0 0.3328125 0.3680555555555556 0.071875 0.16527777777777777
0 0.475 0.019444444444444445 0.040625 0.03888888888888889
0 0.458984375 0.16875 0.046875 0.10972222222222222
0 0.1078125 0.9548611111111112 0.0828125 0.09027777777777778
0 0.390625 0.1 0.0546875 0.12083333333333333
0 0.461328125 0.029861111111111113 0.03515625 0.059722222222222225
0 0.8703125 0.6881944444444444 0.05703125 0.08472222222222223
0 0.283203125 0.7201388888888889 0.0625 0.1388888888888889
0 0.331640625 0.16458333333333333 0.04375 0.10138888888888889
0 0.025390625 0.7597222222222222 0.05078125 0.13055555555555556
0 0.256640625 0.7520833333333333 0.078125 0.17083333333333334
0 0.22421875 0.7555555555555555 0.07578125 0.16944444444444445
0 0.391015625 0.05763888888888889 0.0265625 0.04861111111111111
0 0.260546875 0.1736111111111111 0.025 0.03888888888888889
0 0.45625 0.029861111111111113 0.034375 0.059722222222222225
0 0.369140625 0.07777777777777778 0.02421875 0.04583333333333333
0 0.326171875 0.16944444444444445 0.0390625 0.09583333333333334
0 0.07578125 0.3472222222222222 0.03125 0.043055555555555555
0 0.246484375 0.6840277777777778 0.0296875 0.058333333333333334