0 0.67421875 0.27361111111111114 0.059375 0.12083333333333333
0 0.162890625 0.5951388888888889 0.0890625 0.1736111111111111
0 0.72578125 0.42916666666666664 0.065625 0.1361111111111111
0 0.565234375 0.8256944444444444 0.078125 0.15555555555555556
0 0.628125 0.18194444444444444 0.0609375 0.12361111111111112
0 0.36171875 0.5506944444444445 0.08515625 0.17222222222222222
0 0.46796875 0.22083333333333333 0.0765625 0.15555555555555556
0 0.86484375 0.42569444444444443 0.0609375 0.12361111111111112
0 0.8796875 0.9263888888888889 0.0859375 0.14722222222222223
0 0.533203125 0.9756944444444444 0.09765625 0.04861111111111111
0 0.8265625 0.3861111111111111 0.05703125 0.12222222222222222
0 0.65234375 0.20972222222222223 0.053125 0.10972222222222222
0 0.437890625 0.8201388888888889 0.11484375 0.23194444444444445
0 0.651171875 0.1125 0.04296875 0.0763888888888889
0 0.786328125 0.30277777777777776 0.05234375 0.10277777777777777
0 0.06171875 0.4986111111111111 0.08515625 0.15138888888888888
0 0.370703125 0.9118055555555555 0.0671875 0.10972222222222222
0 0.51953125 0.4409722222222222 0.07109375 0.14722222222222223
0 0.77109375 0.2652777777777778 0.03828125 0.07361111111111111
0 0.971875 0.6930555555555555 0.05625 0.16666666666666666
0 0.62734375 0.32916666666666666 0.05390625 0.11388888888888889
0 0.966796875 0.8069444444444445 0.06640625 0.1361111111111111
0 0.98359375 0.7034722222222223 0.0328125 0.1486111111111111
0 0.741796875 0.23194444444444445 0.04140625 0.07916666666666666
0 0.265625 0.22708333333333333 0.0875 0.1736111111111111
0 0.994921875 0.6618055555555555 0.01015625 0.09583333333333334
0 0.301171875 0.18611111111111112 0.0390625 0.07361111111111111
0 0.6234375 0.06458333333333334 0.025 0.04583333333333333
0 0.605859375 0.03819444444444445 0.02265625 0.03888888888888889
0 0.24609375 0.1840277777777778 0.07421875 0.1527777777777778
0 0.29609375 0.24791666666666667 0.0765625 0.15138888888888888
0 0.724609375 0.22291666666666668 0.03515625 0.06944444444444445
0 0.57109375 0.004166666666666667 0.0203125 0.008333333333333333
0 0.548046875 0.034722222222222224 0.05078125 0.06944444444444445