0 0.526953125 0.3659722222222222 0.0796875 0.15416666666666667
0 0.495703125 0.5194444444444445 0.0828125 0.15833333333333333
0 0.401171875 0.03333333333333333 0.03828125 0.06666666666666667
0 0.383984375 0.8208333333333333 0.0890625 0.16805555555555557
0 0.333984375 0.7131944444444445 0.06953125 0.13194444444444445
0 0.470703125 0.40555555555555556 0.0859375 0.16527777777777777
0 0.484375 0.81875 0.1140625 0.21666666666666667
0 0.37734375 0.25416666666666665 0.06484375 0.12638888888888888
0 0.699609375 0.02638888888888889 0.08046875 0.05277777777777778
0 0.2921875 0.36736111111111114 0.06015625 0.11666666666666667
0 0.29921875 0.26180555555555557 0.06171875 0.11944444444444445
0 0.512890625 0.23333333333333334 0.06015625 0.11666666666666667
0 0.674609375 0.4354166666666667 0.09765625 0.1875
0 0.3234375 0.23333333333333334 0.06484375 0.125
0 0.30703125 0.44513888888888886 0.071875 0.14027777777777778
0 0.03125 0.7375 0.0625 0.12777777777777777
0 0.56640625 0.51875 0.0765625 0.15
0 0.24375 0.28402777777777777 0.0484375 0.09305555555555556
0 0.051953125 0.5736111111111111 0.065625 0.12361111111111112
0 0.09921875 0.5326388888888889 0.0546875 0.10555555555555556
0 0.262109375 0.8548611111111111 0.07578125 0.14722222222222223
0 0.48828125 0.14583333333333334 0.0546875 0.10277777777777777
0 0.3109375 0.7923611111111111 0.0703125 0.1361111111111111
0 0.29296875 0.8347222222222223 0.084375 0.16111111111111112
0 0.26875 0.7770833333333333 0.04140625 0.075
0 0.361328125 0.07569444444444444 0.02265625 0.041666666666666664
0 0.41796875 0.021527777777777778 0.0375 0.043055555555555555
0 0.444921875 0.020833333333333332 0.05234375 0.041666666666666664
0 0.33046875 0.12291666666666666 0.02734375 0.04861111111111111
0 0.344140625 0.1 0.02265625 0.04027777777777778