0 0.5234375 0.2212962962962963 0.025520833333333333 0.053703703703703705
0 0.46875 0.26990740740740743 0.0234375 0.04537037037037037
0 0.5171875 0.4981481481481482 0.033854166666666664 0.053703703703703705
0 0.5557291666666667 0.6203703703703703 0.03125 0.05185185185185185
0 0.7283854166666667 0.5398148148148149 0.028645833333333332 0.058333333333333334
0 0.5981770833333333 0.6240740740740741 0.030208333333333334 0.05277777777777778
0 0.17630208333333333 0.9120370370370371 0.043229166666666666 0.06944444444444445
0 0.5455729166666666 0.7462962962962963 0.0234375 0.05
0 0.50390625 0.7717592592592593 0.026041666666666668 0.049074074074074076
0 0.58125 0.7277777777777777 0.028125 0.05092592592592592
0 0.5984375 0.7384259259259259 0.025520833333333333 0.05648148148148148