0 0.5174479166666667 0.3902777777777778 0.0203125 0.04722222222222222
0 0.5473958333333333 0.4134259259259259 0.022395833333333334 0.044444444444444446
0 0.5893229166666667 0.4476851851851852 0.0296875 0.058333333333333334
0 0.52890625 0.5328703703703703 0.022395833333333334 0.044444444444444446
0 0.5700520833333333 0.6148148148148148 0.021875 0.040740740740740744
0 0.5106770833333333 0.6402777777777777 0.028125 0.05462962962962963
0 0.4765625 0.6189814814814815 0.024479166666666666 0.044444444444444446
0 0.4315104166666667 0.600925925925926 0.030729166666666665 0.06388888888888888
0 0.5244791666666667 0.6666666666666666 0.027604166666666666 0.05277777777777778
0 0.6625 0.788425925925926 0.0359375 0.06759259259259259
0 0.10286458333333333 0.45555555555555555 0.04479166666666667 0.07685185185185185