0 0.6481770833333333 0.29074074074074074 0.030729166666666665 0.058333333333333334
0 0.5979166666666667 0.24814814814814815 0.020833333333333332 0.03981481481481482
0 0.4942708333333333 0.5726851851851852 0.029166666666666667 0.05185185185185185
0 0.6333333333333333 0.8291666666666667 0.034375 0.062037037037037036
0 0.46536458333333336 0.6939814814814815 0.027604166666666666 0.05092592592592592
0 0.10807291666666667 0.3611111111111111 0.046875 0.08148148148148149
0 0.4908854166666667 0.7615740740740741 0.0296875 0.05740740740740741
0 0.3734375 0.7384259259259259 0.03125 0.06018518518518518
0 0.409375 0.7768518518518519 0.030729166666666665 0.06111111111111111
0 0.4361979166666667 0.8115740740740741 0.030208333333333334 0.06388888888888888
0 0.446875 0.8435185185185186 0.033854166666666664 0.07222222222222222