0 0.628125 0.22685185185185186 0.029166666666666667 0.06296296296296296
0 0.5755208333333334 0.20092592592592592 0.0234375 0.049074074074074076
0 0.4973958333333333 0.5921296296296297 0.026041666666666668 0.05092592592592592
0 0.6669270833333333 0.7759259259259259 0.027604166666666666 0.04814814814814815
0 0.48151041666666666 0.7208333333333333 0.022916666666666665 0.06018518518518518
0 0.096875 0.5023148148148148 0.0453125 0.06851851851851852
0 0.5114583333333333 0.7805555555555556 0.023958333333333335 0.049074074074074076
0 0.4359375 0.8175925925925925 0.019270833333333334 0.046296296296296294
0 0.39817708333333335 0.799537037037037 0.028645833333333332 0.06018518518518518
0 0.46432291666666664 0.8495370370370371 0.027083333333333334 0.05925925925925926
0 0.48046875 0.8759259259259259 0.029166666666666667 0.06296296296296296