0 0.61796875 0.42083333333333334 0.034375 0.06388888888888888
0 0.5638020833333334 0.35324074074074074 0.0296875 0.053703703703703705
0 0.5346354166666667 0.4935185185185185 0.030208333333333334 0.05185185185185185
0 0.49713541666666666 0.6013888888888889 0.028645833333333332 0.05462962962962963
0 0.5158854166666667 0.6819444444444445 0.022395833333333334 0.03981481481481482
0 0.6109375 0.8555555555555555 0.034375 0.062037037037037036
0 0.3953125 0.6138888888888889 0.028645833333333332 0.053703703703703705
0 0.4309895833333333 0.6615740740740741 0.036458333333333336 0.06759259259259259
0 0.46119791666666665 0.7032407407407407 0.0328125 0.06018518518518518
0 0.128125 0.26481481481481484 0.0421875 0.07222222222222222
0 0.46770833333333334 0.7337962962962963 0.03333333333333333 0.06388888888888888