0 0.42734375 0.08548009367681499 0.1171875 0.17096018735362997
0 0.478125 0.1721311475409836 0.1265625 0.18969555035128804
0 0.7578125 0.6252927400468384 0.1234375 0.18501170960187355
0 0.31953125 0.43911007025761123 0.121875 0.18266978922716628
0 0.7125 0.9718969555035128 0.115625 0.05620608899297424
0 0.65 0.914519906323185 0.15 0.17096018735362997
0 0.50625 0.7423887587822015 0.0921875 0.13817330210772832
0 0.36875 0.7810304449648712 0.1421875 0.21311475409836064
0 0.1515625 0.47306791569086654 0.1921875 0.28805620608899296
0 0.83203125 0.47892271662763464 0.1375 0.20608899297423888
0 0.5109375 0.05620608899297424 0.103125 0.11241217798594848