0 0.2634228187919463 0.5059523809523809 0.06375838926174497 0.1488095238095238
0 0.1325503355704698 0.5997023809523809 0.05704697986577181 0.11904761904761904
0 0.7080536912751678 0.28720238095238093 0.07718120805369127 0.15476190476190477
0 0.20973154362416108 0.6324404761904762 0.0587248322147651 0.13392857142857142
0 0.1552013422818792 0.6979166666666666 0.06543624161073826 0.15178571428571427
0 0.5209731543624161 0.026785714285714284 0.04865771812080537 0.05357142857142857
0 0.01761744966442953 0.35119047619047616 0.03523489932885906 0.11904761904761904
0 0.09983221476510067 0.7723214285714286 0.06711409395973154 0.13095238095238096
0 0.30033557046979864 0.6815476190476191 0.053691275167785234 0.125
0 0.30453020134228187 0.7232142857142857 0.05536912751677853 0.11607142857142858
0 0.5922818791946308 0.5520833333333334 0.05201342281879195 0.10119047619047619
0 0.5880872483221476 0.6235119047619048 0.0587248322147651 0.13095238095238096
0 0.6124161073825504 0.6220238095238095 0.05536912751677853 0.12202380952380952
0 0.22483221476510068 0.8913690476190477 0.0738255033557047 0.1488095238095238
0 0.5721476510067114 0.6815476190476191 0.05201342281879195 0.12797619047619047
0 0.8187919463087249 0.5476190476190477 0.06711409395973154 0.12202380952380952
0 0.348993288590604 0.15327380952380953 0.053691275167785234 0.11607142857142858
0 0.8171140939597316 0.6220238095238095 0.05201342281879195 0.13095238095238096
0 0.3464765100671141 0.9404761904761905 0.0587248322147651 0.11904761904761904
0 0.34312080536912754 0.9776785714285714 0.07550335570469799 0.044642857142857144
0 0.016778523489932886 0.40773809523809523 0.03355704697986577 0.13690476190476192
0 0.4429530201342282 0.9851190476190477 0.053691275167785234 0.02976190476190476
0 0.348993288590604 0.19196428571428573 0.050335570469798654 0.125
0 0.21476510067114093 0.30505952380952384 0.06711409395973154 0.13988095238095238
0 0.43456375838926176 0.1875 0.0587248322147651 0.13392857142857142
0 0.6963087248322147 0.044642857142857144 0.06375838926174497 0.08928571428571429
0 0.3296979865771812 0.2976190476190476 0.07046979865771812 0.1488095238095238
0 0.44546979865771813 0.21875 0.06208053691275168 0.15476190476190477
0 0.5528523489932886 0.15327380952380953 0.06208053691275168 0.13988095238095238
0 0.6040268456375839 0.125 0.06040268456375839 0.13392857142857142
0 0.6870805369127517 0.09226190476190477 0.06543624161073826 0.14583333333333334
0 0.24916107382550334 0.43005952380952384 0.05536912751677853 0.12202380952380952
0 0.6199664429530202 0.19940476190476192 0.06543624161073826 0.15476190476190477