0 0.9228187919463087 0.046130952380952384 0.0436241610738255 0.09226190476190477
0 0.9135906040268457 0.07589285714285714 0.05536912751677853 0.15178571428571427
0 0.1401006711409396 0.5773809523809523 0.07046979865771812 0.15178571428571427
0 0.40184563758389263 0.42410714285714285 0.07718120805369127 0.14285714285714285
0 0.5109060402684564 0.3943452380952381 0.05536912751677853 0.1130952380952381
0 0.48070469798657717 0.4523809523809524 0.05536912751677853 0.1130952380952381
0 0.2080536912751678 0.6339285714285714 0.06208053691275168 0.14583333333333334
0 0.5310402684563759 0.4851190476190476 0.04697986577181208 0.11904761904761904
0 0.4941275167785235 0.5357142857142857 0.050335570469798654 0.11904761904761904
0 0.3070469798657718 0.7008928571428571 0.050335570469798654 0.11607142857142858
0 0.8070469798657718 0.37797619047619047 0.05704697986577181 0.12797619047619047
0 0.29697986577181207 0.7157738095238095 0.0436241610738255 0.10119047619047619
0 0.30453020134228187 0.7872023809523809 0.050335570469798654 0.10416666666666667
0 0.5763422818791947 0.625 0.06040268456375839 0.11607142857142858
0 0.677013422818792 0.6086309523809523 0.06543624161073826 0.15178571428571427
0 0.5629194630872483 0.7098214285714286 0.06040268456375839 0.13690476190476192
0 0.3288590604026846 0.8883928571428571 0.08221476510067115 0.13988095238095238
0 0.35570469798657717 0.15029761904761904 0.04697986577181208 0.10416666666666667
0 0.9261744966442953 0.6101190476190477 0.05704697986577181 0.15476190476190477
0 0.35318791946308725 0.17559523809523808 0.050335570469798654 0.09821428571428571
0 0.4077181208053691 0.15922619047619047 0.06040268456375839 0.13690476190476192
0 0.16946308724832215 0.3645833333333333 0.025167785234899327 0.06547619047619048
0 0.5671140939597316 0.13690476190476192 0.06543624161073826 0.13988095238095238
0 0.19379194630872484 0.39732142857142855 0.06208053691275168 0.13690476190476192
0 0.015100671140939598 0.5386904761904762 0.030201342281879196 0.13690476190476192
0 0.10067114093959731 0.5014880952380952 0.050335570469798654 0.11011904761904762
0 0.5268456375838926 0.23214285714285715 0.06040268456375839 0.16071428571428573
0 0.5679530201342282 0.20833333333333334 0.06375838926174497 0.15773809523809523