0 0.12583892617449666 0.6398809523809523 0.03859060402684564 0.05952380952380952
0 0.5461409395973155 0.39880952380952384 0.03859060402684564 0.07738095238095238
0 0.21895973154362416 0.6116071428571429 0.03523489932885906 0.050595238095238096
0 0.2860738255033557 0.7008928571428571 0.028523489932885907 0.041666666666666664
0 0.28439597315436244 0.7291666666666666 0.03523489932885906 0.05357142857142857
0 0.22986577181208054 0.7872023809523809 0.03859060402684564 0.0625
0 0.2609060402684564 0.8571428571428571 0.03691275167785235 0.05654761904761905
0 0.33976510067114096 0.8422619047619048 0.031879194630872486 0.05357142857142857
0 0.7776845637583892 0.6116071428571429 0.0436241610738255 0.07142857142857142
0 0.6417785234899329 0.7023809523809523 0.040268456375838924 0.07738095238095238
0 0.3884228187919463 0.8988095238095238 0.03355704697986577 0.06547619047619048
0 0.8489932885906041 0.6443452380952381 0.03859060402684564 0.06547619047619048
0 0.24580536912751677 0.4270833333333333 0.0436241610738255 0.07738095238095238