0 0.10654362416107382 0.18601190476190477 0.04697986577181208 0.08928571428571429
0 0.9077181208053692 0.43898809523809523 0.050335570469798654 0.13095238095238096
0 0.5486577181208053 0.3705357142857143 0.05201342281879195 0.11011904761904762
0 0.08221476510067115 0.26785714285714285 0.06543624161073826 0.15476190476190477
0 0.21140939597315436 0.3601190476190476 0.05536912751677853 0.14583333333333334
0 0.5125838926174496 0.4479166666666667 0.04194630872483222 0.08928571428571429
0 0.5419463087248322 0.4568452380952381 0.050335570469798654 0.11607142857142858
0 0.5293624161073825 0.5357142857142857 0.0436241610738255 0.13392857142857142
0 0.5 0.5461309523809523 0.040268456375838924 0.10714285714285714
0 0.2835570469798658 0.5014880952380952 0.04530201342281879 0.11904761904761904
0 0.2651006711409396 0.53125 0.04865771812080537 0.13095238095238096
0 0.16275167785234898 0.5282738095238095 0.05201342281879195 0.11904761904761904
0 0.26593959731543626 0.03273809523809524 0.07214765100671142 0.06547619047619048
0 0.4798657718120805 0.6517857142857143 0.0587248322147651 0.14583333333333334
0 0.9681208053691275 0.7991071428571429 0.02348993288590604 0.07142857142857142
0 0.14848993288590603 0.5848214285714286 0.06208053691275168 0.13690476190476192
0 0.4303691275167785 0.6845238095238095 0.05201342281879195 0.12202380952380952
0 0.7684563758389261 0.8095238095238095 0.05536912751677853 0.13392857142857142
0 0.473993288590604 0.0625 0.03691275167785235 0.11011904761904762
0 0.9580536912751678 0.8883928571428571 0.03355704697986577 0.13095238095238096
0 0.401006711409396 0.7514880952380952 0.05536912751677853 0.11011904761904762
0 0.09983221476510067 0.6770833333333334 0.09060402684563758 0.12202380952380952
0 0.09144295302013423 0.8258928571428571 0.050335570469798654 0.1130952380952381
0 0.45302013422818793 0.09523809523809523 0.040268456375838924 0.125
0 0.8791946308724832 0.22767857142857142 0.053691275167785234 0.13988095238095238
0 0.44211409395973156 0.13541666666666666 0.040268456375838924 0.12202380952380952
0 0.6711409395973155 0.23214285714285715 0.04530201342281879 0.09821428571428571
0 0.25671140939597314 0.12648809523809523 0.04530201342281879 0.11607142857142858
0 0.6409395973154363 0.25595238095238093 0.04697986577181208 0.12797619047619047
0 0.34815436241610737 0.17857142857142858 0.0587248322147651 0.1636904761904762
0 0.12751677852348994 0.12202380952380952 0.06543624161073826 0.125
0 0.9437919463087249 0.38392857142857145 0.050335570469798654 0.12202380952380952
0 0.674496644295302 0.3273809523809524 0.06543624161073826 0.14285714285714285