0 0.8565436241610739 0.7604166666666666 0.0738255033557047 0.13988095238095238
0 0.5989932885906041 0.46130952380952384 0.08389261744966443 0.15178571428571427
0 0.28187919463087246 0.12648809523809523 0.0738255033557047 0.13988095238095238
0 0.5570469798657718 0.5104166666666666 0.06375838926174497 0.11904761904761904
0 0.5218120805369127 0.48660714285714285 0.06208053691275168 0.11607142857142858
0 0.13171140939597314 0.03273809523809524 0.07214765100671142 0.06547619047619048
0 0.5184563758389261 0.5625 0.0738255033557047 0.13988095238095238
0 0.4823825503355705 0.5446428571428571 0.05704697986577181 0.11011904761904762
0 0.3062080536912752 0.32142857142857145 0.06543624161073826 0.125
0 0.28691275167785235 0.3169642857142857 0.0587248322147651 0.1130952380952381
0 0.16610738255033558 0.19196428571428573 0.07550335570469799 0.13690476190476192
0 0.4052013422818792 0.5476190476190477 0.087248322147651 0.15476190476190477
0 0.14093959731543623 0.21428571428571427 0.07046979865771812 0.125
0 0.5922818791946308 0.08482142857142858 0.05536912751677853 0.10416666666666667
0 0.35822147651006714 0.5967261904761905 0.07550335570469799 0.13392857142857142
0 0.6266778523489933 0.9776785714285714 0.07885906040268456 0.044642857142857144
0 0.05956375838926174 0.2708333333333333 0.08221476510067115 0.1488095238095238
0 0.3145973154362416 0.6309523809523809 0.09060402684563758 0.16964285714285715
0 0.04278523489932886 0.40476190476190477 0.07214765100671142 0.13095238095238096
0 0.875 0.5163690476190477 0.07046979865771812 0.13690476190476192
0 0.5746644295302014 0.1130952380952381 0.0587248322147651 0.11011904761904762
0 0.5293624161073825 0.09672619047619048 0.07885906040268456 0.15178571428571427
0 0.49161073825503354 0.07291666666666667 0.03859060402684564 0.07142857142857142
0 0.41359060402684567 0.02976190476190476 0.06879194630872483 0.05952380952380952
0 0.7181208053691275 0.4226190476190476 0.06543624161073826 0.125
0 0.48573825503355705 0.12202380952380952 0.06375838926174497 0.12202380952380952
0 0.6845637583892618 0.40476190476190477 0.06375838926174497 0.12202380952380952
0 0.9001677852348994 0.7485119047619048 0.08892617449664429 0.1636904761904762
0 0.709731543624161 0.5059523809523809 0.06879194630872483 0.12797619047619047