0 0.10151006711409397 0.7380952380952381 0.06879194630872483 0.125
0 0.7701342281879194 0.01488095238095238 0.06711409395973154 0.02976190476190476
0 0.4874161073825503 0.35267857142857145 0.0738255033557047 0.13988095238095238
0 0.09563758389261745 0.8258928571428571 0.07718120805369127 0.13690476190476192
0 0.5058724832214765 0.40476190476190477 0.05536912751677853 0.10119047619047619
0 0.23406040268456377 0.7455357142857143 0.08221476510067115 0.16071428571428573
0 0.4966442953020134 0.4538690476190476 0.05704697986577181 0.1130952380952381
0 0.10067114093959731 0.9434523809523809 0.07718120805369127 0.1130952380952381
0 0.5285234899328859 0.46875 0.06543624161073826 0.13095238095238096
0 0.5109060402684564 0.5357142857142857 0.05201342281879195 0.10416666666666667
0 0.33640939597315433 0.7648809523809523 0.06375838926174497 0.125
0 0.1174496644295302 0.4226190476190476 0.06711409395973154 0.125
0 0.33221476510067116 0.8050595238095238 0.05704697986577181 0.1130952380952381
0 0.25922818791946306 0.9300595238095238 0.0738255033557047 0.13690476190476192
0 0.535234899328859 0.6398809523809523 0.08389261744966443 0.15178571428571427
0 0.25922818791946306 0.9642857142857143 0.06543624161073826 0.07142857142857142
0 0.9563758389261745 0.16517857142857142 0.04697986577181208 0.08630952380952381
0 0.5268456375838926 0.7232142857142857 0.06375838926174497 0.12202380952380952
0 0.3053691275167785 0.21577380952380953 0.05704697986577181 0.11011904761904762
0 0.9723154362416108 0.21577380952380953 0.05536912751677853 0.12202380952380952
0 0.8137583892617449 0.41517857142857145 0.07046979865771812 0.13988095238095238
0 0.5276845637583892 0.8020833333333334 0.087248322147651 0.15476190476190477
0 0.313758389261745 0.25744047619047616 0.06879194630872483 0.13392857142857142
0 0.3070469798657718 0.30654761904761907 0.06375838926174497 0.12797619047619047
0 0.24496644295302014 0.41369047619047616 0.0436241610738255 0.08630952380952381
0 0.5201342281879194 0.09821428571428571 0.0587248322147651 0.11607142857142858
0 0.18624161073825504 0.5148809523809523 0.06711409395973154 0.13392857142857142
0 0.2709731543624161 0.43452380952380953 0.06040268456375839 0.12202380952380952
0 0.5075503355704698 0.15476190476190477 0.0587248322147651 0.125
0 0.09312080536912752 0.6666666666666666 0.07885906040268456 0.14583333333333334
0 0.5629194630872483 0.14434523809523808 0.07214765100671142 0.13690476190476192