0 0.20218120805369127 0.7008928571428571 0.025167785234899327 0.047619047619047616
0 0.5427852348993288 0.2261904761904762 0.04194630872483222 0.07142857142857142
0 0.20134228187919462 0.7395833333333334 0.031879194630872486 0.05654761904761905
0 0.14429530201342283 0.8467261904761905 0.03859060402684564 0.06547619047619048
0 0.2063758389261745 0.7633928571428571 0.03691275167785235 0.06547619047619048
0 0.28104026845637586 0.7559523809523809 0.031879194630872486 0.05952380952380952
0 0.24664429530201343 0.8720238095238095 0.03691275167785235 0.0625
0 0.32046979865771813 0.8452380952380952 0.03859060402684564 0.06845238095238096
0 0.3263422818791946 0.8854166666666666 0.028523489932885907 0.050595238095238096
0 0.4773489932885906 0.6636904761904762 0.0436241610738255 0.07738095238095238
0 0.37919463087248323 0.8883928571428571 0.04194630872483222 0.0744047619047619
0 0.7256711409395973 0.5 0.03859060402684564 0.06845238095238096
0 0.4790268456375839 0.96875 0.04530201342281879 0.0625
0 0.6996644295302014 0.7663690476190477 0.040268456375838924 0.06845238095238096
0 0.8104026845637584 0.6607142857142857 0.040268456375838924 0.07142857142857142