0 0.3263422818791946 0.08035714285714286 0.0587248322147651 0.1130952380952381
0 0.4773489932885906 0.25744047619047616 0.07550335570469799 0.14583333333333334
0 0.7206375838926175 0.5431547619047619 0.06040268456375839 0.12797619047619047
0 0.44966442953020136 0.27380952380952384 0.06711409395973154 0.14285714285714285
0 0.3028523489932886 0.12351190476190477 0.05704697986577181 0.11011904761904762
0 0.21895973154362416 0.08928571428571429 0.06208053691275168 0.12202380952380952
0 0.2785234899328859 0.20386904761904762 0.0738255033557047 0.14583333333333334
0 0.822986577181208 0.8392857142857143 0.09731543624161074 0.17857142857142858
0 0.7768456375838926 0.8943452380952381 0.07550335570469799 0.14583333333333334
0 0.28187919463087246 0.34226190476190477 0.06040268456375839 0.11011904761904762
0 0.7667785234899329 0.9553571428571429 0.0738255033557047 0.08928571428571429
0 0.7399328859060402 0.9866071428571429 0.06711409395973154 0.026785714285714284
0 0.5075503355704698 0.8095238095238095 0.06040268456375839 0.11607142857142858
0 0.5696308724832215 0.07589285714285714 0.05201342281879195 0.10714285714285714
0 0.4697986577181208 0.8452380952380952 0.07885906040268456 0.15773809523809523
0 0.537751677852349 0.9389880952380952 0.06543624161073826 0.12202380952380952
0 0.48406040268456374 0.8883928571428571 0.06711409395973154 0.13392857142857142
0 0.4278523489932886 0.8571428571428571 0.05201342281879195 0.10119047619047619
0 0.3296979865771812 0.7767857142857143 0.08221476510067115 0.15178571428571427
0 0.09983221476510067 0.5178571428571429 0.06543624161073826 0.12202380952380952
0 0.49077181208053694 0.9642857142857143 0.07214765100671142 0.07142857142857142
0 0.34395973154362414 0.8333333333333334 0.07718120805369127 0.1488095238095238
0 0.057885906040268456 0.5282738095238095 0.0738255033557047 0.12797619047619047
0 0.8028523489932886 0.36904761904761907 0.06711409395973154 0.13095238095238096
0 0.610738255033557 0.15029761904761904 0.06040268456375839 0.12202380952380952
0 0.5545302013422819 0.09077380952380952 0.05536912751677853 0.11011904761904762
0 0.7760067114093959 0.375 0.05201342281879195 0.10119047619047619
0 0.6963087248322147 0.31398809523809523 0.0738255033557047 0.15178571428571427
0 0.9253355704697986 0.5907738095238095 0.06040268456375839 0.12797619047619047
0 0.714765100671141 0.3869047619047619 0.04530201342281879 0.09226190476190477
0 0.738255033557047 0.4226190476190476 0.06711409395973154 0.13690476190476192