0 0.912751677852349 0.03273809523809524 0.04697986577181208 0.06547619047619048
0 0.9043624161073825 0.0625 0.05704697986577181 0.125
0 0.1417785234899329 0.5997023809523809 0.07214765100671142 0.15476190476190477
0 0.4001677852348993 0.43005952380952384 0.07885906040268456 0.14285714285714285
0 0.5083892617449665 0.3943452380952381 0.05704697986577181 0.11607142857142858
0 0.4798657718120805 0.4538690476190476 0.05536912751677853 0.1130952380952381
0 0.2105704697986577 0.6517857142857143 0.06375838926174497 0.14583333333333334
0 0.5302013422818792 0.4836309523809524 0.04865771812080537 0.11904761904761904
0 0.4949664429530201 0.5357142857142857 0.05201342281879195 0.11904761904761904
0 0.311241610738255 0.7127976190476191 0.05201342281879195 0.11607142857142858
0 0.8045302013422819 0.3586309523809524 0.0587248322147651 0.12797619047619047
0 0.3011744966442953 0.7291666666666666 0.04530201342281879 0.10119047619047619
0 0.3104026845637584 0.7991071428571429 0.05201342281879195 0.10714285714285714
0 0.5788590604026845 0.6205357142857143 0.06208053691275168 0.11904761904761904
0 0.6786912751677853 0.5982142857142857 0.06711409395973154 0.15178571428571427
0 0.5671140939597316 0.7053571428571429 0.06208053691275168 0.13690476190476192
0 0.33640939597315433 0.8988095238095238 0.08389261744966443 0.14285714285714285
0 0.348993288590604 0.15922619047619047 0.04865771812080537 0.10416666666666667
0 0.9278523489932886 0.5833333333333334 0.0587248322147651 0.15476190476190477
0 0.3464765100671141 0.18452380952380953 0.05201342281879195 0.09821428571428571
0 0.401006711409396 0.16517857142857142 0.06208053691275168 0.13988095238095238
0 0.1669463087248322 0.3854166666666667 0.026845637583892617 0.06547619047619048
0 0.5604026845637584 0.1324404761904762 0.06711409395973154 0.13988095238095238
0 0.19211409395973153 0.41517857142857145 0.06375838926174497 0.13690476190476192
0 0.015939597315436243 0.5714285714285714 0.031879194630872486 0.13690476190476192
0 0.10067114093959731 0.5267857142857143 0.05201342281879195 0.11011904761904762
0 0.5218120805369127 0.23065476190476192 0.06208053691275168 0.16071428571428573
0 0.5620805369127517 0.20535714285714285 0.06543624161073826 0.15773809523809523