0 0.3341145833333333 0.6 0.06927083333333334 0.2351851851851852
0 0.35390625 0.836574074074074 0.08020833333333334 0.23148148148148148
0 0.41119791666666666 0.8916666666666667 0.09322916666666667 0.19074074074074074
0 0.24401041666666667 0.7134259259259259 0.07760416666666667 0.28888888888888886
0 0.00703125 0.6842592592592592 0.0140625 0.20555555555555555
0 0.215625 0.6680555555555555 0.0734375 0.26851851851851855
0 0.7328125 0.8652777777777778 0.08229166666666667 0.26944444444444443
0 0.6940104166666666 0.8439814814814814 0.0765625 0.2712962962962963
0 0.6151041666666667 0.7967592592592593 0.07552083333333333 0.25925925925925924
0 0.55390625 0.7685185185185185 0.0703125 0.25555555555555554
0 0.5104166666666666 0.7458333333333333 0.07864583333333333 0.2675925925925926
0 0.4861979166666667 0.6699074074074074 0.06510416666666667 0.23148148148148148
0 0.60625 0.6814814814814815 0.044270833333333336 0.12777777777777777
0 0.6638020833333333 0.7268518518518519 0.057291666666666664 0.21574074074074073
0 0.7044270833333334 0.6606481481481481 0.030208333333333334 0.0787037037037037
0 0.73828125 0.6157407407407407 0.03333333333333333 0.10462962962962963
0 0.7815104166666667 0.6606481481481481 0.0421875 0.08796296296296297
0 0.8078125 0.7032407407407407 0.033854166666666664 0.09074074074074075
0 0.78046875 0.8421296296296297 0.05520833333333333 0.22962962962962963
0 0.77109375 0.7245370370370371 0.029166666666666667 0.06574074074074074
0 0.7424479166666667 0.7060185185185185 0.036458333333333336 0.07314814814814814
0 0.5520833333333334 0.6208333333333333 0.03125 0.06296296296296296
0 0.5807291666666666 0.6319444444444444 0.03177083333333333 0.06574074074074074
0 0.5557291666666667 0.5814814814814815 0.027604166666666666 0.03981481481481482
0 0.91640625 0.8087962962962963 0.041666666666666664 0.10462962962962963
0 0.8796875 0.7898148148148149 0.050520833333333334 0.12129629629629629
0 0.8494791666666667 0.6587962962962963 0.03333333333333333 0.11851851851851852
0 0.67734375 0.5745370370370371 0.03697916666666667 0.11574074074074074
0 0.6973958333333333 0.5782407407407407 0.03229166666666667 0.11203703703703703
0 0.7450520833333333 0.5689814814814815 0.024479166666666666 0.04259259259259259
0 0.784375 0.5916666666666667 0.027083333333333334 0.07314814814814814
0 0.7658854166666667 0.5962962962962963 0.0296875 0.11296296296296296
0 0.8010416666666667 0.5518518518518518 0.016145833333333335 0.03981481481481482
0 0.8119791666666667 0.5796296296296296 0.023958333333333335 0.07962962962962963
0 0.8294270833333334 0.625462962962963 0.03177083333333333 0.11388888888888889
0 0.9080729166666667 0.649537037037037 0.024479166666666666 0.06296296296296296
0 0.8893229166666666 0.6416666666666667 0.024479166666666666 0.07037037037037037
0 0.86953125 0.5722222222222222 0.0203125 0.07222222222222222
0 0.8294270833333334 0.5833333333333334 0.013541666666666667 0.03425925925925926
0 0.8463541666666666 0.5402777777777777 0.013541666666666667 0.040740740740740744
0 0.9270833333333334 0.5953703703703703 0.017708333333333333 0.062037037037037036
0 0.9356770833333333 0.5981481481481481 0.0171875 0.06111111111111111
0 0.94296875 0.6342592592592593 0.020833333333333332 0.07222222222222222
0 0.8794270833333333 0.6023148148148149 0.019270833333333334 0.049074074074074076
0 0.9575520833333333 0.6611111111111111 0.019791666666666666 0.06851851851851852
0 0.9075520833333334 0.5791666666666667 0.016666666666666666 0.053703703703703705
0 0.853125 0.575462962962963 0.019270833333333334 0.046296296296296294
0 0.8552083333333333 0.524074074074074 0.0140625 0.041666666666666664