0 0.49270833333333336 0.8856481481481482 0.057291666666666664 0.22870370370370371
0 0.8138020833333334 0.7106481481481481 0.051041666666666666 0.2
0 0.11276041666666667 0.8657407407407407 0.049479166666666664 0.26666666666666666
0 0.36015625 0.8666666666666667 0.06041666666666667 0.2638888888888889
0 0.72109375 0.8398148148148148 0.075 0.3
0 0.061197916666666664 0.8805555555555555 0.04739583333333333 0.23703703703703705
0 0.37421875 0.6199074074074075 0.04114583333333333 0.1287037037037037
0 0.32083333333333336 0.8050925925925926 0.041666666666666664 0.19814814814814816
0 0.41744791666666664 0.9449074074074074 0.0515625 0.11018518518518519
0 0.5643229166666667 0.8601851851851852 0.0546875 0.2796296296296296
0 0.6283854166666667 0.8972222222222223 0.04583333333333333 0.20555555555555555
0 0.47630208333333335 0.6722222222222223 0.04010416666666667 0.19074074074074074
0 0.5190104166666667 0.712037037037037 0.04114583333333333 0.2175925925925926
0 0.57265625 0.6430555555555556 0.040625 0.15092592592592594
0 0.4984375 0.5861111111111111 0.026041666666666668 0.09166666666666666
0 0.9015625 0.8578703703703704 0.04375 0.17037037037037037
0 0.9544270833333334 0.9356481481481481 0.042708333333333334 0.10462962962962963
0 0.865625 0.8495370370370371 0.05677083333333333 0.26851851851851855
0 0.9223958333333333 0.7310185185185185 0.023958333333333335 0.07592592592592592
0 0.8984375 0.7328703703703704 0.019791666666666666 0.07685185185185185
0 0.7424479166666667 0.6310185185185185 0.03125 0.12129629629629629
0 0.7041666666666667 0.6583333333333333 0.030208333333333334 0.14907407407407408
0 0.6653645833333334 0.5509259259259259 0.0265625 0.13703703703703704
0 0.6934895833333333 0.5356481481481481 0.0265625 0.07685185185185185
0 0.7171875 0.5273148148148148 0.024479166666666666 0.08611111111111111
0 0.73125 0.4888888888888889 0.011979166666666667 0.10648148148148148
0 0.74609375 0.500462962962963 0.020833333333333332 0.11388888888888889
0 0.7822916666666667 0.49398148148148147 0.020833333333333332 0.11481481481481481
0 0.80703125 0.5171296296296296 0.022395833333333334 0.1175925925925926
0 0.8510416666666667 0.5458333333333333 0.019270833333333334 0.13703703703703704
0 0.7265625 0.5912037037037037 0.018229166666666668 0.04722222222222222
0 0.875 0.4652777777777778 0.0010416666666666667 0.001851851851851852
0 0.8393229166666667 0.4703703703703704 0.0203125 0.06851851851851852
0 0.8674479166666667 0.4810185185185185 0.0109375 0.049074074074074076
0 0.8716145833333333 0.43796296296296294 0.015104166666666667 0.04537037037037037
0 0.8760416666666667 0.3921296296296296 0.011458333333333333 0.040740740740740744
0 0.8875 0.3902777777777778 0.008854166666666666 0.037037037037037035
0 0.9223958333333333 0.46944444444444444 0.014583333333333334 0.05092592592592592
0 0.8309895833333333 0.4125 0.010416666666666666 0.06666666666666667
0 0.82421875 0.39814814814814814 0.008333333333333333 0.049074074074074076
0 0.8494791666666667 0.3972222222222222 0.009375 0.021296296296296296
0 0.84765625 0.425 0.011458333333333333 0.03611111111111111
0 0.8653645833333333 0.39351851851851855 0.0078125 0.027777777777777776
0 0.8625 0.4273148148148148 0.009895833333333333 0.03981481481481482
0 0.8979166666666667 0.4726851851851852 0.015625 0.06481481481481481
0 0.89296875 0.4310185185185185 0.010416666666666666 0.03333333333333333
0 0.3736979166666667 0.6893518518518519 0.04739583333333333 0.09814814814814815
0 0.44635416666666666 0.8231481481481482 0.04635416666666667 0.14722222222222223