0 0.38515625 0.8273148148148148 0.1140625 0.2490740740740741
0 0.7122395833333334 0.9259259259259259 0.10052083333333334 0.14814814814814814
0 0.06171875 0.4726851851851852 0.11770833333333333 0.275
0 0.27578125 0.6930555555555555 0.1265625 0.2824074074074074
0 0.5955729166666667 0.913425925925926 0.14947916666666666 0.17314814814814813
0 0.03333333333333333 0.4393518518518518 0.06666666666666667 0.24722222222222223
0 0.3572916666666667 0.49212962962962964 0.071875 0.14814814814814814
0 0.2591145833333333 0.6050925925925926 0.09166666666666666 0.20833333333333334
0 0.3033854166666667 0.812037037037037 0.07552083333333333 0.14166666666666666
0 0.45416666666666666 0.861574074074074 0.12604166666666666 0.27685185185185185
0 0.49921875 0.924537037037037 0.09739583333333333 0.15092592592592594
0 0.4309895833333333 0.6282407407407408 0.08854166666666667 0.20092592592592592
0 0.45677083333333335 0.700462962962963 0.096875 0.225
0 0.52265625 0.6884259259259259 0.07760416666666667 0.16666666666666666
0 0.4744791666666667 0.5731481481481482 0.0484375 0.10277777777777777
0 0.6731770833333334 0.8291666666666667 0.0609375 0.13240740740740742
0 0.6322916666666667 0.8185185185185185 0.06822916666666666 0.15555555555555556
0 0.62890625 0.6912037037037037 0.06145833333333333 0.1425925925925926
0 0.6575520833333334 0.7027777777777777 0.04479166666666667 0.08981481481481482
0 0.68046875 0.7166666666666667 0.0453125 0.0962962962962963
0 0.7033854166666667 0.6958333333333333 0.04010416666666667 0.10277777777777777
0 0.7130208333333333 0.7189814814814814 0.05 0.1175925925925926
0 0.74609375 0.7458333333333333 0.050520833333333334 0.1175925925925926
0 0.7611979166666667 0.787962962962963 0.05260416666666667 0.12129629629629629
0 0.7911458333333333 0.8518518518518519 0.05520833333333333 0.1361111111111111
0 0.6705729166666666 0.7805555555555556 0.029166666666666667 0.05740740740740741
0 0.8346354166666666 0.8032407407407407 0.0015625 0.002777777777777778
0 0.8020833333333334 0.7759259259259259 0.03697916666666667 0.07777777777777778
0 0.8234375 0.8101851851851852 0.0234375 0.05185185185185185
0 0.8393229166666667 0.7763888888888889 0.026041666666666668 0.05277777777777778
0 0.8559895833333333 0.7407407407407407 0.021354166666666667 0.04537037037037037
0 0.86640625 0.749537037037037 0.018229166666666668 0.03981481481481482
0 0.8744791666666667 0.8490740740740741 0.027083333333333334 0.05740740740740741
0 0.8111979166666666 0.7185185185185186 0.027604166666666666 0.06666666666666667
0 0.809375 0.7 0.020833333333333332 0.05
0 0.8315104166666667 0.7217592592592592 0.0140625 0.026851851851851852
0 0.8221354166666667 0.7439814814814815 0.0203125 0.041666666666666664
0 0.8463541666666666 0.7324074074074074 0.014583333333333334 0.030555555555555555
0 0.834375 0.7592592592592593 0.019791666666666666 0.04351851851851852
0 0.85234375 0.8300925925925926 0.03177083333333333 0.07037037037037037
0 0.8596354166666667 0.7893518518518519 0.018229166666666668 0.03796296296296296
0 0.3372395833333333 0.5518518518518518 0.06875 0.12685185185185185
0 0.36276041666666664 0.7319444444444444 0.08177083333333333 0.1685185185185185