0 0.16432291666666668 0.9222222222222223 0.08854166666666667 0.1527777777777778
0 0.746875 0.9032407407407408 0.07708333333333334 0.18981481481481483
0 0.51015625 0.8157407407407408 0.0671875 0.2814814814814815
0 0.44765625 0.6472222222222223 0.03958333333333333 0.21203703703703702
0 0.64140625 0.8212962962962963 0.09427083333333333 0.31666666666666665
0 0.540625 0.8458333333333333 0.08125 0.2824074074074074
0 0.8447916666666667 0.6615740740740741 0.034375 0.19722222222222222
0 0.05963541666666667 0.8805555555555555 0.0640625 0.2388888888888889
0 0.8830729166666667 0.6574074074074074 0.04010416666666667 0.19166666666666668
0 0.7875 0.7175925925925926 0.0359375 0.20925925925925926
0 0.7390625 0.7125 0.05 0.21296296296296297
0 0.6830729166666667 0.6703703703703704 0.034375 0.13703703703703704
0 0.8018229166666667 0.6152777777777778 0.021875 0.06296296296296296
0 0.79453125 0.55 0.023958333333333335 0.06851851851851852
0 0.8190104166666666 0.5574074074074075 0.021354166666666667 0.14537037037037037
0 0.8643229166666667 0.5212962962962963 0.014583333333333334 0.1037037037037037
0 0.84921875 0.5097222222222222 0.018229166666666668 0.11851851851851852
0 0.7471354166666667 0.5527777777777778 0.025520833333333333 0.058333333333333334
0 0.7729166666666667 0.5541666666666667 0.021354166666666667 0.11574074074074074
0 0.6739583333333333 0.5324074074074074 0.0234375 0.08703703703703704
0 0.6502604166666667 0.5444444444444444 0.023958333333333335 0.1398148148148148
0 0.6111979166666667 0.6833333333333333 0.034895833333333334 0.21944444444444444
0 0.5604166666666667 0.6189814814814815 0.034375 0.13333333333333333
0 0.5791666666666667 0.5564814814814815 0 0
0 0.58515625 0.6504629629629629 0.023958333333333335 0.16203703703703703
0 0.5171875 0.6013888888888889 0.027604166666666666 0.13240740740740742
0 0.48098958333333336 0.575925925925926 0.025520833333333333 0.16203703703703703
0 0.7450520833333333 0.4888888888888889 0.024479166666666666 0.06574074074074074
0 0.7940104166666667 0.44814814814814813 0.0140625 0.07685185185185185
0 0.7794270833333333 0.4532407407407407 0.013541666666666667 0.08425925925925926
0 0.8127604166666667 0.46944444444444444 0.014583333333333334 0.03518518518518519
0 0.8278645833333333 0.46574074074074073 0.013541666666666667 0.03981481481481482
0 0.9192708333333334 0.4310185185185185 0.013541666666666667 0.07685185185185185
0 0.9328125 0.41944444444444445 0.008854166666666666 0.04259259259259259
0 0.9377604166666667 0.4564814814814815 0.016145833333333335 0.05462962962962963
0 0.9669270833333333 0.5115740740740741 0.0140625 0.07037037037037037
0 0.8877604166666667 0.44305555555555554 0.0125 0.046296296296296294
0 0.8989583333333333 0.4449074074074074 0.009895833333333333 0.06481481481481481
0 0.875 0.4476851851851852 0.0125 0.053703703703703705
0 0.8677083333333333 0.4263888888888889 0.011979166666666667 0.05277777777777778
0 0.8518229166666667 0.43842592592592594 0.011979166666666667 0.02962962962962963
0 0.8419270833333333 0.4337962962962963 0.0109375 0.03518518518518519
0 0.846875 0.41574074074074074 0.009895833333333333 0.022222222222222223