0 0.35260416666666666 0.6685185185185185 0.03958333333333333 0.225
0 0.4041666666666667 0.8893518518518518 0.05260416666666667 0.21481481481481482
0 0.4671875 0.9180555555555555 0.07291666666666667 0.1638888888888889
0 0.28072916666666664 0.8171296296296297 0.040625 0.2796296296296296
0 0.021614583333333333 0.9023148148148148 0.04114583333333333 0.1935185185185185
0 0.246875 0.7851851851851852 0.0390625 0.25925925925925924
0 0.7763020833333333 0.7601851851851852 0.04739583333333333 0.26851851851851855
0 0.73515625 0.750462962962963 0.0421875 0.2611111111111111
0 0.6520833333333333 0.7384259259259259 0.043229166666666666 0.24814814814814815
0 0.5888020833333333 0.7375 0.03802083333333333 0.2462962962962963
0 0.5434895833333333 0.7342592592592593 0.0453125 0.25555555555555554
0 0.5096354166666667 0.6708333333333333 0.0359375 0.2222222222222222
0 0.6278645833333333 0.6305555555555555 0.029166666666666667 0.11851851851851852
0 0.68984375 0.649537037037037 0.0296875 0.20925925925925926
0 0.7203125 0.5680555555555555 0.020833333333333332 0.07222222222222222
0 0.746875 0.5097222222222222 0.0203125 0.09907407407407408
0 0.7950520833333333 0.5347222222222222 0.0328125 0.07592592592592592
0 0.8263020833333333 0.5648148148148148 0.0234375 0.08333333333333333
0 0.81875 0.7111111111111111 0.025520833333333333 0.225
0 0.7934895833333333 0.6013888888888889 0.021875 0.058333333333333334
0 0.76328125 0.5958333333333333 0.028645833333333332 0.06296296296296296
0 0.5669270833333333 0.5949074074074074 0.024479166666666666 0.053703703703703705
0 0.5963541666666666 0.5930555555555556 0.025 0.05648148148148148
0 0.5651041666666666 0.5550925925925926 0.023958333333333335 0.030555555555555555
0 0.94609375 0.6203703703703703 0.0296875 0.09444444444444444
0 0.9078125 0.6180555555555556 0.03697916666666667 0.10833333333333334
0 0.8606770833333334 0.5037037037037037 0.018229166666666668 0.11388888888888889
0 0.6822916666666666 0.49583333333333335 0.022916666666666665 0.10925925925925926
0 0.7020833333333333 0.4912037037037037 0.018229166666666668 0.10740740740740741
0 0.7471354166666667 0.4615740740740741 0.0203125 0.03518518518518519
0 0.78828125 0.4666666666666667 0.01875 0.06666666666666667
0 0.77109375 0.4791666666666667 0.015104166666666667 0.11018518518518519
0 0.79921875 0.42083333333333334 0.011458333333333333 0.03611111111111111
0 0.8135416666666667 0.44305555555555554 0.0140625 0.07592592592592592
0 0.83671875 0.48009259259259257 0.0171875 0.11018518518518519
0 0.91640625 0.46944444444444444 0.0171875 0.05740740740740741
0 0.8971354166666666 0.4699074074074074 0.016145833333333335 0.06574074074074074
0 0.8684895833333334 0.4111111111111111 0.011458333333333333 0.06944444444444445
0 0.8309895833333333 0.4393518518518518 0.009375 0.03148148148148148
0 0.8416666666666667 0.3902777777777778 0.008854166666666666 0.03796296296296296
0 0.92734375 0.40879629629629627 0.009895833333333333 0.05925925925925926
0 0.9361979166666666 0.4078703703703704 0.009375 0.05925925925925926
0 0.9481770833333333 0.4398148148148148 0.011979166666666667 0.06944444444444445
0 0.88203125 0.4361111111111111 0.013541666666666667 0.044444444444444446
0 0.9658854166666667 0.4597222222222222 0.0109375 0.06574074074074074
0 0.90625 0.4013888888888889 0.009895833333333333 0.05092592592592592
0 0.8528645833333334 0.4212962962962963 0.0140625 0.041666666666666664
0 0.8479166666666667 0.37037037037037035 0.008854166666666666 0.03888888888888889